# M(M_sol)  R(km)   nb_c(fm^-3)   Alpha_C(MeV^-1)     cs2_c   mu_c(MeV)cs2_mubm1_Vavgcs2_mu_cs2prime_VavgNS_cs2_vAvg
1.023735911233381590e-01 2.000000000000000000e+01 1.449732068154136744e-01 3.436184634555575733e-03 4.808218755885902695e-02 9.769817672901100423e+02 2.579232362333616047e-05 4.317086263321517237e+00 2.507381690878297126e-02
1.072756581490595940e-01 2.000000000000000000e+01 1.469963540164570259e-01 3.379605891183570451e-03 5.034272247079444457e-02 9.776485365977376887e+02 2.716482841873489585e-05 4.245384640364662232e+00 2.641813648739961551e-02
1.126048084510884034e-01 2.000000000000000000e+01 1.490516207421623274e-01 3.324762070413088758e-03 5.270663669294305825e-02 9.783492174334701303e+02 2.858939208963361180e-05 4.177712788703755287e+00 2.781466001157271301e-02
1.183760414946665868e-01 2.000000000000000000e+01 1.511412735462346890e-01 3.282019818912860869e-03 5.509884403061966057e-02 9.790845612223885155e+02 3.006631800634643469e-05 4.114242298273870446e+00 2.926385545245723321e-02
1.246043445526414245e-01 1.988999242404143430e+01 1.532671317314731330e-01 3.239095831847207431e-03 5.763595302417491573e-02 9.798570003053976052e+02 3.159750101678895164e-05 4.052330124224745589e+00 3.076774354506114570e-02
1.313050152240011204e-01 1.868622267254211167e+01 1.554331594174540865e-01 3.223572711206509987e-03 6.021984923909443760e-02 9.806678862790037101e+02 3.318893140738797846e-05 3.991526154916336111e+00 3.233238028246220030e-02
1.384941134479223401e-01 1.767075474782268429e+01 1.576375900038378963e-01 3.207043910016234810e-03 6.297114569689155061e-02 9.815192241960802448e+02 3.484188871344614423e-05 3.930978802942418859e+00 3.395923976257227833e-02
1.461897065359260284e-01 1.683689740949736802e+01 1.598787990501464584e-01 3.158023357535930803e-03 6.581318862829085847e-02 9.824132447111619513e+02 3.655861088552850757e-05 3.870334830348761024e+00 3.565077425947006662e-02
1.544110112841592941e-01 1.611858543160028034e+01 1.621600740813683994e-01 3.102851065087996844e-03 6.883106900659868854e-02 9.833514406113018822e+02 3.834231515297515470e-05 3.809767951126945107e+00 3.741039546348916972e-02
1.631782183335732661e-01 1.551702235493257120e+01 1.644830173687707175e-01 3.050310945247224331e-03 7.179350461525153826e-02 9.843368502038845236e+02 4.019737438409061149e-05 3.749345358617322876e+00 3.924268565312793305e-02
1.725123519165128738e-01 1.499072510277439285e+01 1.668503933289511298e-01 2.996295091240045415e-03 7.486990102292841176e-02 9.853706220331296208e+02 4.212448077139434663e-05 3.689366959104757537e+00 4.114865019349454867e-02
1.824348572404124458e-01 1.455061592010611982e+01 1.692671572356881926e-01 2.978421968642918239e-03 7.809522650873539085e-02 9.864564102592701147e+02 4.412685118018714226e-05 3.630210659659117489e+00 4.313181055502938316e-02
1.929672059984002264e-01 1.416948506099778093e+01 1.717348412443886196e-01 2.982251693972103306e-03 8.150045583155698936e-02 9.875951954381581572e+02 4.620818489613056024e-05 3.572878825073218856e+00 4.519618760666080370e-02
2.041329993928557018e-01 1.384182778266525382e+01 1.742448046003518825e-01 2.963454105554886794e-03 8.506462977712866969e-02 9.887911626666493703e+02 4.837003809604382921e-05 3.518376884884433231e+00 4.734372881522867782e-02
2.159575683666917212e-01 1.355935228485489219e+01 1.768003359112406137e-01 2.922989987201562220e-03 8.880458755533233994e-02 9.900453426146453921e+02 5.061430051264854539e-05 3.466280361435400970e+00 4.957677568235305948e-02
2.284659053648620264e-01 1.331139672288326814e+01 1.794060928120622400e-01 2.885812405427620048e-03 9.262999764569609940e-02 9.913623317007832156e+02 5.294696379741191936e-05 3.415595599849159836e+00 5.190174227236002413e-02
2.416826363368389519e-01 1.310216269429889913e+01 1.820654415337008836e-01 2.853671950039870890e-03 9.650557472528187297e-02 9.927432854014513168e+02 5.537324275177582723e-05 3.366437129210850365e+00 5.432432549052663984e-02
2.556329984828377144e-01 1.292707354677446041e+01 1.847771072951354676e-01 2.832560894184802617e-03 1.006110021677809607e-01 9.941931170911884692e+02 5.789440890507914045e-05 3.319318504683330229e+00 5.684639027575015546e-02
2.703423558330142473e-01 1.277165081995820728e+01 1.875447783768637022e-01 2.831648201570240511e-03 1.049474801824012288e-01 9.957132015630398882e+02 6.051126996787468552e-05 3.274577764831137827e+00 5.946939125947910132e-02
2.858366470919037061e-01 1.264198666860774800e+01 1.903633814754044085e-01 2.825676757235277142e-03 1.094858749852731239e-01 9.973088056698205719e+02 6.322797805512000318e-05 3.231849113851412714e+00 6.219815004950823151e-02
3.021430167221549334e-01 1.253230498551650562e+01 1.932349269581829787e-01 2.809276389981031716e-03 1.141595650522356509e-01 9.989815968121697551e+02 6.605181884439530627e-05 3.191156625231134303e+00 6.504069908956006119e-02
3.192879154867472868e-01 1.244677329331663529e+01 1.961615653793490621e-01 2.795881951629906013e-03 1.190843885274857766e-01 1.000737234842379507e+03 6.898705725744154048e-05 3.152546037995082706e+00 6.800214106098857736e-02
3.372967768373022479e-01 1.236218395794085545e+01 1.991479842867802941e-01 2.790909594762426213e-03 1.242103201688425640e-01 1.002577630613512156e+03 7.203601858420578829e-05 3.116194478945002899e+00 7.108572943165598901e-02
3.561952387549541799e-01 1.230711171878533428e+01 2.021876518711146764e-01 2.783397597758527527e-03 1.296111023340695001e-01 1.004508884689828847e+03 7.520264162893915074e-05 3.081896068343659145e+00 7.429636811392943685e-02
3.760102018161541881e-01 1.225678237001877768e+01 2.052820818653946777e-01 2.770025929749971201e-03 1.352230920151539506e-01 1.006533206497945116e+03 7.849346962968500288e-05 3.049645146101406024e+00 7.764173107135229068e-02
3.967671712762624314e-01 1.221742394448160596e+01 2.084332510011537021e-01 2.756305607209186704e-03 1.411164651175008944e-01 1.008657273402509418e+03 8.191359378420571028e-05 3.019308833524030344e+00 8.112813324178652641e-02
4.184900185650758941e-01 1.219052826591009442e+01 2.116457809580270799e-01 2.742942638116153183e-03 1.471937597990336521e-01 1.010883490118044733e+03 8.546849302854419466e-05 2.991072730601556096e+00 8.476240682310684504e-02
4.412019109737655986e-01 1.217720713468039762e+01 2.149147400472856129e-01 2.733520129759742148e-03 1.535958364365409556e-01 1.013219181621414009e+03 8.916278939504118032e-05 2.965462801108847302e+00 8.855054838135718864e-02
4.649260576334301454e-01 1.216741019920147870e+01 2.182429152366215097e-01 2.734370821310532027e-03 1.602565594964517892e-01 1.015666968022658239e+03 9.300022195069511128e-05 2.942603281467290444e+00 9.249788118160673367e-02
4.896838563345807804e-01 1.216043954930232296e+01 2.216291764463155234e-01 2.734560475371125739e-03 1.672881121274033267e-01 1.018234986075054621e+03 9.698680338758090369e-05 2.921997454765796309e+00 9.661210609929746229e-02
5.154949647230380183e-01 1.216733125555093231e+01 2.250779936771393763e-01 2.733299385813146853e-03 1.746512227300694720e-01 1.020926000683264647e+03 1.011311841874510217e-04 2.903583594269052881e+00 1.009038345035288275e-01
5.423778018866884931e-01 1.217724173874173843e+01 2.285824067483579747e-01 2.724627222443285444e-03 1.823824348340066237e-01 1.023749094760546654e+03 1.054377498678024281e-04 2.887024211345937008e+00 1.053794365474296224e-01
5.703507390527207122e-01 1.219148550329417979e+01 2.321452815312403939e-01 2.702296371258476951e-03 1.904198833622800235e-01 1.026707207169421736e+03 1.099111630372512463e-04 2.871909995332984966e+00 1.100458156398200354e-01
5.994286396176874421e-01 1.221689820756176914e+01 2.357681482065823730e-01 2.683649485865181612e-03 1.987859212490960259e-01 1.029810455213316118e+03 1.145588647022668580e-04 2.857259562134823128e+00 1.149128869369737543e-01
6.296227813219826830e-01 1.223752203435012298e+01 2.394559375831397663e-01 2.671696240515321081e-03 2.073980730393152894e-01 1.033061933215063391e+03 1.193897877306858207e-04 2.843375529725447937e+00 1.199923934366902839e-01
6.609421151312597775e-01 1.226742340791899899e+01 2.432038482743669461e-01 2.658044859385615653e-03 2.164859178598303735e-01 1.036472843519594790e+03 1.244038622083761285e-04 2.831302831415307253e+00 1.252870549828375424e-01
6.933931156253839712e-01 1.229806375003360763e+01 2.470164018341783063e-01 2.642308886725108167e-03 2.260556583669838526e-01 1.040046473623598558e+03 1.296102259167833826e-04 2.821090338064057956e+00 1.308091793894956278e-01
7.269792957669278799e-01 1.233809671227027138e+01 2.508886237448131329e-01 2.619761532821415859e-03 2.359213641562250274e-01 1.043795260019891657e+03 1.350171456471551692e-04 2.812627426968503208e+00 1.365702822865342281e-01
7.617015031577486495e-01 1.237172237340634950e+01 2.548251206874547203e-01 2.589468631219434078e-03 2.460746359502912761e-01 1.047722800426259710e+03 1.406238443189719545e-04 2.805044813104366597e+00 1.425729942711006504e-01
7.975551109881309220e-01 1.241169906352723018e+01 2.588289042887641500e-01 2.561026000851710730e-03 2.566652360053245374e-01 1.051842709246187269e+03 1.464370468170965802e-04 2.796717604418290648e+00 1.488281617326367434e-01
8.345293639422038945e-01 1.245832020683477381e+01 2.629046729832602014e-01 2.534155016225639930e-03 2.677445385562727265e-01 1.056158930390941578e+03 1.524688856141775647e-04 2.788158912416534907e+00 1.553526063659040057e-01
8.726114054936645603e-01 1.249892580253783336e+01 2.670433653876794766e-01 2.493829638264287267e-03 2.791001782609811022e-01 1.060686295241145217e+03 1.587147465466781128e-04 2.780375366250201541e+00 1.621459373958064332e-01
9.117856866059537158e-01 1.254746505312503935e+01 2.712509324415958711e-01 2.442399449831207485e-03 2.908714563038347634e-01 1.065429419767386207e+03 1.651770843464258883e-04 2.772926092986726765e+00 1.692151382199611198e-01
9.520281126725788079e-01 1.258873920633188526e+01 2.755357962033239128e-01 2.396635111747653056e-03 3.028020315757100622e-01 1.070404162901572818e+03 1.718677508441042575e-04 2.765330022380372288e+00 1.765776110752495798e-01
9.933065303552761627e-01 1.263922916526821716e+01 2.799012153966181082e-01 2.353052808490875385e-03 3.151604318740680033e-01 1.075615933071556810e+03 1.787822874340404061e-04 2.756978474867258555e+00 1.842340660222777649e-01
1.035585963135918552e+00 1.268103131473252354e+01 2.843417364882783738e-01 2.295522847297126051e-03 3.278383111213254431e-01 1.081081472856233859e+03 1.859171928541431527e-04 2.747134440186113746e+00 1.921868143219581382e-01
1.078826802798394935e+00 1.272931744229962625e+01 2.888637789164177905e-01 2.229530598394370046e-03 3.411327211525017611e-01 1.086807476054955941e+03 1.932787495090108334e-04 2.735799666239717709e+00 2.004486342541755284e-01
1.122981373767500735e+00 1.277890560885001925e+01 2.934722212203787484e-01 2.153379589925081411e-03 3.539978766085359330e-01 1.092811242167572118e+03 2.008667459948909801e-04 2.722957533947494291e+00 2.090260917422514797e-01
1.167995193768267770e+00 1.282148808856970312e+01 2.981730680640233833e-01 2.070591065912162545e-03 3.673227345542118272e-01 1.099101242956247233e+03 2.086680813772446392e-04 2.707977872254414109e+00 2.179118117357285445e-01
1.213804667771963608e+00 1.286942978805915594e+01 3.029760189892404254e-01 2.004317917444552438e-03 3.805667741708176899e-01 1.105694580873002678e+03 2.166865319629602052e-04 2.690458017685823933e+00 2.271178769972122813e-01
1.260339335862547205e+00 1.291784095506613106e+01 3.078822794040571020e-01 1.937228758662339588e-03 3.945187839570430954e-01 1.112602272721736881e+03 2.249140354932209062e-04 2.670683845715006388e+00 2.366433956636124769e-01
1.307525163867304441e+00 1.295942711643610501e+01 3.128911867305259054e-01 1.855704285706161324e-03 4.079072564707414417e-01 1.119840532986512926e+03 2.333377248208166671e-04 2.648671116908000389e+00 2.464829305505976120e-01
1.355282714743380801e+00 1.300022917502149511e+01 3.180142192546647761e-01 1.769648038073950644e-03 4.219565022953581379e-01 1.127424193178231235e+03 2.419490013996292025e-04 2.624121109901634163e+00 2.566356253421723244e-01
1.403521412871759022e+00 1.304102446575465812e+01 3.232629219330988568e-01 1.689030127369398884e-03 4.353019117133620219e-01 1.135367361755242655e+03 2.507470477606333964e-04 2.596776455220073387e+00 2.671106072010131505e-01
1.452145997458770932e+00 1.308078903312441810e+01 3.286396832794157286e-01 1.605916022091377973e-03 4.491379573655153723e-01 1.143689142230914285e+03 2.597121739810808404e-04 2.566055814530008305e+00 2.778958963013972716e-01
1.501057258505971159e+00 1.311981384368494119e+01 3.341487673188017760e-01 1.526398917488919465e-03 4.626385868569863891e-01 1.152401821577980400e+03 2.688275852729153301e-04 2.531758513124959364e+00 2.889836223656738756e-01
1.550150937431031162e+00 1.315871262257681451e+01 3.398033125043991576e-01 1.444511899673993826e-03 4.762335031262033280e-01 1.161528380214836943e+03 2.780796720611407660e-04 2.493831794157847170e+00 3.003701751533277564e-01
1.599316046200547126e+00 1.318983632207041801e+01 3.456107140384022669e-01 1.361394345594133535e-03 4.895661041624174703e-01 1.171080207544916675e+03 2.874562527153280548e-04 2.452413105356729517e+00 3.120543180403448358e-01
1.648438996299776749e+00 1.321996808857005234e+01 3.515786938897950131e-01 1.278013430597694806e-03 5.026399807207826420e-01 1.181082403437719222e+03 2.969347455019832253e-04 2.408018831439007190e+00 3.240232136433266463e-01
1.697404052949043063e+00 1.325005991067979672e+01 3.577151116699892608e-01 1.192482735793804057e-03 5.158480827092157828e-01 1.191547985575061830e+03 3.064901017708138099e-04 2.360267973594935675e+00 3.362608496709512118e-01
1.746091165698521630e+00 1.327681572775629526e+01 3.640349437205033234e-01 1.108737256984880688e-03 5.280642238060362370e-01 1.202501098798991961e+03 3.161114037532806965e-04 2.308644899885458734e+00 3.487694187907928178e-01
1.794379173418374940e+00 1.329995775419657100e+01 3.705477233307942209e-01 1.024623106767801745e-03 5.404982229186308107e-01 1.213959807385996555e+03 3.257619575811334604e-04 2.253052186647502619e+00 3.615219872758069775e-01
1.842144573714166844e+00 1.331971093052994526e+01 3.772652311418914772e-01 9.605126686715577487e-04 5.520035637460721789e-01 1.225943378249958641e+03 3.354164188508237097e-04 2.193512609008766656e+00 3.745064358884413469e-01
1.889265305593422539e+00 1.333154458174730017e+01 3.842003145380251672e-01 8.963386221717382788e-04 5.636214261927390279e-01 1.238476985603341973e+03 3.450506072594576828e-04 2.130660655257851754e+00 3.877102488423139204e-01
1.935619754673894688e+00 1.334956935797954714e+01 3.913624643865195041e-01 8.332350718436479882e-04 5.751829710946171348e-01 1.251577122258607687e+03 3.546203494765248570e-04 2.064463836752860271e+00 4.010990644998347343e-01
1.981090535840279276e+00 1.335964674645302530e+01 3.987587975357553827e-01 7.612488908191950617e-04 5.858447922923598616e-01 1.265271068826565170e+03 3.640907802370472990e-04 1.994565329781497809e+00 4.146514937946723101e-01
2.025564807398275935e+00 1.336165806840341830e+01 4.064078860389301884e-01 6.900069207603146256e-04 5.963846277744428992e-01 1.279579417927447139e+03 3.734355117058349091e-04 1.921598550771828284e+00 4.283570415199189352e-01
2.068928278647528707e+00 1.336919499240353382e+01 4.143313248664082238e-01 6.441022235659903941e-04 6.058928784240755760e-01 1.294523804781001445e+03 3.825995820352172914e-04 1.845949298724965937e+00 4.421696494649029474e-01
2.111072908889203514e+00 1.336892942443803278e+01 4.225358387333955079e-01 5.988926645564690565e-04 6.155957660511990337e-01 1.310131986677148461e+03 3.915402820174018446e-04 1.767232556588789860e+00 4.560569950445120257e-01
2.151898312582491091e+00 1.336159265084758552e+01 4.310320785358033868e-01 5.518860628223341619e-04 6.254805173824741216e-01 1.326424983871434279e+03 4.002083970060141510e-04 1.686287105033901224e+00 4.699840110743312427e-01
2.191312207660196076e+00 1.335857066941904669e+01 4.398293807475552319e-01 4.868976479745302849e-04 6.339204726131423273e-01 1.343428161454976816e+03 4.085343194229214378e-04 1.604052077338302462e+00 4.838868236382075638e-01
2.229227742320747829e+00 1.334821748333295588e+01 4.489620811609993933e-01 4.380974042367444233e-04 6.419155860015026693e-01 1.361169313977963611e+03 4.165030213268014155e-04 1.521252703367291570e+00 4.977656400991856134e-01
2.265561060786247971e+00 1.333061598584481189e+01 4.584443567711551371e-01 4.021425239695279488e-04 6.496086211284459733e-01 1.379671399727973494e+03 4.240413733185965234e-04 1.437540625924768944e+00 5.115472553944886425e-01
2.300239270874508080e+00 1.331758673773330237e+01 4.682833578630018478e-01 3.695315933326802252e-04 6.571964134823706782e-01 1.398960359975163783e+03 4.310833743168235419e-04 1.352809232124248862e+00 5.251711713359030753e-01
2.333198804915199265e+00 1.329194459681346352e+01 4.785007483230949155e-01 3.349798279450309541e-04 6.641160170549987862e-01 1.419065366083784056e+03 4.375828530189288207e-04 1.268760627944273356e+00 5.385947123345778964e-01
2.364384184356561835e+00 1.326816691716343044e+01 4.891155542233981968e-01 3.019780243446690770e-04 6.707153673186895260e-01 1.440011796814296304e+03 4.434925584804256171e-04 1.185721920730511636e+00 5.517646972573139186e-01
2.393747760059254492e+00 1.323960503980669046e+01 5.001475082308461939e-01 2.761695250764637454e-04 6.771784683701080887e-01 1.461825858643243009e+03 4.487606945690439690e-04 1.103951123003114487e+00 5.646313374528861839e-01
2.421252159337771825e+00 1.320812745678507838e+01 5.116072439315264564e-01 2.437469187020879086e-04 6.829571254829798210e-01 1.484537403145852295e+03 4.533334980194076054e-04 1.023832272783131936e+00 5.771236734823909087e-01
2.446868938847880148e+00 1.317741840219951044e+01 5.235256637752565556e-01 2.165328873955859614e-04 6.882771613141759337e-01 1.508174733861221739e+03 4.571880966333872467e-04 9.459447054397089882e-01 5.892142625919075671e-01
2.470576393080035960e+00 1.313227705731892847e+01 5.359232242555990178e-01 1.935844375278538809e-04 6.932692364598848078e-01 1.532765495221628044e+03 4.602931042027134261e-04 8.710889102350228841e-01 6.008585563081882963e-01
2.492362223767960572e+00 1.309719089296666361e+01 5.488170095225025635e-01 1.703735810670829623e-04 6.982196438273620132e-01 1.558338016951810459e+03 4.626219556964156427e-04 8.002987276236103176e-01 6.120042477548912618e-01
2.512222463730256816e+00 1.304869220323302059e+01 5.622315014286805024e-01 1.474367207133721227e-04 7.021184355181063763e-01 1.584922501552752919e+03 4.641865495260451150e-04 7.339749849780010660e-01 6.226468124339189503e-01
2.530160614047808565e+00 1.300237512051208455e+01 5.761996851109421058e-01 1.329687679183416454e-04 7.059355234065783913e-01 1.612548934580407149e+03 4.649952246184798515e-04 6.702925181510280828e-01 6.327769645519102371e-01
2.546186662762852659e+00 1.295188421657323374e+01 5.907356160235944786e-01 1.185509282937166571e-04 7.095779761810231401e-01 1.641246737739477794e+03 4.650244094880103115e-04 6.094313024328580353e-01 6.423364236457862475e-01
2.560319776527814284e+00 1.289940690320635142e+01 6.058638547583594658e-01 1.017168168780480737e-04 7.128925289282139754e-01 1.671045976495285004e+03 4.642940703192045848e-04 5.533646357406345473e-01 6.513264088310417588e-01
2.572584581582562535e+00 1.284752654721351917e+01 6.216191254229584962e-01 8.697221062082498690e-05 7.157421953550168192e-01 1.701977045239526660e+03 4.628514028092880041e-04 5.019381759549553790e-01 6.597613160489517181e-01
2.583012090042199116e+00 1.278733642024384132e+01 6.380203970566252769e-01 7.732197806600599362e-05 7.184013407846585597e-01 1.734070861688409423e+03 4.607271817019272897e-04 4.523210770186967267e-01 6.676485920152106512e-01
2.591639175686774710e+00 1.272772327415194127e+01 6.551026181222853184e-01 6.137684070455230972e-05 7.207699321354749111e-01 1.767359196170429186e+03 4.578866573130021102e-04 4.054286903350433624e-01 6.749140443604650930e-01
2.598507703389474344e+00 1.266734975995241008e+01 6.728883367911246971e-01 4.635640664365054352e-05 7.224989957123850726e-01 1.801873612157328353e+03 4.544244553044921725e-04 3.648476036290921320e-01 6.816313336892003694e-01
2.603664374377356872e+00 1.259960761731270473e+01 6.914281641797558331e-01 4.125044103578960804e-05 7.239314624639773266e-01 1.837645625078140256e+03 4.504110306711230929e-04 3.271031509495908596e-01 6.878550302146996254e-01
2.607158551459359597e+00 1.253721678730300759e+01 7.107394800674251556e-01 3.489321376352353749e-05 7.254736913313277746e-01 1.874706809825896244e+03 4.458409732962807293e-04 2.912759278785408967e-01 6.935380394633182677e-01
2.609045148059556674e+00 1.247003359115533527e+01 7.308505347699935095e-01 2.036542748998164168e-05 7.266139887477438553e-01 1.913089776397876221e+03 4.407728010452178699e-04 2.580724376353847327e-01 6.987148156074599603e-01
2.609381734407902886e+00 1.239779780862761527e+01 7.518132594905654331e-01 8.140161984307318547e-06 7.269954294199676426e-01 1.952827139391328501e+03 4.352380646284871959e-04 2.266455391758062377e-01 7.033904746915925488e-01
2.608227820961442234e+00 1.232728262892394433e+01 7.736703733611081102e-01 6.739193614798141058e-06 7.272580160926501724e-01 1.993951066035559961e+03 4.292576023107757990e-04 1.974538145252640875e-01 7.075590596971301771e-01
2.605645129916660085e+00 1.225729989041440327e+01 7.964501144874874816e-01 3.902787968258614098e-06 7.275647442457403580e-01 2.036494290057079297e+03 4.228982749286414326e-04 1.711184933225584626e-01 7.112595677953649220e-01
2.601698072706895903e+00 1.218801203269448230e+01 8.201888046471461635e-01 -7.364151160917121974e-06 7.276069782402995179e-01 2.080490107976488162e+03 4.161994364285462062e-04 1.465896493563631497e-01 7.145128685879873487e-01
2.596452104222694679e+00 1.211003820926766750e+01 8.449363991644682770e-01 -1.717803563540904268e-05 7.268760731555387045e-01 2.125972079835368731e+03 4.091912784175224822e-04 1.241750885885429256e-01 7.173245883101247999e-01
2.589974086494068573e+00 1.203245451488688822e+01 8.707589816149264861e-01 -1.901816327326370375e-05 7.260140220979565129e-01 2.172973065720083014e+03 4.019317453450955502e-04 1.032098914756312269e-01 7.197429200855239850e-01
2.582330942591152922e+00 1.196086686941918487e+01 8.976797984532934871e-01 -2.456333671281003722e-05 7.250546141505177511e-01 2.221526407711637148e+03 3.944289435017797412e-04 8.254910229640624597e-02 7.217412777817902025e-01
2.573590588417227210e+00 1.188885712805071648e+01 9.257701775940425648e-01 -3.042672396255507582e-05 7.235763031555205727e-01 2.271665494400663192e+03 3.867142231762545740e-04 6.331846065588658812e-02 7.233299849214108734e-01
