# M(M_sol)  R(km)   nb_c(fm^-3)   Alpha_C(MeV^-1)     cs2_c   mu_c(MeV)cs2_mubm1_Vavgcs2_mu_cs2prime_VavgNS_cs2_vAvg
1.564479282030371288e-01 2.000000000000000000e+01 1.234600725386267445e-01 2.218833819547211261e-03 3.391976150005612811e-02 9.732663028398377492e+02 2.313602570234644359e-05 1.784698767076045245e+00 2.239554681563762917e-02
1.625889374556526157e-01 2.000000000000000000e+01 1.263470938348582873e-01 2.262410344466620881e-03 3.569139792027405111e-02 9.740416402944958918e+02 2.414994369066302319e-05 1.819293310780132344e+00 2.339015421835397707e-02
1.690376457434454027e-01 2.000000000000000000e+01 1.292558125710590311e-01 2.308810017163077932e-03 3.757781153832326360e-02 9.748514099048996968e+02 2.521696920848313090e-05 1.854933812184808239e+00 2.443803528996560739e-02
1.758137829139168884e-01 2.000000000000000000e+01 1.321680534117513628e-01 2.357729688952652121e-03 3.958511150553994246e-02 9.757021562458533026e+02 2.633883980019392193e-05 1.891560690851387116e+00 2.554085928784166973e-02
1.829389115322296033e-01 2.000000000000000000e+01 1.351069581493714034e-01 2.384470843494738545e-03 4.165326265607905559e-02 9.765887666722753693e+02 2.752344167252920518e-05 1.929162499268755271e+00 2.670650079988067666e-02
1.904276636066347117e-01 2.000000000000000000e+01 1.380999754214041753e-01 2.412944449881960010e-03 4.385540100119235396e-02 9.775045565981249638e+02 2.877517982994130750e-05 1.967208851878890830e+00 2.793945339146354165e-02
1.982948767310396820e-01 2.000000000000000000e+01 1.411363375954256538e-01 2.443262746701133949e-03 4.620020703229609643e-02 9.784541237366944415e+02 3.009439559778193956e-05 2.005298839319016313e+00 2.924024153581456648e-02
2.065585138735041293e-01 2.000000000000000000e+01 1.442034902258051143e-01 2.475545244025676838e-03 4.869692361493097033e-02 9.794431109016715027e+02 3.148344107192337983e-05 2.043250853168305792e+00 3.061140073974745121e-02
2.152402133993134015e-01 2.000000000000000000e+01 1.472870005344261712e-01 2.509919194505970137e-03 5.135539242271964372e-02 9.804784049308597105e+02 3.294497448748338474e-05 2.080941913625355966e+00 3.205580879559255525e-02
2.243658707968556876e-01 2.000000000000000000e+01 1.503705020486604538e-01 2.546259751211007831e-03 5.418408816586847698e-02 9.815683749028112288e+02 3.448182256200682733e-05 2.118290305246282035e+00 3.357654981821663748e-02
2.339629662778587582e-01 2.000000000000000000e+01 1.534787393587985493e-01 2.556896597071127257e-03 5.698000534099158243e-02 9.827064569526957030e+02 3.610408019389646419e-05 2.155281868996167471e+00 3.518385166676421538e-02
2.440505317972318788e-01 2.000000000000000000e+01 1.566411176807491201e-01 2.568222561391250540e-03 5.995705874421810438e-02 9.838834198644283333e+02 3.781359908876343252e-05 2.191516474182926277e+00 3.687984792041516802e-02
2.546474015705015304e-01 1.497223053812664340e+01 1.598483236963696708e-01 2.580282289384645301e-03 6.312698346320498588e-02 9.851048398111803408e+02 3.960811600385720667e-05 2.226632867768291835e+00 3.866265600249442491e-02
2.657754134159602266e-01 1.475060832607045924e+01 1.630901500798537518e-01 2.593123318648376044e-03 6.650227485473785005e-02 9.863774790877910164e+02 4.149053200464747950e-05 2.260429214265557984e+00 4.053553432988938471e-02
2.774597045272234608e-01 1.454959923113636933e+01 1.663556938680223474e-01 2.606796266549216059e-03 7.009623779950992228e-02 9.877094843241494573e+02 4.346474066105993853e-05 2.292776790996707170e+00 4.250278559506277115e-02
2.897289256641453759e-01 1.435967532211744846e+01 1.696336631309145471e-01 2.621355029749539330e-03 7.392303914791990838e-02 9.891106138415061650e+02 4.553569465246385024e-05 2.323597348754927516e+00 4.456983203175768349e-02
3.026148020055078880e-01 1.419140970628237852e+01 1.729239320316451056e-01 2.626263331080463601e-03 7.772034936187563470e-02 9.905862256718605749e+02 4.771144577289093539e-05 2.352875230574343668e+00 4.674523426789447406e-02
3.161428199115344229e-01 1.403940466873852699e+01 1.762703796460876882e-01 2.622799774470082126e-03 8.153611274464461767e-02 9.921162120517151379e+02 5.000180074081618075e-05 2.380583780430490570e+00 4.903922145062288712e-02
3.303329193218701443e-01 1.390840602303954476e+01 1.796719885321183541e-01 2.619111827957949952e-03 8.559908408930883006e-02 9.937031908841406675e+02 5.239560905831914156e-05 2.406692673151045181e+00 5.144130271863399384e-02
3.452074219770866481e-01 1.377887491760531269e+01 1.831203721575981602e-01 2.615184954224869691e-03 8.992527900540535357e-02 9.953547641089309082e+02 5.489363432411244648e-05 2.431041872594111641e+00 5.395288629728007407e-02
3.607913831073119582e-01 1.366836641558686871e+01 1.866070030222657106e-01 2.611003674137202853e-03 9.453175068939563552e-02 9.970800347096961787e+02 5.749980565217615002e-05 2.453507048617411535e+00 5.657863078267401369e-02
3.771125242210722761e-01 1.356833957481257791e+01 1.901236722617677954e-01 2.606551505730502968e-03 9.943665714574875802e-02 9.988898279077288862e+02 6.021990458319956545e-05 2.474005197761474317e+00 5.932515737398363909e-02
3.942009405908485364e-01 1.347873767182397131e+01 1.936631277090698211e-01 2.601810899240141091e-03 1.046593327630088027e-01 1.000796931294020851e+03 6.306154960582853832e-05 2.492479990194038209e+00 6.220105556088655063e-02
4.120874876400409947e-01 1.340052763925337409e+01 1.972346071458145056e-01 2.585560670602767529e-03 1.096431367673058460e-01 1.002803213888106825e+03 6.603709347096361289e-05 2.508889847508655180e+00 6.521975112021075049e-02
4.307942098163827227e-01 1.333075852135229766e+01 2.008739695284719462e-01 2.563528902923808018e-03 1.147061643796979669e-01 1.004883913957396771e+03 6.915184781173165597e-05 2.523205233349928633e+00 6.838742796822717962e-02
4.503391107538410876e-01 1.326843375745727016e+01 2.045768450241052527e-01 2.540069785632590067e-03 1.200972051867055523e-01 1.007045256150175419e+03 7.238964419958498011e-05 2.535651845676423211e+00 7.168886146469695408e-02
4.707419731139702024e-01 1.321784342592402517e+01 2.083364715647123555e-01 2.515090846488787692e-03 1.258375098438807571e-01 1.009297114112968757e+03 7.575227849201721011e-05 2.546086156338707163e+00 7.512702600261231267e-02
4.920241251136687199e-01 1.316998781583896516e+01 2.121467153012798756e-01 2.488493622347564150e-03 1.319497057512749594e-01 1.011651175696729410e+03 7.924501767068288743e-05 2.554374140556258332e+00 7.870858000786404296e-02
5.142078413099113732e-01 1.313160687245495062e+01 2.160027764081049184e-01 2.460173271032965129e-03 1.384578862471775029e-01 1.014121169039538017e+03 8.287601810040688569e-05 2.560400930601546499e+00 8.244331127130806458e-02
5.373153425205617895e-01 1.309808964304020940e+01 2.199021378499541046e-01 2.430018158066149080e-03 1.453877055803579899e-01 1.016723088417054669e+03 8.665605780266332284e-05 2.564059183930204266e+00 8.634390311090558989e-02
5.613668906838081840e-01 1.307222394214890571e+01 2.238528302878530496e-01 2.407073814033835590e-03 1.517347492789930252e-01 1.019464453709814393e+03 9.059981709224754546e-05 2.565268409542383665e+00 9.042725254594176365e-02
5.863740212785524264e-01 1.305028418792497469e+01 2.278858861593614227e-01 2.389537583138231017e-03 1.577167978636734302e-01 1.022312365835182845e+03 9.470607136838430371e-05 2.564293821682400498e+00 9.469358514964247575e-02
6.123430084996240863e-01 1.303844759750845128e+01 2.319991644816024601e-01 2.370865250376717834e-03 1.640863993152992251e-01 1.025271925074408955e+03 9.894688637851425819e-05 2.561905313891586378e+00 9.911605150597244118e-02
6.392806106117584486e-01 1.302758714916008564e+01 2.361867077402832471e-01 2.350983212279007372e-03 1.708686616253136115e-01 1.028355657962771375e+03 1.033175113383688371e-04 2.558210953521169451e+00 1.036917400374816473e-01
6.671936695748182933e-01 1.301796203433732302e+01 2.404433878134290270e-01 2.329813096902015948e-03 1.780903194309366722e-01 1.031578312941325294e+03 1.078202027372852738e-04 2.553209834286126245e+00 1.084252405298440219e-01
6.960881897039089550e-01 1.301104414828121314e+01 2.447656833389036113e-01 2.307271454899693063e-03 1.857798393990026387e-01 1.034957117669401669e+03 1.124610195823213393e-04 2.546883499165008224e+00 1.133253718374406527e-01
7.259679237390107565e-01 1.301091801970167516e+01 2.491527205076092544e-01 2.283269430578505673e-03 1.939675324371919474e-01 1.038512026198494596e+03 1.172495071420627755e-04 2.539190079301467229e+00 1.184049450140269300e-01
7.568323359420948693e-01 1.301815385413254234e+01 2.536090152670522069e-01 2.238546382684958921e-03 2.024657210155126341e-01 1.042261461695673916e+03 1.221995747510880585e-04 2.530041478778835451e+00 1.236817136309886489e-01
7.886737743658370769e-01 1.301874484416945599e+01 2.581566404274528437e-01 2.150683298234947177e-03 2.110526429537874504e-01 1.046167666666971400e+03 1.273282776845714747e-04 2.518693674595051224e+00 1.291762621516144849e-01
8.214794015313061637e-01 1.302802927518001397e+01 2.627987898236975872e-01 2.057127917944265045e-03 2.201958770263261755e-01 1.050227084408467363e+03 1.326271048383973925e-04 2.504780600767513743e+00 1.348819791246562150e-01
8.552340956037438602e-01 1.303809284430220572e+01 2.675336531268845963e-01 1.957511460860815542e-03 2.299314644587221457e-01 1.054455860663858175e+03 1.380986291852214659e-04 2.487904191934013909e+00 1.408048570395998844e-01
8.899192472685947264e-01 1.304912453861921406e+01 2.723621439347433948e-01 1.851441254197917817e-03 2.402977814426105196e-01 1.058872577034946289e+03 1.437543479889354981e-04 2.467573403495016304e+00 1.469610931432811796e-01
9.255107223352143642e-01 1.306809170292287980e+01 2.772892650044040952e-01 1.738499185478439586e-03 2.513356904087268862e-01 1.063498369086820503e+03 1.496095739312014298e-04 2.443323933452704821e+00 1.533715874024471348e-01
9.619760841441007404e-01 1.307827816456550174e+01 2.823258885314509636e-01 1.618240054399577247e-03 2.630887011003383291e-01 1.068356950103829831e+03 1.556842360470739588e-04 2.414686815805926923e+00 1.600630029559434730e-01
9.992709422171075495e-01 1.309880209235742576e+01 2.874900824531269605e-01 1.484819343730515691e-03 2.744219067773814857e-01 1.073473910090775917e+03 1.620029572399838509e-04 2.381154874739963567e+00 1.670680232173340496e-01
1.037355344382391742e+00 1.310994769526818615e+01 2.927107121369982301e-01 1.297302433586992225e-03 2.764920922453416030e-01 1.078818675000102530e+03 1.684714846765368948e-04 2.341979228219068343e+00 1.742906492456653966e-01
1.076230279810253654e+00 1.312836993049910639e+01 2.979561979437156394e-01 1.097637057061406646e-03 2.786963967031192424e-01 1.084378191760253003e+03 1.749374424579771127e-04 2.296509265721126347e+00 1.815690132406830581e-01
1.115881070921010743e+00 1.314884650000576372e+01 3.032812649907383751e-01 8.850361638801449837e-04 2.810435091806143815e-01 1.090176853431735026e+03 1.813578004938378471e-04 2.244045794761810431e+00 1.888599877974080632e-01
1.156253967571870600e+00 1.316720729189196604e+01 3.087709819654027577e-01 6.586617139480187072e-04 2.835426816350253842e-01 1.096236379957367490e+03 1.877316152584437294e-04 2.183511277092760050e+00 1.961678233804710347e-01
1.197240895618561840e+00 1.318020579144626048e+01 3.145503925484737784e-01 4.176213739228134669e-04 2.862037654206445736e-01 1.102572603794090128e+03 1.940893594317454258e-04 2.113626562221748717e+00 2.035330097460658350e-01
1.238661333094543071e+00 1.319880815226144399e+01 3.207966418715727519e-01 1.609649997742054663e-04 2.890372501213849810e-01 1.109190885735097709e+03 2.004924961543879780e-04 2.032713759640530249e+00 2.110334687234575735e-01
1.280241962597766348e+00 1.321757374190308276e+01 3.277506621431078848e-01 -5.854401962013552034e-05 2.909555582513721483e-01 1.116080905351639558e+03 2.070296495303544280e-04 1.938440538207468755e+00 2.187828659858497837e-01
1.321634371648338080e+00 1.322758337824715191e+01 3.354867397808626861e-01 -1.972526648100203766e-05 2.874293560403907710e-01 1.123261487169176689e+03 2.136402948014727782e-04 1.831308368179221047e+00 2.267296916222922010e-01
1.362534559033491188e+00 1.323908979135462616e+01 3.439133445305322390e-01 2.160839753813362436e-05 2.836747053711681232e-01 1.130740059779429430e+03 2.201911896665760440e-04 1.713841522393604544e+00 2.347296491386434425e-01
1.402706976107644721e+00 1.324972123296801385e+01 3.529381555030562390e-01 6.561990339777102905e-05 2.796768059869547129e-01 1.138508857989478201e+03 2.265481336305754094e-04 1.586790563377998842e+00 2.426428624143904811e-01
1.441995302213042063e+00 1.325768424160896508e+01 3.624108870090014256e-01 1.124827377000028482e-04 2.754198987818957667e-01 1.146572241149075580e+03 2.325250842072272106e-04 1.450742452571682550e+00 2.502710693128910036e-01
1.480338423264144998e+00 1.326018772470090745e+01 3.721064072974961112e-01 1.659285778008649077e-04 2.715501109740970920e-01 1.154953409744584633e+03 2.378812902031423140e-04 1.306971311714070660e+00 2.573473522831508098e-01
1.517744650023082453e+00 1.325955442432587716e+01 3.820631348092994317e-01 2.854062422814687434e-04 2.791234985415137482e-01 1.163643441811648245e+03 2.425446123658993628e-04 1.155994155824028535e+00 2.638020268303065130e-01
1.554160607351368295e+00 1.324941721414186091e+01 3.924453376268957072e-01 4.126243840834974814e-04 2.871875354279206372e-01 1.172627949020494498e+03 2.465716308433910423e-04 1.004324410074921126e+00 2.697217750442658102e-01
1.589525470607282109e+00 1.324116749725339304e+01 4.032198743909665706e-01 5.480844775990406171e-04 2.957740088292170055e-01 1.181932197133461841e+03 2.498323070276877952e-04 8.563500682066143010e-01 2.749756340261262921e-01
1.623798804714326804e+00 1.322903826242016301e+01 4.143368431530862761e-01 6.923204857290312817e-04 3.049167653058705851e-01 1.191589586946383633e+03 2.521238610823277131e-04 7.157422653895674225e-01 2.793460744417120556e-01
1.656963368966754446e+00 1.321776188050747791e+01 4.257308800166590412e-01 7.996489573410104192e-04 3.137609822326536402e-01 1.201639505616717770e+03 2.531986998450429173e-04 5.875068727218650810e-01 2.825545609029057048e-01
1.689013829597000305e+00 1.319795182581580661e+01 4.374578118025128637e-01 7.718569869035187773e-04 3.204416902031935743e-01 1.212032551123020312e+03 2.530778587821994226e-04 4.753634466762822197e-01 2.846197447602604180e-01
1.719933017716456902e+00 1.317074511547679627e+01 4.495559523855808814e-01 7.422644864855965649e-04 3.275552143721571774e-01 1.222766884708208408e+03 2.528235397236475038e-04 3.876220950955914790e-01 2.867304791033616906e-01
1.749703655624750942e+00 1.314821922833972145e+01 4.620229354296779833e-01 7.107548069918615376e-04 3.351295951601770962e-01 1.233883247362633938e+03 2.525595724434263390e-04 3.363846673730695458e-01 2.889997979720214105e-01
1.778310289969034619e+00 1.311855338031542395e+01 4.748580039149958854e-01 6.772037421012244663e-04 3.431946896139552727e-01 1.245427995290697027e+03 2.523230083735688634e-04 3.335613019498418486e-01 2.914010850881072479e-01
1.805738308789358371e+00 1.308208204796611973e+01 4.880703889658939421e-01 6.545283044033648519e-04 3.510567099875449570e-01 1.257431690387212484e+03 2.521996032870804910e-04 3.832582217184223872e-01 2.939398549133047656e-01
1.831974359141532283e+00 1.304958224563191038e+01 5.017016917609696813e-01 6.429538543670800486e-04 3.587291464533400309e-01 1.269823238596058900e+03 2.525537131219088337e-04 4.613729480007105477e-01 2.969938961681341527e-01
1.857007996548144968e+00 1.300939902538443427e+01 5.157574262171359392e-01 6.306295422674269889e-04 3.668986492178591963e-01 1.282627922202240143e+03 2.538235082581008885e-04 5.356415992289695893e-01 3.011257206126993213e-01
1.880830918425533849e+00 1.296763704721869104e+01 5.302388874791987838e-01 6.175067875573976399e-04 3.755974212073083240e-01 1.295894877910127889e+03 2.559880300929967415e-04 6.058281238333040886e-01 3.063560218744546537e-01
1.903435847062249220e+00 1.291220193138261507e+01 5.451512346330429359e-01 6.035338623517432464e-04 3.848597516459562051e-01 1.309679152374597834e+03 2.590752571775729613e-04 6.723047131959367650e-01 3.127663076224982408e-01
1.924815734948504664e+00 1.287111158333232552e+01 5.605215156692197054e-01 5.878546497877897231e-04 3.926665100847483991e-01 1.323977016101867548e+03 2.631715288633388423e-04 7.356219733189545140e-01 3.205185193119134968e-01
1.944966559414277318e+00 1.282188387154182863e+01 5.763846202469513624e-01 5.710016883576356662e-04 4.005736873917433716e-01 1.338726975902781078e+03 2.675197791213335011e-04 7.885780795895943607e-01 3.287488016661405110e-01
1.963887775625725363e+00 1.276779746649119218e+01 5.927418544861257077e-01 5.530568913420099786e-04 4.089931389123944716e-01 1.353978681483775972e+03 2.716833589707994771e-04 8.261174455035619202e-01 3.369395856546857915e-01
1.981580675212702980e+00 1.270982624626719293e+01 6.095971482888774551e-01 5.339495231048853969e-04 4.179580528325473887e-01 1.369790382766342418e+03 2.756377079615568004e-04 8.464172204206695804e-01 3.450669002187913836e-01
1.998047299124964926e+00 1.265208096196667675e+01 6.269611561459523807e-01 5.151534180176324095e-04 4.270012482010906441e-01 1.386221912858401311e+03 2.793590895256086804e-04 8.472220096342636397e-01 3.531140567518167295e-01
2.013290798491262912e+00 1.259071899882302681e+01 6.448810818025467739e-01 5.009003069067487993e-04 4.347616350792132267e-01 1.403205084789872672e+03 2.828597308332305186e-04 8.299943327317625963e-01 3.611076413322636958e-01
2.027318325641956687e+00 1.252772677204902685e+01 6.633753719971278162e-01 4.857237940555217729e-04 4.430247862095224587e-01 1.420736170086880520e+03 2.862939246121089004e-04 8.117985720241934766e-01 3.692367473824843538e-01
2.040139650760906420e+00 1.246125903681650726e+01 6.824467482831849674e-01 4.695640559792793774e-04 4.518232736657108450e-01 1.438876959244103546e+03 2.896554457034962362e-04 7.950211484052717159e-01 3.774937772453997309e-01
2.051765914566041626e+00 1.239771034976073771e+01 7.021026083685297792e-01 4.523573934703981015e-04 4.611917797351150483e-01 1.457696012288892462e+03 2.929176592977417951e-04 7.800157110294595464e-01 3.858473817411418594e-01
2.062208826166683551e+00 1.232773154387052195e+01 7.223693108519876338e-01 4.372781026258073579e-04 4.695131111685804104e-01 1.477221278695769570e+03 2.960522866105430150e-04 7.671834237350856345e-01 3.942634172945572169e-01
2.071482482764909872e+00 1.225775178712095048e+01 7.432986444095724954e-01 4.230261206235036561e-04 4.774530318592999367e-01 1.497361566467179728e+03 2.990584295175976993e-04 7.551503092190388067e-01 4.027504354409116583e-01
2.079604317581324580e+00 1.218151407361124328e+01 7.648972580214721262e-01 4.078508100312599701e-04 4.859073480758075991e-01 1.518169453205687660e+03 3.019346831410876027e-04 7.424103748532757674e-01 4.113161251046983380e-01
2.086593361289889259e+00 1.210754344962666629e+01 7.871722945458313747e-01 3.916923521035246846e-04 4.949093854352295541e-01 1.539717896620858482e+03 3.046466390009608654e-04 7.289836377711944593e-01 4.199123551701905432e-01
2.092469359093966030e+00 1.203721122427315215e+01 8.101386180785749014e-01 3.752375786730738133e-04 5.041418052832757901e-01 1.562084416949635624e+03 3.071595512572783144e-04 7.148828360802492732e-01 4.284903764093426770e-01
2.097252749875516020e+00 1.195035341472335411e+01 8.338528922294778933e-01 3.626509518131509793e-04 5.116527892372916275e-01 1.585202171413512360e+03 3.094526463479520934e-04 7.002163395463703033e-01 4.370192983011244037e-01
2.100966835861102222e+00 1.187996731244460058e+01 8.583445919002103963e-01 3.492488880246106338e-04 5.196503796311838785e-01 1.609054735738794079e+03 3.116017166076629125e-04 6.853821072652022117e-01 4.456183646396753573e-01
2.103636863628275844e+00 1.179802796274374188e+01 8.836204685146850091e-01 3.349785584286788312e-04 5.281661017389750468e-01 1.633719946880445150e+03 3.135914582194618315e-04 6.705743298397792707e-01 4.542632716802130211e-01
2.105288946759751756e+00 1.171794639914197944e+01 9.096938759792019269e-01 3.197837115760130897e-04 5.372335232303914188e-01 1.659282801584820845e+03 3.153885910138042991e-04 6.559573048567693965e-01 4.629007181734587362e-01
2.105949463477015726e+00 1.163757868379258653e+01 9.366022726423512967e-01 3.065134666653859244e-04 5.451152597259112387e-01 1.685774374080882581e+03 3.169579527942153053e-04 6.417179630810905255e-01 4.714711413525715655e-01
2.105646042307530497e+00 1.155772413888134942e+01 9.644087713136904050e-01 2.938264071541412011e-04 5.526281271084978464e-01 1.713092087529192213e+03 3.183340880313484107e-04 6.275245264938406065e-01 4.800354619572941850e-01
2.104408313479053660e+00 1.146830393691191219e+01 9.931251112127508218e-01 2.803174040867572529e-04 5.606277229507226068e-01 1.741305791435636820e+03 3.195437127697116743e-04 6.130743098624044096e-01 4.886404275802053720e-01
2.102266776506473978e+00 1.139063884105268798e+01 1.022765906000633773e+00 2.659332070462344763e-04 5.691455804317773204e-01 1.770506246584170185e+03 3.205546697495763493e-04 5.984904062722298246e-01 4.972262061671495759e-01
2.099252128358533032e+00 1.130810604476601355e+01 1.053366085179070932e+00 2.530241550329008189e-04 5.774327803863690267e-01 1.800774759973863638e+03 3.213338960401813786e-04 5.839089476665437761e-01 5.057308231374920693e-01
2.095394823485139835e+00 1.121969656224804979e+01 1.085115108422771257e+00 2.460508386882520300e-04 5.840553710606919413e-01 1.831924694514407975e+03 3.218727427272469036e-04 5.694330711915418508e-01 5.141497529983526382e-01
2.090725419522646789e+00 1.113896061280100369e+01 1.117980279948285860e+00 2.386257492255436255e-04 5.911070127475746006e-01 1.864019318356362191e+03 3.222351248667163935e-04 5.548901662773210175e-01 5.225961675262377204e-01
2.085275979130971624e+00 1.105790881881200960e+01 1.151792029183498878e+00 2.307196180815678313e-04 5.986155019364018948e-01 1.897300274361486117e+03 3.223952995881658587e-04 5.405447281307942387e-01 5.309853155082735476e-01
2.079080637787025676e+00 1.096855716399874936e+01 1.186313397740597075e+00 2.223012805006298017e-04 6.066104359393035272e-01 1.932081661416272027e+03 3.223224573768217411e-04 5.267214588488000615e-01 5.392073624139067656e-01
2.072175658340885018e+00 1.088820971524946835e+01 1.221223145980920854e+00 2.133375526878637579e-04 6.151233295592161143e-01 1.968769012708925857e+03 3.219976361093169408e-04 5.137228799833432058e-01 5.471595058468226025e-01
2.064599262359557041e+00 1.080220188656016589e+01 1.256095056765771600e+00 2.037931010038052733e-04 6.241877393164010357e-01 2.007884645025372265e+03 3.215000554374022900e-04 5.012128015359745836e-01 5.549499498196301950e-01
