# M(M_sol)  R(km)   nb_c(fm^-3)   Alpha_C(MeV^-1)     cs2_c   mu_c(MeV)cs2_mubm1_Vavgcs2_mu_cs2prime_VavgNS_cs2_vAvg
1.642006811497959684e-01 1.839709999187271450e+01 1.228363743012506337e-01 2.359122140882492693e-03 3.492055192330788954e-02 9.725845953873630378e+02 2.132563047793208598e-05 2.303542251343472902e+00 2.064464416753643630e-02
1.701551238324912063e-01 1.791647164949114313e+01 1.257164225861850670e-01 2.268956244060238089e-03 3.620937648400690545e-02 9.733650827190830341e+02 2.268454266839114501e-05 2.411295037686047582e+00 2.197201267623627094e-02
1.764219839811690949e-01 1.746880283438988712e+01 1.286581441750189458e-01 2.172948861446033497e-03 3.758169880411357106e-02 9.741744950956031062e+02 2.410653155207663915e-05 2.492245574236763517e+00 2.336179963067799847e-02
1.830123081912486682e-01 1.705198627927206445e+01 1.316523784851561518e-01 2.070721546670907954e-03 3.904292836761714958e-02 9.750172853618399813e+02 2.557376604734108071e-05 2.547424098546549942e+00 2.479695501157424056e-02
1.899396646483013373e-01 1.667734018939024310e+01 1.346883479147961415e-01 1.961871335347820707e-03 4.059882511721667891e-02 9.758988540279124209e+02 2.699976052732310823e-05 2.575469558613064702e+00 2.619368635986195695e-02
1.972205764935106853e-01 1.632093119030048101e+01 1.377535687509764684e-01 1.845969156647888276e-03 4.225552215913120496e-02 9.768257244062382370e+02 2.838154425511344841e-05 2.580053233791258283e+00 2.754941437515224384e-02
2.048730920374500220e-01 1.599912227766341744e+01 1.408632037955442895e-01 1.856893235329562346e-03 4.407165215701360633e-02 9.777925812366434002e+02 2.974043046568660805e-05 2.565705473192870567e+00 2.888491848217393521e-02
2.129099019397601433e-01 1.570068298791377259e+01 1.440422312838058050e-01 1.872897474839939390e-03 4.600713777254070852e-02 9.787900429707995045e+02 3.109967109630053483e-05 2.537064390178362050e+00 3.022293068339236555e-02
2.213429556111600749e-01 1.542731261666653708e+01 1.472863941188243264e-01 1.889938564656315489e-03 4.806801571623278702e-02 9.798223678620887540e+02 3.248103499247062109e-05 2.495550104644900458e+00 3.158489427193346410e-02
2.301855425020873924e-01 1.517027363275190055e+01 1.505917956165211957e-01 1.908083678139620935e-03 5.026240965268150701e-02 9.808946163120815527e+02 3.392055027802346574e-05 2.439464044061097514e+00 3.300640816372858027e-02
2.394521835101218743e-01 1.493185722810031635e+01 1.539554225162564904e-01 1.927404340542658058e-03 5.259896954603270058e-02 9.820127288372874546e+02 3.547459218293556123e-05 2.365576163333173110e+00 3.454332160144468755e-02
2.491583413669652969e-01 1.472060586676839478e+01 1.573758145260572006e-01 1.947976710951670500e-03 5.508690575681744750e-02 9.831836153454249825e+02 3.710345632956415618e-05 2.292479563638831763e+00 3.615710484601682845e-02
2.593198972665038404e-01 1.452056071708896390e+01 1.608539620293278627e-01 1.969131693702531882e-03 5.772368191743095650e-02 9.844152293953369508e+02 3.880397274181118729e-05 2.223605773619927284e+00 3.784519324877997498e-02
2.699512167881807367e-01 1.434013698839691919e+01 1.644094746262131090e-01 1.956014218043419534e-03 5.994482256451339613e-02 9.856989509901251267e+02 4.058044646186518672e-05 2.159265636195152549e+00 3.961242659133950433e-02
2.810622645353554327e-01 1.418016169692870498e+01 1.680549105885216499e-01 1.942046913897157176e-03 6.230986198030027956e-02 9.870247262573763010e+02 4.242066955632552107e-05 2.100064706244354262e+00 4.144733548209621893e-02
2.926633758409142860e-01 1.402960710526407340e+01 1.717849114548633538e-01 1.927174724294223370e-03 6.482812278722964450e-02 9.883978825417809730e+02 4.429745084626392660e-05 2.047857762121987779e+00 4.332364807551727232e-02
3.047665864244226697e-01 1.388889449538295118e+01 1.755938504231875363e-01 1.911339025345489126e-03 6.750953158295018575e-02 9.898247896386699267e+02 4.616990197032068248e-05 2.004908512563584377e+00 4.520125456235542932e-02
3.173856456488362010e-01 1.375956154349509042e+01 1.794761518657380650e-01 1.894477395155845208e-03 7.036465806944557089e-02 9.913130029608687437e+02 4.801893353362463669e-05 1.971635806932078294e+00 4.706106799457386580e-02
3.305358883586452801e-01 1.364915146389562395e+01 1.834267442390802583e-01 1.876523367766669281e-03 7.340475671717792971e-02 9.928714178133252517e+02 4.993271188083885949e-05 1.943427420690359009e+00 4.899007844621906110e-02
3.442339213502826900e-01 1.353849799001966048e+01 1.874416841204616657e-01 1.857406171157218421e-03 7.664181112848304778e-02 9.945104314555477458e+02 5.192751880999377164e-05 1.919691701988544441e+00 5.100497110722438526e-02
3.584953506860786288e-01 1.344798738060043242e+01 1.915408262757868907e-01 1.849703488812165725e-03 7.954549422165185790e-02 9.962207139331209191e+02 5.400967890888308851e-05 1.900466442305951409e+00 5.311266542648798716e-02
3.733290842097516937e-01 1.335857625305014196e+01 1.957442780583839304e-01 1.841779471841476683e-03 8.262537635058600505e-02 9.979874968462315792e+02 5.618046402868354772e-05 1.886049001404203729e+00 5.531490252451685963e-02
3.887434539105556475e-01 1.327837080072796105e+01 2.000467007168731104e-01 1.833342089683052609e-03 8.590479165482381441e-02 9.998177095720110401e+02 5.844090770220005478e-05 1.876826249475550767e+00 5.761335931299332164e-02
4.047482904470086074e-01 1.320100004355000323e+01 2.044427399142365043e-01 1.824358083471225691e-03 8.939666708623551783e-02 1.001719608064943600e+03 6.079515624160337824e-05 1.873235238472607644e+00 6.001297217504180520e-02
4.213547497732901270e-01 1.313807557272658677e+01 2.089274875850194446e-01 1.814792039632194629e-03 9.311476708190855045e-02 1.003702933269634741e+03 6.324689852567577609e-05 1.874873909416163498e+00 6.251842914004707152e-02
4.385749245820766973e-01 1.307801554198101712e+01 2.134971074658626733e-01 1.804606250289150999e-03 9.707374782144624625e-02 1.005779085713445511e+03 6.578349155344335206e-05 1.876144007591799001e+00 6.511824128425851288e-02
4.564211816034429714e-01 1.302050082726013969e+01 2.181496826067566563e-01 1.793760564623615369e-03 1.012892149993787350e-01 1.007961300166223623e+03 6.840594161200503546e-05 1.875939620456508861e+00 6.781456782003676687e-02
4.749039612970275548e-01 1.297205285496964144e+01 2.229033166755537421e-01 1.782449490897645419e-03 1.050324433418258901e-01 1.010242780708778696e+03 7.112036507700876802e-05 1.874202416011056638e+00 7.061469849173655777e-02
4.940259873985226036e-01 1.292792224372274745e+01 2.277827490402363486e-01 1.770439567559837406e-03 1.089115300822650761e-01 1.012600222630690837e+03 7.392439379584962689e-05 1.870843958598459089e+00 7.351706967691853944e-02
5.137884778734376212e-01 1.288799368334496975e+01 2.327823550016855925e-01 1.757651569595005975e-03 1.130419272502452138e-01 1.015042130923620448e+03 7.681284646584139882e-05 1.865741244346430516e+00 7.651751249959452827e-02
5.341939890297543458e-01 1.285771599173148871e+01 2.378959868699922764e-01 1.744035088677620051e-03 1.174399162375517336e-01 1.017579108018416946e+03 7.978292268019294043e-05 1.858764424752261890e+00 7.961443033853822515e-02
5.552461948971427752e-01 1.282095119159246188e+01 2.431177791332619909e-01 1.729536450729488289e-03 1.221228332418572149e-01 1.020223674418527366e+03 8.283371660014242301e-05 1.849938724137511148e+00 8.280828307528032006e-02
5.769494180314337362e-01 1.279767347672534683e+01 2.484427849977977609e-01 1.714098504344779969e-03 1.271091376033522957e-01 1.022990500182759433e+03 8.598124429330202044e-05 1.840814166681406405e+00 8.611640421660470002e-02
5.993078512930827273e-01 1.276788604936572646e+01 2.538678461254225138e-01 1.697660395507953786e-03 1.324184845686316170e-01 1.025896640177149720e+03 8.923393362034337951e-05 1.831825566255593785e+00 8.954901391032281388e-02
6.223234824076805394e-01 1.274792113203084654e+01 2.594083690476539084e-01 1.684206968918566848e-03 1.372272081202795535e-01 1.028939597153376326e+03 9.259869649639035762e-05 1.822972057440650717e+00 9.311509479857747740e-02
6.459893015202415878e-01 1.272792192050765969e+01 2.650973011774813703e-01 1.671102035055402205e-03 1.420930079218284403e-01 1.032084965465918003e+03 9.607431570689462961e-05 1.814306421962979421e+00 9.681478526058533152e-02
6.702951778958938789e-01 1.270792244748056810e+01 2.709295932412451036e-01 1.657148085237602131e-03 1.472740433214133338e-01 1.035342522248553905e+03 9.965472237599703759e-05 1.805897299430671898e+00 1.006435134025703837e-01
6.952319398708566300e-01 1.269197780644789830e+01 2.768986502179459630e-01 1.642290115136357939e-03 1.527907371654977642e-01 1.038726001577383840e+03 1.033374722276681867e-04 1.797800889736397512e+00 1.046008532082385589e-01
7.207910522436805634e-01 1.267800685136496242e+01 2.829982765536471767e-01 1.626469556913634528e-03 1.586648354146232287e-01 1.042251585766202197e+03 1.071220329354061743e-04 1.790042521223599747e+00 1.086886050418569422e-01
7.469639618114916058e-01 1.266802181257059523e+01 2.892234242163113644e-01 1.609624048356740741e-03 1.649194928626487033e-01 1.045938188930305387e+03 1.110172557837786497e-04 1.782145348628717985e+00 1.129180549260790228e-01
7.737410779955116169e-01 1.265821435083052471e+01 2.955712125521630651e-01 1.591687187056056892e-03 1.715793644093946413e-01 1.049807740113515138e+03 1.150298588273580792e-04 1.773910255682489945e+00 1.172988995677280016e-01
8.011097108415520252e-01 1.264813512748418489e+01 3.020560397498923688e-01 1.576105879927885717e-03 1.776547784218616144e-01 1.053862623827138123e+03 1.191665737384564470e-04 1.765319755202793495e+00 1.218413524499379341e-01
8.290477895972291345e-01 1.263876714462928419e+01 3.087173171070035638e-01 1.561125123597376270e-03 1.836588085280582427e-01 1.058055770930410972e+03 1.234243610005135157e-04 1.756397615518698219e+00 1.265445280164154418e-01
8.575292795055730055e-01 1.262807210222250021e+01 3.155506516153711027e-01 1.545173824319461160e-03 1.900518155955657207e-01 1.062397960978443052e+03 1.277922484585240174e-04 1.747174493045272170e+00 1.313994861021285654e-01
8.865289643661889984e-01 1.261815384058871103e+01 3.225485138941651120e-01 1.528189104520273622e-03 1.968589998771731742e-01 1.066907016705305750e+03 1.322634236616631015e-04 1.737664807038608705e+00 1.364022813888142172e-01
9.160221163562517477e-01 1.260917299157815563e+01 3.297037116371175913e-01 1.510104013040840069e-03 2.041071942486883117e-01 1.071603913900817361e+03 1.368329114339876973e-04 1.727879044466953617e+00 1.415512689062077556e-01
9.459837498843755021e-01 1.260175020858860506e+01 3.370102104277067911e-01 1.490847261225886414e-03 2.118249699800158203e-01 1.076513142235268333e+03 1.415167775788614391e-04 1.717871220136039989e+00 1.468664992224759658e-01
9.763874871835858116e-01 1.259842461440042882e+01 3.444642573101922012e-01 1.470342941914899726e-03 2.200427493587186201e-01 1.081663064777443196e+03 1.463257295218822675e-04 1.707658769387753406e+00 1.523634485653764803e-01
1.007203512760939557e+00 1.258829513946057688e+01 3.520804698532470911e-01 1.452926370560966027e-03 2.275419717157295962e-01 1.087059736608039884e+03 1.512656166520593673e-04 1.697232480207979011e+00 1.580534038565283295e-01
1.038392975429294429e+00 1.257854363966047018e+01 3.599057932791837611e-01 1.436746613580062873e-03 2.348570618345786065e-01 1.092641754189954781e+03 1.563315938651157523e-04 1.686642051955144384e+00 1.639348128454453657e-01
1.069913246086198422e+00 1.256908709460919837e+01 3.679360792969929572e-01 1.419518635222207772e-03 2.426460672196431023e-01 1.098422036677916822e+03 1.615079569544160970e-04 1.675954598038064569e+00 1.699945940977845571e-01
1.101722807915240354e+00 1.255949213588838731e+01 3.761626790175542911e-01 1.401174525440519259e-03 2.509396909348504123e-01 1.104423868311395836e+03 1.667838489326038665e-04 1.665217025796501993e+00 1.762258781348792491e-01
1.133780903957592789e+00 1.254944191433130563e+01 3.845772777553851940e-01 1.381641974569325707e-03 2.597706251721462190e-01 1.110674590953818779e+03 1.721507942661681999e-04 1.654463229464945950e+00 1.826249112732056257e-01
1.166046713117194100e+00 1.253911659114340260e+01 3.931728295364923520e-01 1.360843988290557282e-03 2.691736801190989792e-01 1.117206054037559170e+03 1.776286863757331198e-04 1.643550219765528730e+00 1.892179072562159836e-01
1.198478138357141898e+00 1.252901441422827489e+01 4.019448386284327768e-01 1.338698584133962049e-03 2.791859211753168202e-01 1.124055057721235016e+03 1.832288320697949972e-04 1.632402020924226926e+00 1.960233970640624657e-01
1.231029758676333907e+00 1.251781251807718753e+01 4.109115104786224548e-01 1.320263277077767319e-03 2.881843502125278622e-01 1.131227373307508060e+03 1.889552722306294058e-04 1.621012153193606586e+00 2.030535004654255016e-01
1.263648628174775856e+00 1.249955944054733514e+01 4.201272046700202378e-01 1.303117541368882569e-03 2.969631109613504738e-01 1.138645708903756258e+03 1.947986130035649695e-04 1.609443121310279778e+00 2.103032312645247703e-01
1.296279842733562004e+00 1.248798414414767777e+01 4.295862915720914388e-01 1.284861002406596829e-03 3.063106123093629618e-01 1.146328402663423503e+03 2.007366996481399848e-04 1.597773427197500373e+00 2.177534192533803759e-01
1.328870599864889313e+00 1.246928594906393428e+01 4.392783281476243529e-01 1.265421695715969507e-03 3.162637006724113298e-01 1.154306011471517877e+03 2.067522129301324716e-04 1.586060996835221948e+00 2.253916383582306449e-01
1.361369815878637146e+00 1.244961562666356159e+01 4.491930601947595192e-01 1.244722994533181909e-03 3.268616095974221092e-01 1.162614342223280119e+03 2.128312671379387186e-04 1.574347963346709900e+00 2.332098643488898504e-01
1.393727283452439014e+00 1.242981927885440285e+01 4.593214562516014787e-01 1.222683307754593961e-03 3.381461144150225140e-01 1.171295022557257198e+03 2.190041456532561043e-04 1.562496288722166282e+00 2.412483068603026581e-01
1.425892454139466414e+00 1.240960079156073625e+01 4.696571328748715413e-01 1.199215758317135000e-03 3.501616969114833555e-01 1.180396060219771698e+03 2.252818522363598250e-04 1.550449597721534456e+00 2.495283431615778758e-01
1.457812482844115465e+00 1.238943903990664097e+01 4.802268612836601558e-01 1.180684357291578472e-03 3.606076876759221062e-01 1.189913597517933567e+03 2.316654666913832233e-04 1.538210988473354135e+00 2.580622204552837640e-01
1.489429615604617174e+00 1.236065158897325844e+01 4.910920599887704796e-01 1.162998050399791051e-03 3.709864863510135558e-01 1.199755582067940168e+03 2.381393043170978389e-04 1.525866087094020829e+00 2.668393539775306134e-01
1.520686827477435221e+00 1.233857117666493153e+01 5.022434479739429358e-01 1.144165918821935576e-03 3.820376856469024918e-01 1.209951009801894543e+03 2.446743869162964829e-04 1.513512458432274776e+00 2.758336271859710975e-01
1.551530506485189198e+00 1.231008100257941784e+01 5.136681207252841164e-01 1.124113729185310592e-03 3.938048476952962784e-01 1.220540200878681389e+03 2.512463096331613954e-04 1.501228885881497055e+00 2.850259164245622090e-01
1.581909985661555496e+00 1.228008085584030518e+01 5.253531942784998021e-01 1.102762438835577438e-03 4.063343568432011832e-01 1.231570267587263061e+03 2.578382206874165633e-04 1.489058076026652078e+00 2.944062147612438451e-01
1.611776663916435259e+00 1.225001786004287752e+01 5.372869703029016231e-01 1.080027884262746906e-03 4.196756024928995354e-01 1.243095829693562564e+03 2.644938813979737344e-04 1.476763767443976638e+00 3.040336915789272343e-01
1.641082801757226761e+00 1.221706040497681300e+01 5.494605497510604009e-01 1.055820449341537352e-03 4.338811737873951024e-01 1.255179707854740627e+03 2.712188941935350715e-04 1.464290181925534950e+00 3.139273152144209655e-01
1.669779734195032006e+00 1.218027596083805797e+01 5.619195328318472571e-01 1.038160201307582577e-03 4.455721880419329928e-01 1.267789049472640954e+03 2.780109551200809831e-04 1.451651672630782208e+00 3.240993882340494348e-01
1.697817191315281304e+00 1.214131375301124649e+01 5.747266562028833237e-01 1.020255445969902577e-03 4.576398482719388761e-01 1.280827990934368017e+03 2.848452080454147591e-04 1.438957092173514862e+00 3.345292875986161651e-01
1.725148179021003481e+00 1.210667720199664110e+01 5.878672060348107964e-01 1.001190713549983098e-03 4.704893236699855819e-01 1.294340840895938300e+03 2.916855074508000996e-04 1.426316616351657407e+00 3.451823512114993164e-01
1.751730207976867293e+00 1.206232828593560313e+01 6.013246642453994317e-01 9.808908537982982245e-04 4.841712648962119836e-01 1.308380957664571042e+03 2.984994566090907369e-04 1.413825697328164210e+00 3.560302680205832959e-01
1.777524709510734935e+00 1.202098173872653319e+01 6.150822014768523305e-01 9.592758477829239341e-04 4.987396040633009786e-01 1.323010500124755708e+03 3.052730909128295676e-04 1.401499560475630846e+00 3.670667847296859021e-01
1.802496125337911925e+00 1.198069629856081164e+01 6.291239723605835943e-01 9.362604924671859112e-04 5.142517673285921243e-01 1.338301328087562979e+03 3.120658302693707126e-04 1.389037483566606168e+00 3.783744522529964849e-01
1.826610763974122253e+00 1.193144368219691209e+01 6.434374485791353182e-01 9.124820457761326090e-04 5.304019088622782263e-01 1.354334837301076959e+03 3.188736203962859472e-04 1.376412218721887681e+00 3.899640871452219604e-01
1.849835360728182110e+00 1.188847978555652674e+01 6.581029752587741477e-01 8.956161567795604831e-04 5.433369618485436314e-01 1.371016710055092517e+03 3.256908513858249661e-04 1.363653220470406824e+00 4.018484634978259362e-01
1.872137982496712150e+00 1.183880185235243054e+01 6.731712379701213500e-01 8.776575946724854112e-04 5.571100248907209229e-01 1.388275207975392959e+03 3.324817255123332926e-04 1.350890041880884684e+00 4.139919879612644626e-01
1.893491215215099555e+00 1.178860815021467623e+01 6.886228359767728735e-01 8.585355695590020722e-04 5.717753892897083912e-01 1.406170825955647388e+03 3.392042249506571280e-04 1.338241962795715168e+00 4.263509208004266915e-01
1.913872330889493156e+00 1.173159029731817427e+01 7.044367725832818561e-01 8.381747053505787413e-04 5.873908636614202372e-01 1.424774271435488117e+03 3.458184711550959644e-04 1.325821390225740748e+00 4.388856221497720034e-01
1.933262611848626245e+00 1.168795197971714650e+01 7.205914971641306233e-01 8.164947426450846080e-04 6.040180018094786218e-01 1.444167559894078295e+03 3.523264620953719234e-04 1.313563666973074362e+00 4.516089753092181192e-01
1.951646440544756445e+00 1.162839868792236331e+01 7.370664146795465888e-01 7.934102223565414180e-04 6.217223453608629047e-01 1.464445101401996681e+03 3.587961354094350601e-04 1.301120974292931498e+00 4.646203052353320428e-01
1.969010207482881025e+00 1.157122025097972617e+01 7.538516791812560625e-01 7.714421733763113589e-04 6.390375870121637325e-01 1.485699249382812013e+03 3.652135399898246391e-04 1.288493493871672113e+00 4.779203020178043881e-01
1.985341580187649058e+00 1.151227567283726572e+01 7.710686402901079095e-01 7.549529406503690436e-04 6.534156215920168265e-01 1.507758562822101794e+03 3.715668890810332821e-04 1.275736053397609204e+00 4.915178834179793066e-01
2.000631260404047040e+00 1.145723811316963392e+01 7.887466725817818824e-01 7.373954368587198362e-04 6.687251512013037136e-01 1.530595796180878096e+03 3.778106304423334456e-04 1.262996013089164871e+00 5.053596726177176368e-01
2.014874268396853463e+00 1.139726669353173349e+01 8.068613512085258677e-01 7.187004530157911804e-04 6.850265236563438664e-01 1.554291293986407481e+03 3.838974224803112746e-04 1.250405905883622548e+00 5.193895904845462486e-01
2.028069565663756180e+00 1.133717345786909370e+01 8.253862929617853395e-01 6.987942963642068076e-04 7.023839964657463408e-01 1.578938459104315598e+03 3.897809012642338149e-04 1.238097203879191088e+00 5.335532379987094620e-01
2.040219368824139679e+00 1.127031113760924974e+01 8.442944062659931692e-01 6.775984998892449745e-04 7.208659901236480483e-01 1.604645051436141785e+03 3.954965077859647071e-04 1.225866134980395206e+00 5.479068802820549200e-01
2.051328300438128860e+00 1.120816249555048394e+01 8.635597020755704234e-01 6.550295130139079450e-04 7.405453578128018410e-01 1.631534433454120744e+03 4.011053521933647661e-04 1.213392503785404974e+00 5.625470414903340766e-01
2.061402485097646231e+00 1.114705452416332676e+01 8.831869995032537446e-01 6.348321210355945205e-04 7.584387714426984450e-01 1.659689839160750125e+03 4.065877893298997566e-04 1.200693786857611522e+00 5.774673351212484818e-01
2.070449608521494067e+00 1.107819078708476646e+01 9.033328329907066578e-01 6.176194213025660998e-04 7.740636960244028364e-01 1.688868377847123384e+03 4.119242058334220114e-04 1.187828748410867830e+00 5.926689029940598319e-01
2.078480506113900894e+00 1.101038091570154975e+01 9.240027777979004098e-01 5.992915799863536000e-04 7.907008966235491432e-01 1.719097995717261483e+03 4.170638224405879787e-04 1.174931066412689740e+00 6.080809292049167425e-01
2.085509151653059057e+00 1.094779168072849629e+01 9.451669654891693417e-01 5.797763515490792895e-04 8.084159545317540774e-01 1.750484882174449695e+03 4.219568618581751290e-04 1.162126664636951467e+00 6.236338491261943506e-01
2.091552141533816744e+00 1.087800974767982787e+01 9.667934801160442682e-01 5.589968099550502671e-04 8.272786997887393579e-01 1.783151630600179942e+03 4.265554789980549361e-04 1.149540686124908007e+00 6.392595745503795168e-01
2.096628098265479689e+00 1.080871011195773512e+01 9.888499563983794705e-01 5.368710454401310044e-04 8.473634864416312862e-01 1.817238660424090767e+03 4.309395151960763678e-04 1.136787897109531986e+00 6.550801952962366226e-01
2.100756949601446433e+00 1.073956075800011689e+01 1.011305874759860890e+00 5.133118416360234800e-04 8.687494856372039997e-01 1.852905480898220503e+03 4.351512985796065634e-04 1.123612650579691064e+00 6.711693900367151633e-01
2.103959082361302801e+00 1.066992428559835560e+01 1.034257921974865324e+00 4.981559419255839885e-04 8.859141953804841041e-01 1.890150333060857974e+03 4.391769954854929186e-04 1.110014766849144019e+00 6.875458167178081226e-01
2.106253180380970758e+00 1.059978082901986340e+01 1.058058946070442818e+00 4.873386929255516019e-04 9.011866687456283609e-01 1.928538690344496445e+03 4.429988715999073770e-04 1.096144474539947788e+00 7.042589307786403241e-01
2.107658265267420283e+00 1.053240119273202069e+01 1.082618528947065561e+00 4.758206378716936785e-04 9.174485842315143191e-01 1.968204086767261288e+03 4.465446783344624929e-04 1.082293116903558117e+00 7.211717762748460769e-01
2.108197259894394548e+00 1.046096307301363204e+01 1.107758752445824779e+00 4.635563743585483431e-04 9.347640438134341423e-01 2.009394574600493570e+03 4.497397531085289878e-04 1.068753037684325280e+00 7.381207917566376953e-01
