# M(M_sol)  R(km)   nb_c(fm^-3)   Alpha_C(MeV^-1)     cs2_c   mu_c(MeV)cs2_mubm1_Vavgcs2_mu_cs2prime_VavgNS_cs2_vAvg
1.624677939591346043e-01 2.000000000000000000e+01 1.231618561362511910e-01 1.928595513714221514e-03 3.475444754082088888e-02 9.748500717420730552e+02 2.128264634575897205e-05 2.403093602073363311e+00 2.065281756199357360e-02
1.683751965651507088e-01 2.000000000000000000e+01 1.260244001740759290e-01 1.916574931539667768e-03 3.601817688545237012e-02 9.756322577535607934e+02 2.263479968977085815e-05 2.522395556174858555e+00 2.197663246039444421e-02
1.745941464829570966e-01 1.996682477244879195e+01 1.289808297424623607e-01 1.903775584194929323e-03 3.736377817137986890e-02 9.764429718915174590e+02 2.404070965194430836e-05 2.609176314149842746e+00 2.335394270223100852e-02
1.811302556961751353e-01 1.931763046289015406e+01 1.320099016604519282e-01 1.890147018616961496e-03 3.879655555237652986e-02 9.772858490773171525e+02 2.547062318445218764e-05 2.664776566442719652e+00 2.475594523664632549e-02
1.879945618085463455e-01 1.873114593126163996e+01 1.350822169242077153e-01 1.875635513091695279e-03 4.032215681700423299e-02 9.781658001111312615e+02 2.685568810560897069e-05 2.684907198412035623e+00 2.611586036993785581e-02
1.952055133281927202e-01 1.820317939852537137e+01 1.381654702227338161e-01 1.875424480184562570e-03 4.202143919428141111e-02 9.790877538946680261e+02 2.820901114093916112e-05 2.677667559045445067e+00 2.744659360394650222e-02
2.027829535545637163e-01 1.771302277202736164e+01 1.412936271913116104e-01 1.898724513886903588e-03 4.394633642372686166e-02 9.800432701729458813e+02 2.956777823800875164e-05 2.649639193707116647e+00 2.878456676669168338e-02
2.107410671430600124e-01 1.727722344548650923e+01 1.444777224385548065e-01 1.923534063055967530e-03 4.599594000239137781e-02 9.810334624823942704e+02 3.097543743214868411e-05 2.602406571538883995e+00 3.017244933528335712e-02
2.190942757765365623e-01 1.687658667454923389e+01 1.477169694916182496e-01 1.949950923127306140e-03 4.817832915304993968e-02 9.820635838655248335e+02 3.248922267997647519e-05 2.534055284956893583e+00 3.166671043776755207e-02
2.278573476418340182e-01 1.651244216459886616e+01 1.510130941136978988e-01 1.978079225309388976e-03 5.050210651882497404e-02 9.831396679269192873e+02 3.404605864939886045e-05 2.460567457564052152e+00 3.320624789396740134e-02
2.370446352630589948e-01 1.616742742890467710e+01 1.543720425784550765e-01 1.994322028414753385e-03 5.283504624331801514e-02 9.842677236547705206e+02 3.563410696986823003e-05 2.384362637060827073e+00 3.477995603457320617e-02
2.466684465615208433e-01 1.586009912838666303e+01 1.578092050022455728e-01 1.974430183443303191e-03 5.493557231288347803e-02 9.854390857744989489e+02 3.724966241130660841e-05 2.303762066639020833e+00 3.638465297303376117e-02
2.567396880573803997e-01 1.557993991579378346e+01 1.613245190302284859e-01 1.953249625844666673e-03 5.717218301780917222e-02 9.866532180242422783e+02 3.887583593612976168e-05 2.217257811468549278e+00 3.800418484353003390e-02
2.672706652637733549e-01 1.532764189776759167e+01 1.649124748566792587e-01 1.930696865111158900e-03 5.955369473426364718e-02 9.879159785455284464e+02 4.049702540052662090e-05 2.125860453815194173e+00 3.962358917201616593e-02
2.782753655962186268e-01 1.508703400946994577e+01 1.685676067494976671e-01 1.906683001720914372e-03 6.208949501596641024e-02 9.892343121949543274e+02 4.218257447890515796e-05 2.043362516390023753e+00 4.131091657610554829e-02
2.897693758488069649e-01 1.487345826624910927e+01 1.722850731865547547e-01 1.883193987614276404e-03 6.476434986433429741e-02 9.906162807375992543e+02 4.395450148946295231e-05 1.975391387427325895e+00 4.308811622072521164e-02
3.017679299432681206e-01 1.467698981202963004e+01 1.760809283420430860e-01 1.879427177413291444e-03 6.735489099342857611e-02 9.920548316077483832e+02 4.580835012772658832e-05 1.924755724411321145e+00 4.495145912075805550e-02
3.142823320371767037e-01 1.449728449302160804e+01 1.799646824740767648e-01 1.875416330730160681e-03 7.011326286266279795e-02 9.935454117460807311e+02 4.772494575535984277e-05 1.894709062340085293e+00 4.688222045244080233e-02
3.273244064115887753e-01 1.434244590935050034e+01 1.839312077979695370e-01 1.871145637422763717e-03 7.305033855064578530e-02 9.950949339723102867e+02 4.967423294376378497e-05 1.886628467039554558e+00 4.885072386510942721e-02
3.409074427050725609e-01 1.418704934897508885e+01 1.879757342500342765e-01 1.866598263073463316e-03 7.617769555901593437e-02 9.967115627300754568e+02 5.167427798882301475e-05 1.886550726058264127e+00 5.087504136816959482e-02
3.550459371331146086e-01 1.404759246178312360e+01 1.920944079179460195e-01 1.861756282630414950e-03 7.950766144917607858e-02 9.984048651725615855e+02 5.375015038089530278e-05 1.886819392510468152e+00 5.298064839814108778e-02
3.697542921900067170e-01 1.391706709694155464e+01 1.962970618654368005e-01 1.851270150944920971e-03 8.261778446487012817e-02 1.000173410232607239e+03 5.591016973969688541e-05 1.887445022488482893e+00 5.517653487901857945e-02
3.850424427908457070e-01 1.380293362719408812e+01 2.006004617744655272e-01 1.839214142422977965e-03 8.585663087039467622e-02 1.002005425076442521e+03 5.816059533442333895e-05 1.888367217958653699e+00 5.746956712127437861e-02
4.009196389118174775e-01 1.369725331634762533e+01 2.049998706617554844e-01 1.826377073600294384e-03 8.930530910732077665e-02 1.003908682854453673e+03 6.051071672050883763e-05 1.889588530035651193e+00 5.986987198514701763e-02
4.173963528140744450e-01 1.359742788912750378e+01 2.094906764958520129e-01 1.812708342721547437e-03 9.297741333602421721e-02 1.005892719192342952e+03 6.295847904443751641e-05 1.890215857878643213e+00 6.237651987833357087e-02
4.344839089882981953e-01 1.351248612165004737e+01 2.140693417556508438e-01 1.798154069747216841e-03 9.688741842785346392e-02 1.007968691524325436e+03 6.548637773600203972e-05 1.888874791090554561e+00 6.497312089621525011e-02
4.521935385780705974e-01 1.343052341698802365e+01 2.187404164840486831e-01 1.785710206887228734e-03 1.006976859565797411e-01 1.010142198155056803e+03 6.809765583369724068e-05 1.885434690760802390e+00 6.766401750582945462e-02
4.705318639056953467e-01 1.335696414457679992e+01 2.235265899826041347e-01 1.774526993289974371e-03 1.045158201771339279e-01 1.012395221121954478e+03 7.079214399594747225e-05 1.879813461978881328e+00 7.044994211695791708e-02
4.895029656323852674e-01 1.329275550845559017e+01 2.284249699574565085e-01 1.762619264264614523e-03 1.085813159566274694e-01 1.014734198315074650e+03 7.356395313131311952e-05 1.871908184740857850e+00 7.332589488742195794e-02
5.091119965825476879e-01 1.322944394743227647e+01 2.334300226741044815e-01 1.749940081370691394e-03 1.129101988555322178e-01 1.017170271780641087e+03 7.641351207104104864e-05 1.862241272201327735e+00 7.629333766982121512e-02
5.293649162831981503e-01 1.317759893587707154e+01 2.385369750775688247e-01 1.736439465214984152e-03 1.175195326659252693e-01 1.019716518144870861e+03 7.935794976414214919e-05 1.852962838886522468e+00 7.937097181349156427e-02
5.502677830455789953e-01 1.312624245068817075e+01 2.437449204485054588e-01 1.722953230020792936e-03 1.221835885790844567e-01 1.022385306781765280e+03 8.240438071364832983e-05 1.844289889867563037e+00 8.256611800310481586e-02
5.718226450863409527e-01 1.308094860095967960e+01 2.490794821834966533e-01 1.710343530349071970e-03 1.266696428012131503e-01 1.025156516087763521e+03 8.555566903378330600e-05 1.836264846490812674e+00 8.588448989908636921e-02
5.940265335381252898e-01 1.304341872777156652e+01 2.545434033817283725e-01 1.696916898954059982e-03 1.314463304326910220e-01 1.028031399182291125e+03 8.880901734363294152e-05 1.828970804213021939e+00 8.932414319599958630e-02
6.168769213177998090e-01 1.301106213501798159e+01 2.601307237406694228e-01 1.682620410115248308e-03 1.365324804431308214e-01 1.031023036263788299e+03 9.216351348269361226e-05 1.822386577794491647e+00 9.288582778803630702e-02
6.403717877361572164e-01 1.298267188472944156e+01 2.658362009611858201e-01 1.667397709267573859e-03 1.419481416553532160e-01 1.034146782833667430e+03 9.562133710807899849e-05 1.815558290792050888e+00 9.657351232069721902e-02
6.645088965541293691e-01 1.294340110384008291e+01 2.716563113159822240e-01 1.651446252306761195e-03 1.476317019026016364e-01 1.037420277367365543e+03 9.918581404996951601e-05 1.808220226882343740e+00 1.003927415846888466e-01
6.892828678794888919e-01 1.292628978706585485e+01 2.776131887034892776e-01 1.637078274435805171e-03 1.528402499185421981e-01 1.040828377457787383e+03 1.028617347266630444e-04 1.800348959568218943e+00 1.043506386825156784e-01
7.146816374414595163e-01 1.288769597033719450e+01 2.837187754366032322e-01 1.621779453069135219e-03 1.583862388107352692e-01 1.044361637788379994e+03 1.066437006720576483e-04 1.791940065717990249e+00 1.084434522750751251e-01
7.406924459090087343e-01 1.287772943784439583e+01 2.899669326244915246e-01 1.605489482600680647e-03 1.642915300163065306e-01 1.048035435785389382e+03 1.105273165792667694e-04 1.782983690553006761e+00 1.126689355448245028e-01
7.673026610954174487e-01 1.285304482078055166e+01 2.963523206609610106e-01 1.588144150466713625e-03 1.705794012869623621e-01 1.051867804826844349e+03 1.145200623589619557e-04 1.773745440096077042e+00 1.170370563502374089e-01
7.944989434908142911e-01 1.282690103132464543e+01 3.028712964023022036e-01 1.569675084029777037e-03 1.772746384463149416e-01 1.055879719885348322e+03 1.186290901993991976e-04 1.764383087269919326e+00 1.215580046554868149e-01
8.222651652916186382e-01 1.280323910703542545e+01 3.095391486735865061e-01 1.555047679005311986e-03 1.834409167733326296e-01 1.060068547754950941e+03 1.228589029382138849e-04 1.754903906260605106e+00 1.262397299323760047e-01
8.505778788898196163e-01 1.279293050495204120e+01 3.163792700006731740e-01 1.540331439193533356e-03 1.898425779439840144e-01 1.064409343273156310e+03 1.272043965336967580e-04 1.745381074226604712e+00 1.310794555830915586e-01
8.794117926888770365e-01 1.276704809470752799e+01 3.233846034236451117e-01 1.524661793395665644e-03 1.966589769932697296e-01 1.068919485178998457e+03 1.316568954315697269e-04 1.735879818028771560e+00 1.360710803341232955e-01
9.087420174375793192e-01 1.275167773177126485e+01 3.305479365618559928e-01 1.507976974272637674e-03 2.039169831201975980e-01 1.073620230511300861e+03 1.362191112462667877e-04 1.726331305422887041e+00 1.412206455849835396e-01
9.385433633619386651e-01 1.274250975204221348e+01 3.378631848797330473e-01 1.490211212827918449e-03 2.116452062711063897e-01 1.078536391441968362e+03 1.409006459863379446e-04 1.716605253696030564e+00 1.465417666656960161e-01
9.687888598176019883e-01 1.272781523350544219e+01 3.453373999409669048e-01 1.470654292759606329e-03 2.190450766520281589e-01 1.083678101313677189e+03 1.457045282793804452e-04 1.706694462155579073e+00 1.520422459221490996e-01
9.994449562520933972e-01 1.271352634480370014e+01 3.530035153542080972e-01 1.449478627718607917e-03 2.264688679688237061e-01 1.089007863550300954e+03 1.506280378266234069e-04 1.696543877643068798e+00 1.577228860704790736e-01
1.030474709180232207e+00 1.268920047405382867e+01 3.608576732429888412e-01 1.426931076511868662e-03 2.343736168652344187e-01 1.094542166563237288e+03 1.556603996603381733e-04 1.686126699532777273e+00 1.635761082974090674e-01
1.061841156827408872e+00 1.266990321968674849e+01 3.688936211371887652e-01 1.402922760152678673e-03 2.427904826483470724e-01 1.100306143838931121e+03 1.608007594383501025e-04 1.675395907778004734e+00 1.696054393902573232e-01
1.093506503643748129e+00 1.264745990681446841e+01 3.771069700787896828e-01 1.377359041542266247e-03 2.517526433114266604e-01 1.106328971778149253e+03 1.660631747702712656e-04 1.664252596939736817e+00 1.758305845360326469e-01
1.125430680704188502e+00 1.261688490162427279e+01 3.855027416474384738e-01 1.361619440733993248e-03 2.603040212915475049e-01 1.112632619446543004e+03 1.714499604789889635e-04 1.652674555387844579e+00 1.822603005658512410e-01
1.157567771763854170e+00 1.257757100760416691e+01 3.941196205335066316e-01 1.357959281735168994e-03 2.682782035811415722e-01 1.119171860507269002e+03 1.769522496760549189e-04 1.640952703857711636e+00 1.888901120621707119e-01
1.189868675757913108e+00 1.258710651210838094e+01 4.029557012886577638e-01 1.354061995756616855e-03 2.767690010677086865e-01 1.125958490560625478e+03 1.825473616503965862e-04 1.629418712794669100e+00 1.957000535489045179e-01
1.222285605730118574e+00 1.248180499702061574e+01 4.120005571597755156e-01 1.349912220295087064e-03 2.858098831719430577e-01 1.133022214762592284e+03 1.882243122624403981e-04 1.618270603729126789e+00 2.026836171849539237e-01
1.254771786022079061e+00 1.246211605154304713e+01 4.212440864261957074e-01 1.345493597572534764e-03 2.954364876636857984e-01 1.140397793477710366e+03 1.939975812803890632e-04 1.607596184344358026e+00 2.098619838494952539e-01
1.287280482241091040e+00 1.245088359198800276e+01 4.306821658900337191e-01 1.327125248871144358e-03 3.057203913110056459e-01 1.148118615681324854e+03 1.998651148582777806e-04 1.597506849895997227e+00 2.172404140917736648e-01
1.319760536823640029e+00 1.243061896451472670e+01 4.403650652084926675e-01 1.279652828595587372e-03 3.167392531876884743e-01 1.156134784703310288e+03 2.058436908318180892e-04 1.587537711379231053e+00 2.248457923769909828e-01
1.352156339118297135e+00 1.241061024056129014e+01 4.502967590902329786e-01 1.229104861152837368e-03 3.284719828055526758e-01 1.164450494918220784e+03 2.119354109422222365e-04 1.577083154336667015e+00 2.326876217528600910e-01
1.384415052601575713e+00 1.239055950678700313e+01 4.604605531729309975e-01 1.175282094212325807e-03 3.409648287842471648e-01 1.173101421575535369e+03 2.181390108532808457e-04 1.565761745341479827e+00 2.407716817706359314e-01
1.416487132152348227e+00 1.236990851868573138e+01 4.708379752484952441e-01 1.117972366686415453e-03 3.542670360054678280e-01 1.182129725531614440e+03 2.244834124036490844e-04 1.553022501297866897e+00 2.491386532559679567e-01
1.448325902653445407e+00 1.234922799383113912e+01 4.814059825367785761e-01 1.039627702087960251e-03 3.664527861009145848e-01 1.191581076239786626e+03 2.309724498309754712e-04 1.538514549219260230e+00 2.578025254075904660e-01
1.479899665667904873e+00 1.232065601672096911e+01 4.920780218504224313e-01 8.938469850668158845e-04 3.723061788347923340e-01 1.201404662180462537e+03 2.375161135831211333e-04 1.521088526162496901e+00 2.666615765786642389e-01
1.511193719475212527e+00 1.229876931065664891e+01 5.029009511984389169e-01 7.386217217456682912e-04 3.785387893405183779e-01 1.211601693582187863e+03 2.440285734179600894e-04 1.498952329415697449e+00 2.756207529354199326e-01
1.542164810422602672e+00 1.226912439098582119e+01 5.140253403637841112e-01 5.733400379573733380e-04 3.851751856122500040e-01 1.222214317363470627e+03 2.504980155240037806e-04 1.470752590506914759e+00 2.846799155759355271e-01
1.572723818493005465e+00 1.223915967533988258e+01 5.256745062767554932e-01 3.973504186685625824e-04 3.922415273056690799e-01 1.233273785431800206e+03 2.569785988122349780e-04 1.435303341795658216e+00 2.939220579770052133e-01
1.602722885817722709e+00 1.220877711156035872e+01 5.381641710185570693e-01 2.289995743886461509e-04 3.987414375366339359e-01 1.244792203665244642e+03 2.635343335095059292e-04 1.391195790137276900e+00 3.034544766075240041e-01
1.631969966989911480e+00 1.217830406343280281e+01 5.515430130933017816e-01 2.169425559637273913e-04 3.966683235880022473e-01 1.256763149641534710e+03 2.700720469185845219e-04 1.338761271418307919e+00 3.131811275205759193e-01
1.660314247430952461e+00 1.213981957113212573e+01 5.656803804834354965e-01 2.041044118105160088e-04 3.944609009250691911e-01 1.269192174268466943e+03 2.763798105369671791e-04 1.280289280844081112e+00 3.228448619163273858e-01
1.687635820037782786e+00 1.210228758172027597e+01 5.805596494345555136e-01 1.904345359349018582e-04 3.921104682264486274e-01 1.282092184876443525e+03 2.823359791463102958e-04 1.216261708588884050e+00 3.323033969506927199e-01
1.713837964801308011e+00 1.206810963502128686e+01 5.961436940494673209e-01 1.758790437839622561e-04 3.896077604471399614e-01 1.295481582782316764e+03 2.879184291354398200e-04 1.145035260990271642e+00 3.415272714448571167e-01
1.738845786835439888e+00 1.202226241700979870e+01 6.124696795698958418e-01 2.477432107644747506e-04 3.935682050328582204e-01 1.309373487355391717e+03 2.930610781143394919e-04 1.066199602665035995e+00 3.504466951144905029e-01
1.762573445180873222e+00 1.198184836303260425e+01 6.297452967294320247e-01 3.699001108366814050e-04 4.012461847701412343e-01 1.323745860827810247e+03 2.978076336747322917e-04 9.808658803993814956e-01 3.591458375251622148e-01
1.784950492285993340e+00 1.193817314829155585e+01 6.477740858994914808e-01 4.999710651279363430e-04 4.094215899324120667e-01 1.338617747207626280e+03 3.020516414210522435e-04 8.910731606277270123e-01 3.674904761194556224e-01
1.805961346258124989e+00 1.188979453204024317e+01 6.662231843680950227e-01 6.384687933793652430e-04 4.181266467122225494e-01 1.354042371611318231e+03 3.055822015389772278e-04 8.043755376945826985e-01 3.752078999394701242e-01
1.825650584040922064e+00 1.183910196727237008e+01 6.847661222991199281e-01 7.092963253845636874e-04 4.297412230062590544e-01 1.370073131235018536e+03 3.082623428455498666e-04 7.254067025521372392e-01 3.821023324499204232e-01
1.844074053022905613e+00 1.178844612305053019e+01 7.037069777313341712e-01 7.264943770982123031e-04 4.438899485916305565e-01 1.386616840272001809e+03 3.100992852492196849e-04 6.528412731595240048e-01 3.882186530075717457e-01
1.861264080600319559e+00 1.173181186903185491e+01 7.230684843359536096e-01 7.448066214087860652e-04 4.589553131990045665e-01 1.403725174631259051e+03 3.110360876550207691e-04 5.869681336918000092e-01 3.934934389913499753e-01
1.877252550705235112e+00 1.167838389086725392e+01 7.428058337138783163e-01 7.643052423731607750e-04 4.749967021837328551e-01 1.421484017220349415e+03 3.116518424981787804e-04 5.379398465477065461e-01 3.986638538774499585e-01
1.892072504300439606e+00 1.161955152843883354e+01 7.628775880753680960e-01 7.616361666139560274e-04 4.898791230171437028e-01 1.439973839787134466e+03 3.122274186283770714e-04 5.146509369005181078e-01 4.040641839563834936e-01
1.905758227197458465e+00 1.155954360351366539e+01 7.833420070342606012e-01 7.182235355388488741e-04 5.019194914564567567e-01 1.459088288518482386e+03 3.127397865376756224e-04 5.213373403879076884e-01 4.096037554470942088e-01
1.918342606417213769e+00 1.149866643833511759e+01 8.042455539313335677e-01 6.719983747096565721e-04 5.147399069384640535e-01 1.478857869526018249e+03 3.131870618930885091e-04 5.596455364228891671e-01 4.151810862300235327e-01
1.929852474926907924e+00 1.143783733353896537e+01 8.256412034839615277e-01 6.227784716361033741e-04 5.283909055735748206e-01 1.499371469711305053e+03 3.140097268130374029e-04 6.162023060886981929e-01 4.213375062813382033e-01
1.940306256121541395e+00 1.136957808571416884e+01 8.476181900151991133e-01 5.718564809540769471e-04 5.426494503065379948e-01 1.520720214609612412e+03 3.157057954386075600e-04 6.755712327847478438e-01 4.287972981084879343e-01
1.949714857846760019e+00 1.130777925053102173e+01 8.702374806893627968e-01 5.446980352712717244e-04 5.527921714126642350e-01 1.542854518204143460e+03 3.182808496746294784e-04 7.373236971564676168e-01 4.375979289871627098e-01
1.958092983188910230e+00 1.123806762023062156e+01 8.934867684544208766e-01 5.157801031287441223e-04 5.635919986234403378e-01 1.565742516057487592e+03 3.217178385119505847e-04 8.015245293591900522e-01 4.477280536147354439e-01
1.965457754503867172e+00 1.116826225377924153e+01 9.173743981367453726e-01 4.849886944757335382e-04 5.750915032003897087e-01 1.589469746330089492e+03 3.258557528088465677e-04 8.645330424150130533e-01 4.589980190906923219e-01
1.971825800426689312e+00 1.109826833305178084e+01 9.419213407731971133e-01 4.522024343045793517e-04 5.873360144258408244e-01 1.614129712883442153e+03 3.300661393612745894e-04 9.124456762883595973e-01 4.705931766176678077e-01
1.977212493330995358e+00 1.102813238888583314e+01 9.671740138405787723e-01 4.300365632413252846e-04 5.979103078456562415e-01 1.639749574423540935e+03 3.342980179295880613e-04 9.434144117876360758e-01 4.824876414835647664e-01
1.981634791303352294e+00 1.095792382906833495e+01 9.931768927357028653e-01 4.111213905938015207e-04 6.082637275101642205e-01 1.666236719378769067e+03 3.385617846031857255e-04 9.565231305419414909e-01 4.947395138920616109e-01
1.985112270899804576e+00 1.088049016579093831e+01 1.019935637771248071e+00 3.909807799906102679e-04 6.192879035914531372e-01 1.693672268511187212e+03 3.428736779346313332e-04 9.503240858634678379e-01 5.074426382724689377e-01
1.987665188620350909e+00 1.080870659273083056e+01 1.047463832119621463e+00 3.695353402355322850e-04 6.310262916998647942e-01 1.722155142981196150e+03 3.469314692717593391e-04 9.348835289332037002e-01 5.201881812032802532e-01
1.989313643570876033e+00 1.073808541332003763e+01 1.075816096292747659e+00 3.524543588262564519e-04 6.416991797336695225e-01 1.751749462748868382e+03 3.505892742296658855e-04 9.133571375256396285e-01 5.327697642751810791e-01
1.990077163327112819e+00 1.065926367170795253e+01 1.105170834979302352e+00 3.414341352621043575e-04 6.507889482439294104e-01 1.782274409438083694e+03 3.537828030354804739e-04 8.850302512053154214e-01 5.451076574725376434e-01
1.989976682583611156e+00 1.058805840224067474e+01 1.135430408326373541e+00 3.296999557385168404e-04 6.604676062953142024e-01 1.813854645359914684e+03 3.564100043811022902e-04 8.491006798868411254e-01 5.570218019040029667e-01
1.989036717916874419e+00 1.050925642305827523e+01 1.166391770756925350e+00 3.172055659205389832e-04 6.707733056725758702e-01 1.846739239863179364e+03 3.585917282816362332e-04 8.108284742024662872e-01 5.686650612925500115e-01
1.987285956253697972e+00 1.043770486371043127e+01 1.197777131506964077e+00 3.039017148408970637e-04 6.817466698611471809e-01 1.881254556295627935e+03 3.604214777465342655e-04 7.752493486475003914e-01 5.801272867914710751e-01
1.984757355532644985e+00 1.035850960610947880e+01 1.229215363683967777e+00 2.897359607602445855e-04 6.934309541786864983e-01 1.917825710052843078e+03 3.618419570351008065e-04 7.433773724930925475e-01 5.912321117807299853e-01
1.981488042125737481e+00 1.028091171002807158e+01 1.260219228066412622e+00 2.746524644498718037e-04 7.058722162809037970e-01 1.957005537422822727e+03 3.628114714100744891e-04 7.161584858050784597e-01 6.017920326468502168e-01
