# M(M_sol)  R(km)   nb_c(fm^-3)   Alpha_C(MeV^-1)     cs2_c   mu_c(MeV)cs2_mubm1_Vavgcs2_mu_cs2prime_VavgNS_cs2_vAvg
1.554034938319695247e-01 2.000000000000000000e+01 1.237813903452031628e-01 2.261409077481428640e-03 3.391926527121379847e-02 9.737501691889506219e+02 2.309415160175504092e-05 1.781367422876069639e+00 2.236685419092665494e-02
1.615106464517978568e-01 2.000000000000000000e+01 1.266517107249664209e-01 2.305490514109592021e-03 3.569646894540876025e-02 9.745281956685386149e+02 2.410175010122990374e-05 1.819813642515066610e+00 2.335605281569466327e-02
1.679286574210571703e-01 2.000000000000000000e+01 1.295530071673948735e-01 2.347331608486228662e-03 3.758140578850544672e-02 9.753380339533404140e+02 2.516518410255994234e-05 1.859991497924950776e+00 2.440101357764903195e-02
1.746736996351955784e-01 2.000000000000000000e+01 1.324845979767486637e-01 2.386095067725655348e-03 3.957695737426848714e-02 9.761811586547776187e+02 2.628778158688463700e-05 1.901254659638270450e+00 2.550513033224191539e-02
1.817628068562908428e-01 2.000000000000000000e+01 1.354456088413678594e-01 2.422517646226220438e-03 4.168914961758899557e-02 9.770591782876977049e+02 2.747264295988655197e-05 1.942952614742596396e+00 2.667163343725776486e-02
1.892139803922254504e-01 2.000000000000000000e+01 1.384351588693729374e-01 2.456247335108025908e-03 4.392080994067169147e-02 9.779738281838631337e+02 2.872278991681963137e-05 1.984608901415799931e+00 2.790364750231725394e-02
1.970461076754151108e-01 2.000000000000000000e+01 1.414534357809104914e-01 2.487596610048110023e-03 4.627658206799595969e-02 9.789268012930365330e+02 3.004139858137305183e-05 2.025982397794523493e+00 2.920448989899466705e-02
2.052788502237930246e-01 2.000000000000000000e+01 1.445004773418407384e-01 2.516932501506385401e-03 4.876334802514081801e-02 9.799200100111796701e+02 3.143157739756743919e-05 2.066907671752782338e+00 3.057749073315054605e-02
2.139326511459153646e-01 2.000000000000000000e+01 1.475763381688745823e-01 2.543793064272077600e-03 5.138399263886578305e-02 9.809554578862954486e+02 3.289654131941681359e-05 2.107226215442314476e+00 3.202601604878158731e-02
2.230287083250679647e-01 2.000000000000000000e+01 1.506814255603614316e-01 2.568080121820513675e-03 5.414312692787896092e-02 9.820351162289276772e+02 3.443969029593784928e-05 2.146784586048167576e+00 3.355371471123180793e-02
2.325889818871628711e-01 2.000000000000000000e+01 1.538158261431658569e-01 2.590071221635117590e-03 5.704854917918215224e-02 9.831611697772118532e+02 3.606408181622062679e-05 2.185431638168218171e+00 3.516389495617901206e-02
2.426361940041006082e-01 2.000000000000000000e+01 1.569795787626229733e-01 2.609593808896096701e-03 6.010570753458981119e-02 9.843359315883365070e+02 3.777299760541283238e-05 2.223020206161312018e+00 3.686012923995442281e-02
2.531937935476960000e-01 2.000000000000000000e+01 1.601732332898424815e-01 2.625635857773377796e-03 6.331295372905011709e-02 9.855617487677480995e+02 3.956987824228069828e-05 2.259412544209235651e+00 3.864613750005770065e-02
2.642858021477003105e-01 1.503060636906622172e+01 1.633978926039491020e-01 2.638453894810190159e-03 6.667984344611591063e-02 9.868410475400240784e+02 4.145811867294169431e-05 2.294472441581840272e+00 4.052580324696537784e-02
2.759367254460887153e-01 1.480051773364698242e+01 1.666544997778230952e-01 2.647973992223975372e-03 7.021124136869537347e-02 9.881764665424840359e+02 4.344125714940469515e-05 2.328055986445634051e+00 4.250294634416369038e-02
2.881715201881048238e-01 1.459948361036390807e+01 1.699439949236442315e-01 2.654077557677447536e-03 7.391119536787436883e-02 9.895707693537605110e+02 4.552278266436044087e-05 2.360020001887813468e+00 4.458154038302337974e-02
3.010155532878044937e-01 1.440944196274536182e+01 1.732673505463946106e-01 2.656383714373112756e-03 7.777814794471150928e-02 9.910268326229602280e+02 4.770620807355173594e-05 2.390218705679401978e+00 4.676546388092376466e-02
3.144945457460132099e-01 1.423935718803692119e+01 1.766256870938829049e-01 2.654838947726633359e-03 8.181427474584358761e-02 9.925475846872727743e+02 4.999449959781984297e-05 2.418506264246160775e+00 4.905865186664225275e-02
3.286345214176164542e-01 1.408873926251219366e+01 1.800199540067015380e-01 2.649911688037290356e-03 8.602710970283897196e-02 9.941361816914555902e+02 5.239129485534354451e-05 2.444751981467624624e+00 5.146493775436025014e-02
3.434617043678917514e-01 1.394903706013899303e+01 1.834514184264902925e-01 2.642389993869940536e-03 9.041997693882676546e-02 9.957959289582461224e+02 5.489964437645419724e-05 2.468871236731224883e+00 5.398818222256239474e-02
3.590022625249374433e-01 1.382831929531588777e+01 1.869219752468953555e-01 2.632832929676125894e-03 9.499738153489543924e-02 9.975302553215119588e+02 5.752280161657359885e-05 2.490830280187745327e+00 5.663237880073488523e-02
3.752820961877388894e-01 1.371874021574820901e+01 1.904336460144030740e-01 2.621280645646779667e-03 9.976400853622138798e-02 9.993427462092954556e+02 6.026405457768342795e-05 2.510621045322364964e+00 5.940162449851989906e-02
3.923267080129808626e-01 1.361825696462986279e+01 1.939884881601703359e-01 2.607563268272444865e-03 1.047144976069504380e-01 1.001237132703551538e+03 6.312675817128010289e-05 2.528247224738200849e+00 6.230016060849844634e-02
4.101610742331563420e-01 1.352803102138971880e+01 1.975886251954212247e-01 2.591683758697243493e-03 1.098578757024710334e-01 1.003217281372789330e+03 6.611407488613784279e-05 2.543716857702418288e+00 6.533211515190577579e-02
4.288094954361763023e-01 1.344799260896598270e+01 2.012361295478450884e-01 2.573608209603904778e-03 1.152013938248432345e-01 1.005287311869396831e+03 6.922931073608556865e-05 2.557043872777559290e+00 6.850185241107040190e-02
4.482954372252255237e-01 1.337799119273517157e+01 2.049331109747909996e-01 2.553309489959466796e-03 1.207483477582453751e-01 1.007451546728307108e+03 7.247569449547294393e-05 2.568240226697484641e+00 7.181375209491602796e-02
4.686413561278517381e-01 1.331787279373973298e+01 2.086817272664135692e-01 2.530972898736257547e-03 1.265017557635141343e-01 1.009714502962948131e+03 7.585636663054279273e-05 2.577311691351461320e+00 7.527220744260641749e-02
4.898685156144194641e-01 1.326815901291843858e+01 2.124841872876444548e-01 2.506889813265654032e-03 1.324649188136639566e-01 1.012080847304507301e+03 7.937426507670452636e-05 2.584261434705816818e+00 7.888152142448200121e-02
5.119967902071084209e-01 1.321799534981854052e+01 2.163427605625593275e-01 2.481132534817742218e-03 1.386412146495537290e-01 1.014555427871940310e+03 8.303217270306498428e-05 2.589096472561355444e+00 8.264594622177856564e-02
5.350444559728417815e-01 1.317829290747092585e+01 2.202597882463004919e-01 2.453643267348390965e-03 1.450336084773590217e-01 1.017143322194264442e+03 8.683291261193973830e-05 2.591830475261351463e+00 8.656990591632493515e-02
5.590279681481225005e-01 1.314781605898412664e+01 2.242377112838050690e-01 2.424351842643716459e-03 1.516293640112157393e-01 1.019849821124590335e+03 9.077900152938439982e-05 2.592476885546598719e+00 9.065767072116030778e-02
5.839617203933574752e-01 1.311986341959594249e+01 2.282790702545592632e-01 2.393186778999337530e-03 1.584406933720181876e-01 1.022680441844754228e+03 9.487319125281595020e-05 2.591052095803956679e+00 9.491385111620581627e-02
6.098578017392117800e-01 1.309822616636999548e+01 2.323864634260127404e-01 2.360073244630860999e-03 1.654712899928974246e-01 1.025641012107007327e+03 9.911776807295443349e-05 2.587569113591665193e+00 9.934276166084569926e-02
6.367257413621577600e-01 1.308775476315720354e+01 2.365625945934042018e-01 2.325066337802732166e-03 1.727211844089169002e-01 1.028737638683109708e+03 1.035149857517367463e-04 2.582042246966539167e+00 1.039488552402348526e-01
6.645722547127215218e-01 1.307099364472639280e+01 2.408103073050150977e-01 2.288567279545872159e-03 1.801902894609235528e-01 1.031976671948379817e+03 1.080667681410276375e-04 2.574495506756367291e+00 1.087364117847837708e-01
6.934009655587580756e-01 1.306799283447200821e+01 2.451326322942164737e-01 2.250962699052770979e-03 1.878794490728057931e-01 1.035364642593814324e+03 1.127746769271089727e-04 2.564971123498454464e+00 1.137095257230342632e-01
7.232121271195648404e-01 1.305858587328647502e+01 2.495327665806294781e-01 2.212309796270258908e-03 1.957895333671581528e-01 1.038908340437517381e+03 1.176400461130949965e-04 2.553524765290293264e+00 1.188722540685029361e-01
7.540023656986264422e-01 1.305823290181735707e+01 2.540140669891011171e-01 2.172540992973895965e-03 2.039206909997541006e-01 1.042614869842181406e+03 1.226640537409601445e-04 2.540219158332963190e+00 1.242286939556332126e-01
7.857644054121006860e-01 1.306103393917547706e+01 2.585800671943469520e-01 2.131580040883166317e-03 2.122722230983400959e-01 1.046491661208768164e+03 1.278477434541452223e-04 2.525121491774176441e+00 1.297830756776804095e-01
8.184868261020888935e-01 1.306793329276498028e+01 2.632344963732944909e-01 2.089380669459586348e-03 2.208331104971515690e-01 1.050546481138974968e+03 1.331918964493369688e-04 2.508300574714441122e+00 1.355394312195837003e-01
8.521538085142906782e-01 1.307809758450349236e+01 2.679813140345109757e-01 2.045906213212990345e-03 2.295880085827185779e-01 1.054787382163638540e+03 1.386969854943924732e-04 2.489844669264150046e+00 1.415019556283789726e-01
8.867449070304720404e-01 1.308781646174563029e+01 2.728246806555211790e-01 2.001195678384676442e-03 2.385511773780362721e-01 1.059222825510148823e+03 1.443632640294494269e-04 2.469759243599401355e+00 1.476747312018470981e-01
9.222348805805019589e-01 1.309839073399654730e+01 2.777687525914092626e-01 1.955736751032178308e-03 2.477185981276685267e-01 1.063861590156855300e+03 1.501901107199171183e-04 2.448128454622639172e+00 1.540612101750421514e-01
9.585937386285700024e-01 1.310808462278603237e+01 2.828174612520285014e-01 1.909869205208804830e-03 2.570878660244187430e-01 1.068712671832451861e+03 1.561759636942097068e-04 2.424957530927056570e+00 1.606642062639369595e-01
9.957867138545546393e-01 1.311944513896728459e+01 2.879748993223404940e-01 1.863612184963106197e-03 2.666562630027230485e-01 1.073785435393931721e+03 1.623188851290917117e-04 2.400276748611461564e+00 1.674862721168006996e-01
1.033774176005537671e+00 1.313888679500973211e+01 2.932454022937847071e-01 1.816929116784442907e-03 2.764202610110805813e-01 1.079089655522149997e+03 1.686163385293917339e-04 2.374124055609923900e+00 1.745298546266324524e-01
1.072511557995423859e+00 1.314921794561799651e+01 2.986335638258013625e-01 1.769778518408680413e-03 2.863754242998872157e-01 1.084635533050875438e+03 1.750651306061250007e-04 2.346544420884170812e+00 1.817968715204200947e-01
1.111949305016558087e+00 1.316914177964003940e+01 3.041442587808935172e-01 1.722113637026996633e-03 2.965163005115589723e-01 1.090433714393688888e+03 1.816617765598590409e-04 2.317585918481452012e+00 1.892893221337978160e-01
1.152032880848456786e+00 1.317965678122398643e+01 3.097826782842529880e-01 1.674151458453481799e-03 3.067868436074718264e-01 1.096495217629565786e+03 1.884020726731906834e-04 2.287300029951256697e+00 1.970087809748684582e-01
1.192702808522766889e+00 1.319924694828758049e+01 3.155542944301404917e-01 1.625805879754820991e-03 3.172207044952710109e-01 1.102831475743354076e+03 1.952809991522825987e-04 2.255732794348030090e+00 2.049562896216410857e-01
1.233894854836656396e+00 1.320971112925765922e+01 3.214645562530780709e-01 1.577313960171396060e-03 3.278131919294353658e-01 1.109454333567855883e+03 2.022929656779116252e-04 2.222918782666027493e+00 2.131326635643706335e-01
1.275540364061029885e+00 1.322858032815430640e+01 3.275189663980644372e-01 1.528769864873650262e-03 3.385570810369555872e-01 1.116375979794044724e+03 2.094313581374178282e-04 2.188895657431164210e+00 2.215379818524258193e-01
1.317566518079821503e+00 1.323889748305740710e+01 3.337233612331847454e-01 1.480161713628041446e-03 3.494443245386755770e-01 1.123609099183142234e+03 2.166886032402543622e-04 2.153709769400348417e+00 2.301716418324261104e-01
1.359896554754544962e+00 1.324971054984987440e+01 3.400839417191393044e-01 1.431471434861988782e-03 3.604659412599477419e-01 1.131166893124484659e+03 2.240565697529277908e-04 2.117414556505929024e+00 2.390328743457349747e-01
1.402450057039597686e+00 1.326029348081086567e+01 3.466073065684642796e-01 1.382887063568755039e-03 3.715700605227431064e-01 1.139063044785641978e+03 2.315261867196390100e-04 2.080072009380026898e+00 2.481202554589284071e-01
1.445143258199794056e+00 1.327012548247316381e+01 3.533004752959714723e-01 1.334370859399620565e-03 3.827460340322406118e-01 1.147311534325517187e+03 2.390875718923416663e-04 2.041752842662778455e+00 2.574318316789197536e-01
1.487889399514061850e+00 1.327944748941895803e+01 3.601709072104313236e-01 1.285830001081403155e-03 3.940159843527398786e-01 1.155927122909206901e+03 2.467299961224480925e-04 2.002524418156284458e+00 2.669651437000650773e-01
1.530599180137332427e+00 1.328878389746567201e+01 3.672261578737725518e-01 1.237541675359510925e-03 4.053679794648106793e-01 1.164925081931015711e+03 2.544415652607122597e-04 1.962430541192382139e+00 2.767167912805839625e-01
1.573181476707834925e+00 1.328979966680248914e+01 3.744736157929729470e-01 1.189715875681852811e-03 4.167917854696810420e-01 1.174321082703600041e+03 2.622087867520914747e-04 1.921507887773326040e+00 2.866819271965302396e-01
1.615543985609758204e+00 1.329098723947228144e+01 3.819210141782811152e-01 1.142700296054383665e-03 4.282251277016370650e-01 1.184131281769739417e+03 2.700170698040963140e-04 1.879803429188046771e+00 2.968548221261189668e-01
1.657593719511376129e+00 1.329121788852619623e+01 3.895765322424513122e-01 1.096556878552155554e-03 4.396542881817643300e-01 1.194372019576439698e+03 2.778508999390968807e-04 1.837378196430737409e+00 3.072289600900461881e-01
1.699237522494239983e+00 1.329022746490031359e+01 3.974488160356034472e-01 1.051079621327615779e-03 4.511189358935529525e-01 1.205060582980349409e+03 2.856937225530827452e-04 1.794310769203566247e+00 3.177969012809038207e-01
1.740382566443424928e+00 1.328948608980703661e+01 4.055470445285317971e-01 1.006332127689516485e-03 4.626094614560816720e-01 1.216214966267299587e+03 2.935278665427887746e-04 1.750697230162320484e+00 3.285501689549457649e-01
1.780936866610354441e+00 1.328007971749862115e+01 4.138809634756425160e-01 9.625468645103952333e-04 4.740715654662731593e-01 1.227853757104373699e+03 3.013350353063387046e-04 1.706637354084646674e+00 3.394797689932830820e-01
1.820809850299532684e+00 1.327029409991356879e+01 4.224604822094374379e-01 9.197667364387912721e-04 4.854570593238375920e-01 1.239995531119726365e+03 3.090963456737378127e-04 1.662197987141108779e+00 3.505761368247305443e-01
1.859913086609521482e+00 1.326028080270349285e+01 4.312954583131476394e-01 8.775878118504367971e-04 4.968304569588538055e-01 1.252659850831991889e+03 3.167922488628415606e-04 1.617418615143977112e+00 3.618290207055095409e-01
1.898160912270423717e+00 1.324717855217742724e+01 4.403962137103344388e-01 8.360829746642855142e-04 5.081799542477348774e-01 1.265867112748381714e+03 3.244018620583801241e-04 1.572344162462088635e+00 3.732266934619568044e-01
1.935470894173526357e+00 1.322951551823857486e+01 4.497736138148846763e-01 7.958706193841123128e-04 5.193762132540173937e-01 1.279637980778413066e+03 3.319031114499801957e-04 1.527033592799957873e+00 3.847559038114622409e-01
1.971764306854037807e+00 1.320951023249716627e+01 4.594390570111772654e-01 7.566591987972443121e-04 5.304969416485040279e-01 1.293993344180066288e+03 3.392740432553094680e-04 1.481554262279272782e+00 3.964032818995676943e-01
2.006966513549266029e+00 1.318741610696315192e+01 4.694045971028752429e-01 7.184379173431775954e-04 5.415583112061383986e-01 1.308955466650149674e+03 3.464916180650777283e-04 1.435994269161255055e+00 4.081539268518259989e-01
2.041007324992536009e+00 1.316073766762124286e+01 4.796828849653851923e-01 6.816089974579685401e-04 5.524423847980514113e-01 1.324546953122728155e+03 3.535320130928355613e-04 1.390444603113757838e+00 4.199916629784833377e-01
2.073821420899886636e+00 1.313085359758520632e+01 4.902866942442180576e-01 6.456975218233258502e-04 5.632009083680957762e-01 1.340790527444590225e+03 3.603725985896071059e-04 1.344965364508847072e+00 4.319010938726645099e-01
2.105348718776477224e+00 1.310080172500566498e+01 5.012291961883008629e-01 6.105547792297794660e-04 5.738665998276403224e-01 1.357710670455015361e+03 3.669896903659289941e-04 1.299618878480867101e+00 4.438649924193470708e-01
2.135534656895695882e+00 1.306834282897722055e+01 5.125241681315328979e-01 5.769180608021155614e-04 5.842764776398039483e-01 1.375331856691473831e+03 3.733588224130375858e-04 1.254481104942862579e+00 4.558644598798363701e-01
2.164330368679661110e+00 1.303096443041229158e+01 5.241859919624305419e-01 5.443834492595619069e-04 5.945601164102843894e-01 1.393678869359907139e+03 3.794576075211358109e-04 1.209633341769468240e+00 4.678818638265797025e-01
2.191692842945170749e+00 1.299123503189340134e+01 5.362298019699186513e-01 5.133142322672777430e-04 6.046621142693671125e-01 1.412777994597306588e+03 3.852622203001617785e-04 1.165189226116756460e+00 4.798968047919039970e-01
2.217585008309533645e+00 1.295139599123595353e+01 5.486713417889199640e-01 4.838354611798232306e-04 6.145394931373816538e-01 1.432654731883234945e+03 3.907511263548476459e-04 1.121259302179262507e+00 4.918903268889032177e-01
2.241975797084160504e+00 1.290811041075949284e+01 5.615267399964135597e-01 4.551802638269031027e-04 6.242868019736365071e-01 1.453336774940055875e+03 3.959041044599180201e-04 1.077921835226214320e+00 5.038439771697839076e-01
2.264840181992459289e+00 1.286113941179806019e+01 5.748124067999768050e-01 4.278336349905186844e-04 6.337318707587006328e-01 1.474852129388449839e+03 4.007010527434488206e-04 1.035236351524201570e+00 5.157379560769272953e-01
2.286159165076733668e+00 1.281145009683372749e+01 5.885453523313782798e-01 4.013610668724381780e-04 6.430341205268412796e-01 1.497229568114532640e+03 4.051248228448946307e-04 9.932371608337533520e-01 5.275545403550349066e-01
2.305919679073989315e+00 1.276090650398409032e+01 6.027432787104152201e-01 3.764638936180893605e-04 6.520416022092092589e-01 1.520498651494820251e+03 4.091571605432946408e-04 9.519792115667872201e-01 5.392726893556354373e-01
2.324114462566924555e+00 1.270866298181870668e+01 6.174245128825538442e-01 3.528646945470602066e-04 6.608778822186154311e-01 1.544688679715103035e+03 4.127838673315662767e-04 9.114924732815797848e-01 5.508747132358444709e-01
2.340741946476442514e+00 1.265145141382400773e+01 6.326080955307943343e-01 3.308507968624459748e-04 6.694384786900986484e-01 1.569830241007642599e+03 4.159896650528850139e-04 8.718375382399922158e-01 5.623393137339740555e-01
2.355805963921238089e+00 1.259191876008490851e+01 6.483136478198512354e-01 3.096316369655135277e-04 6.778247359293188001e-01 1.595954525840626047e+03 4.187646254247597423e-04 8.330753378833671841e-01 5.736507249571975997e-01
2.369315525187728699e+00 1.253732961300011617e+01 6.645614525783809512e-01 2.895101669470615739e-04 6.859179347728892040e-01 1.623094882272728000e+03 4.210982894704193812e-04 7.952828575199107908e-01 5.847901772590446967e-01
2.381284550431413294e+00 1.247185398861082462e+01 6.813724393627822451e-01 2.702660628928146716e-04 6.938351698644271703e-01 1.651284429111233067e+03 4.229850207076436244e-04 7.585028037727530315e-01 5.957433838940064952e-01
2.391731593714251591e+00 1.240918691225190607e+01 6.987682405326914870e-01 2.525112856706242226e-04 7.014424783590580414e-01 1.680556983642043178e+03 4.244192787145063795e-04 7.227790665245233948e-01 6.064936525183456384e-01
2.400679572457735222e+00 1.234777102740793531e+01 7.167711171447062046e-01 2.359495631471757019e-04 7.088706872308827567e-01 1.710946713916608132e+03 4.253996187722454891e-04 6.881271924351631819e-01 6.170278672646136719e-01
2.408155510464703219e+00 1.227825971646399594e+01 7.354040233447786123e-01 2.204983313160987851e-04 7.160535094364073316e-01 1.742487972857336672e+03 4.259258987200045159e-04 6.545957977223618718e-01 6.273326326971905287e-01
2.414190134064383209e+00 1.220975342957980914e+01 7.546903941818601247e-01 2.057582846720635954e-04 7.230173534328998564e-01 1.775218640808715236e+03 4.260008592205413963e-04 6.222568991934385174e-01 6.373967255222027228e-01
2.418817593521354947e+00 1.214024435953193937e+01 7.746543437170130275e-01 1.917533718421170934e-04 7.297829459856322032e-01 1.809176178538053819e+03 4.256309861566747962e-04 5.911495564906873446e-01 6.472124297286574457e-01
2.422075096939425798e+00 1.206988669042925899e+01 7.953205124373254886e-01 1.788360143770210920e-04 7.362764944556301483e-01 1.844399329203835805e+03 4.248234197305191754e-04 5.612915788910305404e-01 6.567706168516425080e-01
2.424002675632308978e+00 1.199913697443863825e+01 8.167140802773050767e-01 1.669093633249789594e-04 7.425880793964479976e-01 1.880926695489659096e+03 4.235888483801360780e-04 5.326441844229943268e-01 6.660659821204850672e-01
2.424642802736851177e+00 1.192184205642232797e+01 8.388609584742378056e-01 1.559135184951386251e-04 7.487044324051935762e-01 1.918796789593675385e+03 4.219388307032593925e-04 5.051842620088875524e-01 6.750931021119083164e-01
2.424040136239661969e+00 1.185131662647373041e+01 8.617882510645620275e-01 1.455413548136471670e-04 7.545992908514911335e-01 1.958051824397252403e+03 4.198863995786357613e-04 4.789656388904211526e-01 6.838476607282082398e-01
2.422241146979073445e+00 1.177873078697147591e+01 8.855241278682929318e-01 1.357078002457505180e-04 7.603187623995889544e-01 1.998735095419194295e+03 4.174477921876145955e-04 4.540242558627946012e-01 6.923296211379446063e-01
2.419293743687309650e+00 1.170770529953022532e+01 9.100974668032900672e-01 1.265321017578803888e-04 7.658534981292626220e-01 2.040889989368610031e+03 4.146406809352434948e-04 4.303486407937619496e-01 7.005402608828589228e-01
2.415247108879792659e+00 1.162867731300761065e+01 9.355376569369415751e-01 1.182211067794103110e-04 7.711742992271579666e-01 2.084560719533306838e+03 4.114831602187797891e-04 4.078744094138361809e-01 7.084804693979711576e-01
2.410151373846936451e+00 1.155132707832114214e+01 9.618747163102960851e-01 1.105760606912892675e-04 7.763413767878766247e-01 2.129791508195805818e+03 4.079942032922681213e-04 3.865239323054359133e-01 7.161526140025630260e-01
2.404057440784028721e+00 1.147809948849998740e+01 9.891396049873221186e-01 1.033643352735905694e-04 7.813569545337082367e-01 2.176629408965563925e+03 4.041935515733310197e-04 3.663162007100695394e-01 7.235602331897269535e-01
