# M(M_sol)  R(km)   nb_c(fm^-3)   Alpha_C(MeV^-1)     cs2_c   mu_c(MeV)cs2_mubm1_Vavgcs2_mu_cs2prime_VavgNS_cs2_vAvg
1.662603623246029783e-01 1.945806547672897935e+01 1.233267423161581444e-01 2.452758305984232504e-03 3.422936320497046991e-02 9.733908159848128889e+02 2.107251454153256134e-05 2.136341155255154778e+00 2.041569957791987411e-02
1.719815208331944012e-01 1.889735200240150093e+01 1.261726040626316436e-01 2.359118948976134979e-03 3.581050378647306076e-02 9.741680814054883513e+02 2.233595465558331649e-05 2.244362068504657692e+00 2.165134379955781924e-02
1.780309698152451603e-01 1.837761250579322692e+01 1.290515373679426980e-01 2.259413074661516599e-03 3.749408010662448609e-02 9.749744324419589248e+02 2.367081937997961955e-05 2.329385788234847876e+00 2.295765004398860401e-02
1.844247085353659110e-01 1.789785369835865581e+01 1.319671095338968703e-01 2.153247657784694829e-03 3.928672856491714771e-02 9.758148277394936940e+02 2.507433353590060354e-05 2.392725999230538303e+00 2.433218951846644051e-02
1.911780400660816615e-01 1.745750253362631099e+01 1.349277988168255116e-01 2.040204210564485008e-03 4.119551550647381627e-02 9.766947943814583368e+02 2.648645403763075879e-05 2.434436653409765228e+00 2.571693100887047917e-02
1.983042686887155903e-01 1.704810625742780417e+01 1.379488682692747437e-01 1.920795220259447931e-03 4.322217335716888043e-02 9.776203667325539755e+02 2.790737346665356038e-05 2.456237097142895287e+00 2.711227111660527433e-02
2.058138037563076173e-01 1.667732222507025241e+01 1.410415055765759929e-01 1.899961948402372402e-03 4.473746657502090940e-02 9.785849929821982869e+02 2.934290395875935239e-05 2.460325401488619779e+00 2.852401510274262322e-02
2.137174253040375893e-01 1.632803984312954881e+01 1.442015032084146831e-01 1.877778972656776605e-03 4.635092954568055534e-02 9.795808466744629186e+02 3.079079659772972341e-05 2.449447783082293828e+00 2.995003642956108394e-02
2.220269275107575047e-01 1.600910348184037346e+01 1.474280731853250537e-01 1.854158851136470396e-03 4.806892229257618554e-02 9.806121547115662906e+02 3.226042521715562770e-05 2.424646652448620099e+00 3.139969050161733888e-02
2.307544738501778325e-01 1.571801793183862017e+01 1.507223064176712313e-01 1.829008476947164945e-03 4.989821687947285089e-02 9.816837906620959302e+02 3.377292263175480405e-05 2.385116848124619437e+00 3.289398016624024007e-02
2.399120392964336490e-01 1.544840091773096802e+01 1.540880953351440041e-01 1.802228711173382240e-03 5.184602410490858626e-02 9.828012988369283676e+02 3.535700726956705599e-05 2.330680175767257722e+00 3.446152360838455886e-02
2.495105515941635765e-01 1.519998363278029530e+01 1.575333358928059091e-01 1.773713992088065024e-03 5.392002192605554328e-02 9.839708923013379263e+02 3.698460414903793653e-05 2.274208539127726691e+00 3.607514795941936525e-02
2.595586322402630985e-01 1.497748346808494624e+01 1.610715097180853428e-01 1.746161817882005808e-03 5.611629957671594032e-02 9.851993636581530609e+02 3.865600773226960827e-05 2.217355721659885148e+00 3.773559790307019074e-02
2.700605679263448633e-01 1.476763593716625245e+01 1.647271826672567774e-01 1.764326082927418276e-03 5.825054849777733940e-02 9.864780351831103644e+02 4.037682495502017656e-05 2.160378466198312086e+00 3.944885954454205312e-02
2.810170619991723684e-01 1.457749809129458463e+01 1.685046732897087507e-01 1.783667137645240756e-03 6.052306682210814581e-02 9.877990838013611210e+02 4.214284161864900334e-05 2.104292404125678750e+00 4.121118675181397600e-02
2.924307405543629113e-01 1.439844582592482070e+01 1.723927032008307492e-01 1.804261221505091975e-03 6.294281246820217224e-02 9.891673036207956784e+02 4.394166432030195278e-05 2.050111027010630860e+00 4.301085155811737448e-02
3.043079469459599729e-01 1.423806651250592559e+01 1.763759146863616012e-01 1.826189513225179783e-03 6.551932370206223211e-02 9.905887777123243723e+02 4.575305785296905219e-05 1.999110374057077921e+00 4.482830098588408418e-02
3.166599763585140614e-01 1.408907971402736159e+01 1.804339959634138069e-01 1.849538450766348907e-03 6.826275673558071522e-02 9.920711828822304597e+02 4.757520572975562341e-05 1.952884216681082252e+00 4.666186567345931291e-02
3.295045382334355621e-01 1.395752946765865232e+01 1.845406344350333794e-01 1.874400072057259272e-03 7.118392576076859601e-02 9.936241739363824763e+02 4.945411445392739895e-05 1.912680697769282290e+00 4.855710212201071185e-02
3.428674657995007813e-01 1.382888746256421797e+01 1.886660898098328487e-01 1.895866925376054604e-03 7.426392310013907316e-02 9.952584039709195167e+02 5.139008541950823930e-05 1.879214290266797427e+00 5.051485426728955647e-02
3.567742280066108496e-01 1.371755000089033771e+01 1.928622061148568267e-01 1.903350876981510899e-03 7.745002205129328243e-02 9.969540697822253605e+02 5.339752878304756498e-05 1.852401598521462800e+00 5.255006329313655078e-02
3.712366769188496507e-01 1.360867145392685984e+01 1.971525051496563763e-01 1.911319683709709156e-03 8.084253553843992468e-02 9.987054282073418108e+02 5.548277006582987740e-05 1.832416418276229697e+00 5.466956074048553299e-02
3.862666585334554870e-01 1.351762928905248096e+01 2.015295936848950087e-01 1.919804757373879105e-03 8.445483632913027006e-02 1.000520093209591664e+03 5.764479929228657188e-05 1.819805071825909559e+00 5.687299675378422459e-02
4.018780755245933145e-01 1.342763005250843378e+01 2.059859227580033980e-01 1.928839544832285308e-03 8.830116355873754430e-02 1.002407150555193994e+03 5.988093278404660704e-05 1.815101340192588619e+00 5.915837322638187873e-02
4.180867620965793008e-01 1.334764878865410331e+01 2.105142618851892355e-01 1.938459659830610521e-03 9.239667885894348176e-02 1.004377355310088092e+03 6.220152529638222120e-05 1.816675499886937661e+00 6.153666138636313537e-02
4.349101261962796117e-01 1.326940995126913059e+01 2.151083601777025456e-01 1.948703023385875465e-03 9.675752612256374730e-02 1.006443342457479730e+03 6.463796939364963316e-05 1.820501114099707607e+00 6.403994817237486370e-02
4.523664836998640970e-01 1.320170481088547199e+01 2.197649621293105426e-01 1.953780939896847865e-03 1.012061736040929527e-01 1.008618708955988495e+03 6.719708014558310955e-05 1.826514759942561295e+00 6.667610852158235846e-02
4.704703753078066653e-01 1.314003859462315127e+01 2.245186627912376942e-01 1.934738856813849770e-03 1.051263073515389807e-01 1.010879506783455099e+03 6.988384813131902243e-05 1.834468641189170413e+00 6.945131910545551679e-02
4.892281427300322894e-01 1.308035041519890385e+01 2.293821922673599800e-01 1.914463113758526616e-03 1.093004107970115546e-01 1.013216191102534140e+03 7.269108317161176807e-05 1.843931184210949814e+00 7.235911334134154105e-02
5.086462455325757581e-01 1.303004390067288654e+01 2.343493089555348519e-01 1.892873786863269198e-03 1.137449376157348979e-01 1.015638408129561299e+03 7.561274697569903523e-05 1.854674410550775754e+00 7.539442517977991420e-02
5.287323040549636310e-01 1.298134434102904677e+01 2.394143048147313602e-01 1.869885774314554699e-03 1.184774074503713304e-01 1.018157566536321610e+03 7.864347375551253446e-05 1.866508719763915636e+00 7.855298242898230143e-02
5.494945828839803426e-01 1.293986468676312107e+01 2.445727300107403135e-01 1.845408460894656412e-03 1.235164749707641646e-01 1.020787038502882069e+03 8.177865998335705699e-05 1.878668585646585010e+00 8.183138708773139702e-02
5.709411465846212508e-01 1.290785205527187074e+01 2.498223738198293575e-01 1.819345360790361119e-03 1.288820034077836074e-01 1.023542357707250972e+03 8.502211230632903153e-05 1.888889665614045477e+00 8.523508528173791288e-02
5.930785607041361152e-01 1.286973614333982319e+01 2.551645706365173183e-01 1.791593737260701018e-03 1.345951428511343306e-01 1.026441399005448602e+03 8.838112576390602312e-05 1.896826786526884856e+00 8.877330518199066933e-02
6.159091056177229406e-01 1.284054000739836177e+01 2.606231421750576649e-01 1.768762893019604340e-03 1.393160471547973955e-01 1.029467493552147062e+03 9.186287568202614095e-05 1.902407509487306525e+00 9.245512779312194118e-02
6.394278261191925772e-01 1.281015990652455017e+01 2.662163370722952505e-01 1.744559031079570468e-03 1.443212855243549697e-01 1.032595739184152535e+03 9.546102602561937624e-05 1.905608563464261218e+00 9.627528060957557532e-02
6.636285935490281451e-01 1.279008312489494159e+01 2.719393518804274490e-01 1.718787098276650105e-03 1.496507931559232785e-01 1.035838162125402732e+03 9.917507738214879627e-05 1.906322800021702957e+00 1.002350363600175015e-01
6.885052520001717635e-01 1.276838091961867860e+01 2.777885242576796365e-01 1.691345505606694447e-03 1.553255781507197619e-01 1.039208880908140600e+03 1.030126689171519843e-04 1.904401186131076340e+00 1.043445801323479860e-01
7.140507751987367202e-01 1.274837180739405085e+01 2.837622838574550554e-01 1.662126082522586085e-03 1.613680096403413700e-01 1.042724294886269263e+03 1.069853899561216943e-04 1.899723150698172436e+00 1.086187228623522738e-01
7.402559655592251264e-01 1.272807081193146495e+01 2.898624167751807090e-01 1.631013650542539493e-03 1.678019059624487608e-01 1.046403257289701514e+03 1.110732578682157250e-04 1.892929384770965617e+00 1.130400456399881792e-01
7.671076469389868091e-01 1.270950262000789799e+01 2.960957322962165517e-01 1.597885569234203020e-03 1.746526285489979347e-01 1.050267199533921712e+03 1.152764180831862475e-04 1.884112067545909985e+00 1.176104411408465805e-01
7.945863023548417337e-01 1.269948131070086816e+01 3.024818630231548289e-01 1.572203668904399200e-03 1.805448228346806239e-01 1.054314597224854424e+03 1.196004634915636582e-04 1.873167968329569666e+00 1.223403298846184872e-01
8.226664105396709337e-01 1.268112500826862643e+01 3.090419007949966046e-01 1.548246533853658196e-03 1.863233549247368392e-01 1.058501280682766264e+03 1.240313340120643775e-04 1.860135097309341123e+00 1.272166675606370978e-01
8.513213811577061696e-01 1.266945120793561763e+01 3.157720877258339276e-01 1.522737312382808775e-03 1.924762548666310302e-01 1.062839300398192790e+03 1.285549778069103538e-04 1.844968730024075132e+00 1.322273907534382287e-01
8.805244064509885060e-01 1.265899508822833930e+01 3.226685565396819610e-01 1.495575451055458248e-03 1.990277764477099698e-01 1.067346136696906569e+03 1.331639107934804020e-04 1.827558362720376195e+00 1.373680256760585194e-01
9.102476669860203318e-01 1.264878039365085449e+01 3.297291762594824482e-01 1.466653881982512902e-03 2.060037447606499483e-01 1.072042107956711106e+03 1.378532428860884489e-04 1.807793162729536274e+00 1.426372817183362562e-01
9.404611618456003574e-01 1.263871122053778784e+01 3.369547549543311926e-01 1.435858600776991232e-03 2.134316580020084453e-01 1.076950602127339153e+03 1.426404499857026199e-04 1.786904804653386414e+00 1.480565662708566987e-01
9.711310463330007359e-01 1.262873860278289939e+01 3.443506371011543776e-01 1.403068217166225044e-03 2.213407958658953345e-01 1.082098259633956104e+03 1.475380632077835262e-04 1.765509913491124072e+00 1.536433065533517051e-01
1.002217431053231023e+00 1.261879352724452730e+01 3.519354504531623240e-01 1.380156898905063670e-03 2.285019055623082884e-01 1.087493354843697261e+03 1.525516175281963404e-04 1.743598950421552551e+00 1.594087395215252334e-01
1.033673787794174403e+00 1.260891674354478909e+01 3.597421447314400611e-01 1.363467860969140534e-03 2.353177154713268493e-01 1.093077335358575510e+03 1.576683890120392380e-04 1.721408731845208262e+00 1.653428210087280192e-01
1.065452502655287237e+00 1.259894321971116327e+01 3.677673008863596160e-01 1.345697607391607795e-03 2.425750942899591867e-01 1.098861069453754908e+03 1.628676364474319720e-04 1.699184030639776077e+00 1.714271223662250376e-01
1.097507067472236475e+00 1.258929875529490161e+01 3.760039916850387298e-01 1.326776090559885759e-03 2.503026494917911515e-01 1.104866824425674395e+03 1.681331685255154263e-04 1.677102452501577856e+00 1.776491321360231523e-01
1.129791677506476022e+00 1.257856643612041481e+01 3.844456168343806102e-01 1.306628724758319548e-03 2.585308419135575742e-01 1.111120696545952796e+03 1.734500212896888038e-04 1.655322670854176170e+00 1.839978657679892105e-01
1.162260501840591820e+00 1.256117184560850220e+01 3.930867730263357118e-01 1.285176092162734329e-03 2.672921058270869010e-01 1.117653026302550870e+03 1.788476639086446034e-04 1.633774643803672877e+00 1.905095406206567532e-01
1.194866549971469460e+00 1.254950239198961093e+01 4.019244483016311542e-01 1.262333629787558724e-03 2.766209767902226835e-01 1.124498803747653028e+03 1.843441866898264895e-04 1.612437905545105687e+00 1.972097312043255835e-01
1.227559825821900708e+00 1.253942734062722941e+01 4.109765355702715839e-01 1.247137166549604345e-03 2.851941688472954817e-01 1.131665921452386556e+03 1.899406098471626925e-04 1.591392037069071730e+00 2.041073606768239457e-01
1.260282975242386749e+00 1.251990353489590824e+01 4.202978229714291469e-01 1.235870979577835971e-03 2.935903153768388285e-01 1.139080256362393357e+03 1.956279771552477240e-04 1.570866939249068839e+00 2.111981966843456682e-01
1.292977095601328008e+00 1.250742808235539272e+01 4.298823829815794917e-01 1.223874901666760582e-03 3.025304144692467778e-01 1.146758461848485013e+03 2.013804473250725994e-04 1.551153488674990921e+00 2.184588986520925313e-01
1.325586478794013701e+00 1.248985191504034553e+01 4.397175904252180190e-01 1.211101646118171353e-03 3.120497066231939787e-01 1.154730207967497336e+03 2.071730076804136273e-04 1.532519151042980976e+00 2.258679119065944152e-01
1.358058627141012220e+00 1.246990002034830525e+01 4.497893228887851480e-01 1.197500862718879188e-03 3.221857154275208357e-01 1.163030569648582969e+03 2.129842346499731911e-04 1.515190468950053715e+00 2.334075308551075700e-01
1.390343819397362957e+00 1.244980563799179762e+01 4.600824548525559998e-01 1.183018939267900310e-03 3.329783954734620854e-01 1.171700744626837377e+03 2.188731438538903237e-04 1.498753125536834929e+00 2.411488196517835303e-01
1.422394382487172537e+00 1.242745562826094741e+01 4.705816042360349560e-01 1.167598790245386866e-03 3.444702898495141108e-01 1.180788827218548704e+03 2.248573566797548967e-04 1.483137796777610262e+00 2.491199469447303583e-01
1.454162491625473397e+00 1.240015629479695569e+01 4.813165277845800616e-01 1.153817061467594810e-03 3.546600038079240624e-01 1.190281421540269548e+03 2.309367747027099951e-04 1.468442746744661465e+00 2.573313476064760241e-01
1.485593310729734107e+00 1.237769195688537316e+01 4.923564494330811558e-01 1.139696208972575510e-03 3.650801566358291561e-01 1.200093979352257065e+03 2.371015167603664371e-04 1.454774175363211519e+00 2.657793678474359433e-01
1.516631846632769509e+00 1.235003974014798267e+01 5.036893656189486146e-01 1.124660523240967464e-03 3.761753892537587629e-01 1.210258273188631392e+03 2.433232082351810392e-04 1.442327602268927311e+00 2.744380585568482189e-01
1.547226992689297864e+00 1.232002807711182157e+01 5.152998234777405040e-01 1.108650735906992332e-03 3.879894373660184304e-01 1.220815082976885606e+03 2.495749627178132034e-04 1.431309985066050228e+00 2.832841379911603119e-01
1.577331270222558368e+00 1.229040814648722346e+01 5.271713314324446564e-01 1.091603738845841731e-03 4.005688701372830396e-01 1.231812295228329276e+03 2.558447125797693594e-04 1.421719075128005549e+00 2.923111722466306128e-01
1.606900056460986326e+00 1.225807253416832410e+01 5.392872336114473697e-01 1.073452335411133026e-03 4.139632737610969837e-01 1.243305750380086693e+03 2.621993184127988552e-04 1.412543897119392433e+00 3.016053252137371188e-01
1.635890564015088477e+00 1.222077617072102029e+01 5.516321528160863519e-01 1.054026890148807754e-03 4.280225775036802793e-01 1.255359759706838076e+03 2.686431303878938914e-04 1.403655517358645133e+00 3.111838848409853031e-01
1.664259892839579091e+00 1.218788888555043570e+01 5.642648690641426379e-01 1.031568199575596569e-03 4.393220253575569889e-01 1.267904868836478272e+03 2.751732556338983568e-04 1.395028611950807296e+00 3.210573476105853530e-01
1.691963815231074530e+00 1.215023610621116035e+01 5.772323180983789381e-01 1.007654500772967986e-03 4.513535189895109268e-01 1.280877350627368742e+03 2.817606226957398464e-04 1.386614584858367305e+00 3.311984520088243622e-01
1.718960582836648543e+00 1.211028851118446426e+01 5.905235826512436059e-01 9.821915296100379965e-04 4.641644847010863995e-01 1.294324484377801127e+03 2.883735353797423550e-04 1.378420409078480402e+00 3.415777095008277198e-01
1.745211205104812757e+00 1.206829352921147169e+01 6.041293285794953061e-01 9.550789149620297989e-04 4.778054213531477967e-01 1.308300991401053352e+03 2.949845452039336286e-04 1.370466910261249227e+00 3.521724462116690990e-01
1.770678457952540974e+00 1.202214019098061293e+01 6.180435921945575117e-01 9.262097830627027831e-04 4.923300994246392337e-01 1.322869579959987277e+03 3.015935483369647663e-04 1.362464449762536223e+00 3.629937586590124554e-01
1.795325570263315962e+00 1.198100328800905423e+01 6.322661943865616196e-01 8.954703362243664807e-04 5.077957729675617315e-01 1.338101356577683646e+03 3.082469902652559476e-04 1.353614814551271417e+00 3.741119542037026902e-01
1.819114674648885321e+00 1.193155792474031252e+01 6.468086588829858874e-01 8.640442076661341902e-04 5.226116996728314978e-01 1.354063931253615920e+03 3.149406773449801161e-04 1.343781502100314551e+00 3.855404246127664969e-01
1.842009227283087913e+00 1.188750594961944529e+01 6.617290975055318825e-01 8.339473911492831324e-04 5.341274930911044105e-01 1.370625686385438712e+03 3.216470072869137401e-04 1.332873433334376134e+00 3.972578924796801858e-01
1.863980282352926343e+00 1.183751042162912626e+01 6.770416887077770340e-01 8.019007229450180081e-04 5.463893484463917538e-01 1.387768841602015300e+03 3.283130933509902940e-04 1.320817353931533988e+00 4.092031480016106171e-01
1.885002490529064545e+00 1.178189194124297323e+01 6.927451970092126654e-01 7.677778800051592153e-04 5.594456000907997995e-01 1.405555023871155981e+03 3.348998654791878219e-04 1.307513406690187674e+00 4.213378120868130905e-01
1.905052116002694973e+00 1.173173150637743767e+01 7.088451469682826023e-01 7.314443553193284700e-04 5.733477137646988409e-01 1.424053493419248525e+03 3.413735833611017336e-04 1.292840158172165577e+00 4.336334567952046526e-01
1.924105545848283194e+00 1.167785975736103588e+01 7.253573320396579094e-01 6.927569277089579321e-04 5.881504894667726191e-01 1.443340935125834676e+03 3.477518989035525434e-04 1.276611603467532774e+00 4.461281382938632190e-01
1.942137751238758536e+00 1.162193740921313889e+01 7.423124082991008343e-01 6.515630972713795047e-04 6.039122774672047722e-01 1.463500755202867367e+03 3.540612620943485271e-04 1.258615838529379305e+00 4.588757954874083667e-01
1.959121091001567949e+00 1.156192561379963557e+01 7.597563167257749273e-01 6.170947463571784235e-04 6.164282366666183899e-01 1.484566976096803955e+03 3.602834923193536662e-04 1.238673811236050692e+00 4.718775024989799172e-01
1.975034597612432385e+00 1.150644361780111247e+01 7.777056222738656377e-01 5.873234575949525449e-04 6.266073182509886985e-01 1.506380598841165238e+03 3.663479661969283943e-04 1.216835577478257324e+00 4.850414400951641447e-01
1.989868069856181254e+00 1.144730837874576501e+01 7.961644369223133122e-01 5.556234067792047105e-04 6.374458615891461788e-01 1.528983074767194239e+03 3.721851268363310719e-04 1.193111474389801252e+00 4.982778275231630749e-01
2.003614523279758863e+00 1.138216598332277307e+01 8.151455090461376951e-01 5.218696371743083246e-04 6.489865905556470027e-01 1.552450278528361196e+03 3.777367784663982668e-04 1.167413886079396779e+00 5.115189827485989715e-01
2.016268275862409087e+00 1.132121690059827657e+01 8.346736151187864605e-01 4.859290966003351146e-04 6.612749969330367072e-01 1.576864773589552442e+03 3.829614945446208800e-04 1.139651816142917662e+00 5.247225108267132843e-01
2.027823475171267376e+00 1.125849642516116056e+01 8.547907204271273374e-01 4.476601129617773086e-04 6.743595197334762981e-01 1.602314438999016147e+03 3.879535506632920548e-04 1.110094156150465361e+00 5.380348995335694218e-01
2.038272700121068759e+00 1.119691939983267126e+01 8.755625061551892685e-01 4.080858426807553959e-04 6.878612840331546074e-01 1.628889489977289486e+03 3.927125495419422560e-04 1.078686902156953842e+00 5.514835562489417420e-01
2.047608750257525756e+00 1.112887243240133373e+01 8.970233221440038207e-01 3.836806768147711243e-04 6.957359452636535657e-01 1.656498848869892072e+03 3.971777050182230778e-04 1.045456059427892992e+00 5.649944275442914110e-01
2.055835001527821948e+00 1.106236376317740344e+01 9.191650418114334364e-01 3.576943984142179930e-04 7.041207741219981386e-01 1.685081326382307225e+03 4.012524785487264160e-04 1.010685912745757253e+00 5.784141608674193691e-01
2.062961151182868047e+00 1.099783773439227730e+01 9.420052211384363217e-01 3.300245735574948436e-04 7.130488223168119921e-01 1.714719814022874971e+03 4.048497205502581174e-04 9.745345235088329616e-01 5.916126825698448943e-01
2.068999289977072831e+00 1.092841991967672755e+01 9.655731638106705983e-01 3.005621320412285233e-04 7.225552828439807396e-01 1.745503353179449959e+03 4.078780971837473509e-04 9.371466428013992545e-01 6.044503485570031920e-01
2.073962590114044158e+00 1.085855694672847527e+01 9.899150364835840321e-01 2.691909374422676274e-04 7.326776287120412290e-01 1.777525276563658053e+03 4.104591576224560570e-04 8.984860980335720448e-01 6.171173027497834918e-01
2.077864259631828858e+00 1.078963026894409438e+01 1.015100506062748709e+00 2.357873293257263547e-04 7.434557606550300513e-01 1.810880261450489343e+03 4.126980910144900237e-04 8.584681429511322737e-01 6.297976683628002670e-01
2.080716963632448735e+00 1.071916591880524905e+01 1.041270945718431262e+00 2.189586391224370484e-04 7.491228450470132083e-01 1.845491399425204008e+03 4.145332989647479470e-04 8.171993352132249644e-01 6.424260503187918525e-01
2.082536234336206160e+00 1.065160601809391849e+01 1.068522746254112699e+00 2.051900524915339116e-04 7.538704127861234339e-01 1.881156457880526659e+03 4.158586932881718412e-04 7.753158006276478220e-01 6.548224937209107255e-01
2.083342989773136811e+00 1.058159763019153132e+01 1.096773144386595344e+00 1.905294545125019536e-04 7.589255563434945673e-01 1.918042464674469784e+03 4.165541142571521573e-04 7.336538239126755290e-01 6.667355598254489646e-01
2.083163019197360910e+00 1.051113744810983874e+01 1.125894879069057053e+00 1.749190553579235913e-04 7.643082023192672159e-01 1.956380173382138537e+03 4.165009271601266549e-04 6.931771252134043548e-01 6.778835917111696308e-01
2.082026583840842271e+00 1.043877562479095822e+01 1.155708248634087720e+00 1.582973212299030349e-04 7.700395682778573558e-01 1.996470379847929053e+03 4.158810497722713719e-04 6.533707056395522406e-01 6.885019830143365160e-01
