# M(M_sol)  R(km)   nb_c(fm^-3)   Alpha_C(MeV^-1)     cs2_c   mu_c(MeV)cs2_mubm1_Vavgcs2_mu_cs2prime_VavgNS_cs2_vAvg
1.563716270404572894e-01 2.000000000000000000e+01 1.233836747693384528e-01 2.066706659046256989e-03 3.398969933927430825e-02 9.734237447762369584e+02 2.314209784780054717e-05 1.787584764108730573e+00 2.240436846931033801e-02
1.625318123814505911e-01 1.980037828770304031e+01 1.262108754405902589e-01 2.043816475172028409e-03 3.561357364105391388e-02 9.741983770003486143e+02 2.415927907520143512e-05 1.817257735739388202e+00 2.340239341902165121e-02
1.690098894129682394e-01 1.911681630271257148e+01 1.290782364744166300e-01 2.019443328352950838e-03 3.734265222733654244e-02 9.750036960621616799e+02 2.522691064948321855e-05 1.844621433507561248e+00 2.445088994897810439e-02
1.758199407191303743e-01 1.850614790870783466e+01 1.319895797473552845e-01 1.993491143384567687e-03 3.918375086056488654e-02 9.758446440204589862e+02 2.634700126389632300e-05 1.869128574336214266e+00 2.555199159355332761e-02
1.829753669623957468e-01 1.795606104683680115e+01 1.349533547760123631e-01 1.965857620736355220e-03 4.114412686901616073e-02 9.767267371464067764e+02 2.752383765334768322e-05 1.890529714895885727e+00 2.671008846097291597e-02
1.904876253942379416e-01 1.745703277212401261e+01 1.379842184498477897e-01 1.939023362177022102e-03 4.306852797560393326e-02 9.776552833582658195e+02 2.876332090453653776e-05 1.908643971267949491e+00 2.793118818418851776e-02
1.983656331076288915e-01 1.700806483238192968e+01 1.410929035044501956e-01 1.918926288276556757e-03 4.458416164238323404e-02 9.786185370746843546e+02 3.006307594091304282e-05 1.923410684483064514e+00 2.921315843113921409e-02
2.066184799012632245e-01 1.660686011598697220e+01 1.442772538137032379e-01 1.897527205792061758e-03 4.619798711828682070e-02 9.796129418204975536e+02 3.141527345455688032e-05 1.934778294688015654e+00 3.054848093662419425e-02
2.152563870813591629e-01 1.623789345606821755e+01 1.475345783864788485e-01 1.874741762824286024e-03 4.791636585568307544e-02 9.806425726094756783e+02 3.281839580103742892e-05 1.942613646159331076e+00 3.193590867450762927e-02
2.242905755156939240e-01 1.590722835853544481e+01 1.508629080640884468e-01 1.850480142653704871e-03 4.974607143985237956e-02 9.817122185792004530e+02 3.426700913729059021e-05 1.946934282182197329e+00 3.337040051394189744e-02
2.337330236196132616e-01 1.560727311444049370e+01 1.542615583487728925e-01 1.824646709696793817e-03 5.169431628942094958e-02 9.828274512937464351e+02 3.574930490472776062e-05 1.947995102045808613e+00 3.484071271756376820e-02
2.435960362127170542e-01 1.532900798970277734e+01 1.577318798268411704e-01 1.797139632525235429e-03 5.376878008660809782e-02 9.839946857665028119e+02 3.726713500929717941e-05 1.945731168137668110e+00 3.634896949512766290e-02
2.538915626511157875e-01 1.507936989020379670e+01 1.612782455690986994e-01 1.767850482462055397e-03 5.597764004935516791e-02 9.852212257211203905e+02 3.882461184205351603e-05 1.940040645976101708e+00 3.789954660268131381e-02
2.646294606194148913e-01 1.485768571188011222e+01 1.649206954716954665e-01 1.778063309786980222e-03 5.816276962775253356e-02 9.865032575474494934e+02 4.042945112839148119e-05 1.931006648926110847e+00 3.950044021061154681e-02
2.758139000229158921e-01 1.464783116742219704e+01 1.686795645143388533e-01 1.796143411781832852e-03 6.046042741192771131e-02 9.878262751994037671e+02 4.208842330682370368e-05 1.919253753640740356e+00 4.115859224503272407e-02
2.874489909172204816e-01 1.445817969036520445e+01 1.725466260480297831e-01 1.815394850863567876e-03 6.290694120235409970e-02 9.891945632703487945e+02 4.380591316189963024e-05 1.904972503740351097e+00 4.287874166821013799e-02
2.995417670123110554e-01 1.428780332555673915e+01 1.765104899711698039e-01 1.835893513250719819e-03 6.551195478095157843e-02 9.906138774915907561e+02 4.558809578696055523e-05 1.888541712469349321e+00 4.466751827374507156e-02
3.121029879608799851e-01 1.412897771767815236e+01 1.805565055334860392e-01 1.857720201524693839e-03 6.828573671148158164e-02 9.920913618727248604e+02 4.743197668020334058e-05 1.873230650364295702e+00 4.652235676233650724e-02
3.251480579772040858e-01 1.398783686712541829e+01 1.846661998945800520e-01 1.880960953141142932e-03 7.123922081664971206e-02 9.936358433088123547e+02 4.933603448607245509e-05 1.859979368507418629e+00 4.844227628964888760e-02
3.386981001324670393e-01 1.385766443283191229e+01 1.888166308246739811e-01 1.905707379576413243e-03 7.438404927755686014e-02 9.952581962096365942e+02 5.129927095742586684e-05 1.849115199429857137e+00 5.042687551714872263e-02
3.527804577155121968e-01 1.373772475000277460e+01 1.929963672124917207e-01 1.917494314646045819e-03 7.760583064975756784e-02 9.969642921594712561e+02 5.332259238465859473e-05 1.840882548171155486e+00 5.247769334966900096e-02
3.674148098924040484e-01 1.362783331272451903e+01 1.972692743062491594e-01 1.917230834736135918e-03 8.092477490946391183e-02 9.987271842515016260e+02 5.541993653591422841e-05 1.834973163435996479e+00 5.460918529513909825e-02
3.826109837479750309e-01 1.352782197782751972e+01 2.016395341986839951e-01 1.916950285022625674e-03 8.445874021837654344e-02 1.000548317770204221e+03 5.759026711763419378e-05 1.831267174603574688e+00 5.682085570393342194e-02
3.983804149547168771e-01 1.343757694886689080e+01 2.060995930018957867e-01 1.916651559621597662e-03 8.822165692542086046e-02 1.002435542811551045e+03 5.982957281029739664e-05 1.829797835167579212e+00 5.910932667908776195e-02
4.147366386386251436e-01 1.335012448922937622e+01 2.106416559034332558e-01 1.916333481003363540e-03 9.222835787079883274e-02 1.004398234143980858e+03 6.215827309235128764e-05 1.830253162312371451e+00 6.149543607661234201e-02
4.316951517208404421e-01 1.327766199731064134e+01 2.152581405052536034e-01 1.915994795350822169e-03 9.649463685476888930e-02 1.006447498975320514e+03 6.459907209110433588e-05 1.832345581284443137e+00 6.400254163402471774e-02
4.492730657071984934e-01 1.320779997424108210e+01 2.199423125521080269e-01 1.915634167617106219e-03 1.010373108943826703e-01 1.008596399897518950e+03 6.715699673543656988e-05 1.836073809060773554e+00 6.663678599688437065e-02
4.674884770322290661e-01 1.314737595310367801e+01 2.246891550446758756e-01 1.915250176263031366e-03 1.058742865135855749e-01 1.010860187081489357e+03 6.983766627557987648e-05 1.841437854936571972e+00 6.940503500253657199e-02
4.863572980056455886e-01 1.308773151276301228e+01 2.295244965249870484e-01 1.903685834590712741e-03 1.097287248067280591e-01 1.013224626923519509e+03 7.264651186219342742e-05 1.848381473424058452e+00 7.231397540045629568e-02
5.058856154665544169e-01 1.303762603505257900e+01 2.344760745588009287e-01 1.890986125680084928e-03 1.137880173326006189e-01 1.015665508331261663e+03 7.557411308084173343e-05 1.856737070289016689e+00 7.535491436623949213e-02
5.260779062037256315e-01 1.298792336903621880e+01 2.395378277351479235e-01 1.877463653709609886e-03 1.181102950940328411e-01 1.018192126734923932e+03 7.861109772573001146e-05 1.866423087428251026e+00 7.851939603903408671e-02
5.469397539992894020e-01 1.294758136706675877e+01 2.447040811231157853e-01 1.863065115169939027e-03 1.227125958466635525e-01 1.020815542163575287e+03 8.175085856439054345e-05 1.877166445602323153e+00 8.180193732020729636e-02
5.684773793609838588e-01 1.290775317444866488e+01 2.499702614034383097e-01 1.847733753231748299e-03 1.276130611537906467e-01 1.023548743565314680e+03 8.498784637143449007e-05 1.886840754717454383e+00 8.519833868292375767e-02
5.906968398564570455e-01 1.286992932281380497e+01 2.553338244112080546e-01 1.831409134019028068e-03 1.328310078976293329e-01 1.026406844583341126e+03 8.832374432803997326e-05 1.894815146828777053e+00 8.871193400664509343e-02
6.136028133382416261e-01 1.283929242950124738e+01 2.607954939897501045e-01 1.814026908388018068e-03 1.383870044234977725e-01 1.029407262884249803e+03 9.176412610560333359e-05 1.900995203051807136e+00 9.235026782744390483e-02
6.371968449473328633e-01 1.281100348585715309e+01 2.663619327566000283e-01 1.790112411133731396e-03 1.441453765470611659e-01 1.032567635678563420e+03 9.531828689308895447e-05 1.905289642499648606e+00 9.612501163174134999e-02
6.614738578260856983e-01 1.278800149296425381e+01 2.720658240651131488e-01 1.746252780123940494e-03 1.497406206313662558e-01 1.035851067282121221e+03 9.899923753033175347e-05 1.907345991970299304e+00 1.000513774527577032e-01
6.864228417476032629e-01 1.276759546213900975e+01 2.779148072233178501e-01 1.699551660032208675e-03 1.556983580748333984e-01 1.039245495608263127e+03 1.028122470757451894e-04 1.906604848705064414e+00 1.041363893916322503e-01
7.120326673031998066e-01 1.274759464663034159e+01 2.839036215513036643e-01 1.649824962209888628e-03 1.620420733641902977e-01 1.042763743510319046e+03 1.067667062311026247e-04 1.902624034183439505e+00 1.083921342703446367e-01
7.382922618875775722e-01 1.272802736136969060e+01 2.900278878763556945e-01 1.596876671645223273e-03 1.687967724516011292e-01 1.046420885289790704e+03 1.108695563803682759e-04 1.895289008052034374e+00 1.128286973153080908e-01
7.651898162152261929e-01 1.271061651685612404e+01 2.962849888334864179e-01 1.540498074302250938e-03 1.759890813242923902e-01 1.050234473849992810e+03 1.151045730671472445e-04 1.885428225846011774e+00 1.174319789731946423e-01
7.927115892771886552e-01 1.269916017024397981e+01 3.026752530149705578e-01 1.480466934402105764e-03 1.836473509601084519e-01 1.054224750102386224e+03 1.194769604811530867e-04 1.872887465976700083e+00 1.222106697721093982e-01
8.208402151402499625e-01 1.268707091340099957e+01 3.092035239978959127e-01 1.416546618403679474e-03 1.918017690827157340e-01 1.058414811020492607e+03 1.239966550450172212e-04 1.857403237833879617e+00 1.271789531582204202e-01
8.495525316844018127e-01 1.267080773043673680e+01 3.158829780020817601e-01 1.399963734406562419e-03 1.975561082692304238e-01 1.062817009514361189e+03 1.286709718696354412e-04 1.838819932044232663e+00 1.323487042535286817e-01
8.788208362216091141e-01 1.266036869686981703e+01 3.227336524287107711e-01 1.433449102599574721e-03 2.007739894543452974e-01 1.067375169808560941e+03 1.334397021152608227e-04 1.818373534952007153e+00 1.376587975457320978e-01
9.086168681292080551e-01 1.265034091231976454e+01 3.297568332957849790e-01 1.469103853113746345e-03 2.042003442185571782e-01 1.072092885128974103e+03 1.382403701119614824e-04 1.797241102674983049e+00 1.430454406128730815e-01
9.389106059472236421e-01 1.264046441971558998e+01 3.369540532101220620e-01 1.507068531504026200e-03 2.078486787265382829e-01 1.076988196979564918e+03 1.430357765221293279e-04 1.776077219361116510e+00 1.484722828023261054e-01
9.696687158848499299e-01 1.263040840701570566e+01 3.443311767468978379e-01 1.547492788706569160e-03 2.117333741530455504e-01 1.082081617541618243e+03 1.478199627797277570e-04 1.755795822062214295e+00 1.539349998232003580e-01
1.000852536056624498e+00 1.262045001651680209e+01 3.519003917173263440e-01 1.590535970939761226e-03 2.158697433713049896e-01 1.087396127678474159e+03 1.526017035784371406e-04 1.737359998993955879e+00 1.594449434119598608e-01
1.032415435389910208e+00 1.261030762048528331e+01 3.596827954178301034e-01 1.636367747822559853e-03 2.202740913140078249e-01 1.092957033682541805e+03 1.573709848888151625e-04 1.721196355278715728e+00 1.649958126402091274e-01
1.064299447821017930e+00 1.260016713149382817e+01 3.677117258823435209e-01 1.685168781186091851e-03 2.249637792448528628e-01 1.098791611751235450e+03 1.621231386118501263e-04 1.707685174185157750e+00 1.705878278135303516e-01
1.096430584285276844e+00 1.258932050629851140e+01 3.760560138050938472e-01 1.587232000864347275e-03 2.402320207211659786e-01 1.104878236031407141e+03 1.669170268687341946e-04 1.696229720382701256e+00 1.762914743442751397e-01
1.128721693342756849e+00 1.257788189140079460e+01 3.847490874142244222e-01 1.470071521247218876e-03 2.573721942750039071e-01 1.111169240669484452e+03 1.719161983524204111e-04 1.684170511634922596e+00 1.822917202914054735e-01
1.161093164763916663e+00 1.256117912308826767e+01 3.937569053974066535e-01 1.345320685395841537e-03 2.756228107325892629e-01 1.117681726767230430e+03 1.771986119602438927e-04 1.669978687689576580e+00 1.886815659605960704e-01
1.193480791180294265e+00 1.254979140356941159e+01 4.030289114546226070e-01 1.212487744659551843e-03 2.950558112232583019e-01 1.124439440341648378e+03 1.828117884083061784e-04 1.652947240547104402e+00 1.955218090829311528e-01
1.225839755711175094e+00 1.253787091893427430e+01 4.124939684254693706e-01 1.071049091970511635e-03 3.157477976527568453e-01 1.131474365999398515e+03 1.888064319432135047e-04 1.633814989896926972e+00 2.028780152243102874e-01
1.258148902343985798e+00 1.251936335965103808e+01 4.220550905655586771e-01 9.204471978649949150e-04 3.377803346561978337e-01 1.138829240643226058e+03 1.952125051349491421e-04 1.612065718385544910e+00 2.107931858319991858e-01
1.290415586016415261e+00 1.250024326412432174e+01 4.315829726703722669e-01 7.600884127878026553e-04 3.612402711133361199e-01 1.146560890785582160e+03 2.020459934554781547e-04 1.586983016861994500e+00 2.192942440397240844e-01
1.322704845642741711e+00 1.248113662757998732e+01 4.405920758566110318e-01 9.982506712198149779e-04 3.549499699290852295e-01 1.154663999286674198e+03 2.091083822704912262e-04 1.559716259428957530e+00 2.281488354734343416e-01
1.355323465704357355e+00 1.246116468959575130e+01 4.482704117614274009e-01 1.415277242982630485e-03 3.357539866228870240e-01 1.163030493361619619e+03 2.156242419612092957e-04 1.539688159293880920e+00 2.364332959803250034e-01
1.388622388981188838e+00 1.244062234722148652e+01 4.549784840468119040e-01 1.859321288975421000e-03 3.153143727679160735e-01 1.171766493541938871e+03 2.213487009408545488e-04 1.532931957425929470e+00 2.438625830531909455e-01
1.422783105169798556e+00 1.241977976811866924e+01 4.613824566640332692e-01 2.332133162684487532e-03 2.935505585430192577e-01 1.180957810432355473e+03 2.262719092379412609e-04 1.543328308952173655e+00 2.504376149998570611e-01
1.457731056360917155e+00 1.239884402992256796e+01 4.684809266221698354e-01 2.835576615958286355e-03 2.703767543323967182e-01 1.190628829451084357e+03 2.305210210702713389e-04 1.574648842844634578e+00 2.563385338025707672e-01
1.493033293282878482e+00 1.237809364345119967e+01 4.777048926433071774e-01 3.371636145631194507e-03 2.457016125561021225e-01 1.200699991301461296e+03 2.344300755697448419e-04 1.629836808814120408e+00 2.620074691162921354e-01
1.527800807806824368e+00 1.235773858473804765e+01 4.910429261899658115e-01 3.942424816105483468e-03 2.194278675919005828e-01 1.210934848741234418e+03 2.385648859400426832e-04 1.711829509382082337e+00 2.681905944148313958e-01
1.560647620124727020e+00 1.232999040949083103e+01 5.111973888366015961e-01 4.550192588726939373e-03 1.914519523691119440e-01 1.220892932839873083e+03 2.436536839335857703e-04 1.827369947443554077e+00 2.758880103122463567e-01
1.586149760589195212e+00 1.230731882548539424e+01 5.871755471137856119e-01 5.481468326014338546e-03 2.512304961410992132e-01 1.231372536549004735e+03 2.639385572397419995e-04 2.066612309795573310e+00 3.047413614378365332e-01
1.602111339161002235e+00 1.227139863834298694e+01 6.134214667146639099e-01 5.681493399395230563e-03 3.012218431235098581e-01 1.242825144559417367e+03 2.620829546792263678e-04 2.408632929270971168e+00 3.052087703144571451e-01
1.616660768822277383e+00 1.222989188519539638e+01 6.273743753225586861e-01 5.494928853421404344e-03 3.463384905704322003e-01 1.254416217923122304e+03 2.574102028154008300e-04 2.769448798552584190e+00 3.017048350141449120e-01
1.630743815267028607e+00 1.218231007161419654e+01 6.401408068845914068e-01 5.296277540909492820e-03 3.943780641383152208e-01 1.266041571395328901e+03 2.520754675970956885e-04 3.179818342508461626e+00 2.975639066252999676e-01
1.644774508602418139e+00 1.213050384380697189e+01 6.516167733396877049e-01 5.084756408870607682e-03 4.455299284540097382e-01 1.277813142543189770e+03 2.470080867867208802e-04 3.617398881726625159e+00 2.938863198589163894e-01
1.659076139458492083e+00 1.207234972255001892e+01 6.617402480634122508e-01 4.859531673462281869e-03 4.999957163168836649e-01 1.289854525245327977e+03 2.440670857958654406e-04 4.051422391464790884e+00 2.929296806337439718e-01
1.673928208571098697e+00 1.201714015162783689e+01 6.705112418736610680e-01 4.619715533340520118e-03 5.579901235043736030e-01 1.302301284121445406e+03 2.447528993651376379e-04 4.457196276939495050e+00 2.965558405767472760e-01
1.689576273483012203e+00 1.195230000148340288e+01 6.780177485111097413e-01 4.364362670083151395e-03 6.197417550697901234e-01 1.315299642886392803e+03 2.494904574954089592e-04 4.817872893022502545e+00 3.053248809670738861e-01
1.706225899276779812e+00 1.188854908072564243e+01 6.844690166358486927e-01 4.092466521889659425e-03 6.854940264683597739e-01 1.329002198721619379e+03 2.583678904909018437e-04 5.118955857482837324e+00 3.193934662145144210e-01
1.724024558643689975e+00 1.182126243620629857e+01 6.902379403027363303e-01 3.802955315869051191e-03 7.555061230635915503e-01 1.343558575977341889e+03 2.710991848109111095e-04 5.355692964929941624e+00 3.384919076834250751e-01
1.743031653298873884e+00 1.175232947648435555e+01 6.959147686659256093e-01 3.494687843275581535e-03 8.300540217962081302e-01 1.359098026004269968e+03 2.873291131412499086e-04 5.535737760248238715e+00 3.623247841254177426e-01
1.763176779631125290e+00 1.168859996012832525e+01 7.023748342250218935e-01 3.166448961039011484e-03 9.094315790428932900e-01 1.375700176953207119e+03 3.070995953055219679e-04 5.672204804517787302e+00 3.911468450797133678e-01
1.784209004819218292e+00 1.162123620673690105e+01 7.108636065454572162e-01 2.816944801857102030e-03 9.939516889530337629e-01 1.393350194602004649e+03 3.310050530433733974e-04 5.771906860389649729e+00 4.259232592529535455e-01
1.805717431168571308e+00 1.155813521846015135e+01 7.211095590852862891e-01 2.607343218575063244e-03 9.974542935312589176e-01 1.411855907756523266e+03 3.577658994049520594e-04 5.812856033762942687e+00 4.648762267859572472e-01
1.827468557379809955e+00 1.149061122274588520e+01 7.314557020946105270e-01 2.392316758714011556e-03 9.968447417122363596e-01 1.431131410630649270e+03 3.839029901737991122e-04 5.790291570298347956e+00 5.032022925214258979e-01
1.849340189415487723e+00 1.142816203253233631e+01 7.419021269728635071e-01 2.163359599392969401e-03 9.961956994825844625e-01 1.451243715814731104e+03 4.083909292404130898e-04 5.725714003226556770e+00 5.395649786239100631e-01
1.871226664226955272e+00 1.136830590938492769e+01 7.524681067181480110e-01 1.919569226625657135e-03 9.955046084174359322e-01 1.472265753588260850e+03 4.308421117761365433e-04 5.632859035504696799e+00 5.734510956292687700e-01
1.893027786427924797e+00 1.130227932586512019e+01 7.631943198960093877e-01 1.659984656174694857e-03 9.947687443418667952e-01 1.494274519569256654e+03 4.511571832234229150e-04 5.520186829808290341e+00 6.047188226174936565e-01
1.914642379170164999e+00 1.124042744864046561e+01 7.741507565990038975e-01 1.383582645499213714e-03 9.939852065926167990e-01 1.517348188393652890e+03 4.681576659523870097e-04 5.393859746216734585e+00 6.316928493336292361e-01
1.935963520466804200e+00 1.117989496046597608e+01 7.854468008333754803e-01 1.089273660289777259e-03 9.931509065841201966e-01 1.541561499083749595e+03 4.809770061819465016e-04 5.261730742357073609e+00 6.531034859835506134e-01
1.956873789474798953e+00 1.111977884812116635e+01 7.972440171116836893e-01 7.758975796913537316e-04 9.922625556337749675e-01 1.566978765254242717e+03 4.918495863085761656e-04 5.125316891325205404e+00 6.720397787478994411e-01
1.977240744670637262e+00 1.106002572373560255e+01 8.097722889779541688e-01 4.422191232849128663e-04 9.913166519984614178e-01 1.593643721521965517e+03 5.012776693518954758e-04 4.984353766314240985e+00 6.891755707760192085e-01
1.996912446145947095e+00 1.100069670113912679e+01 8.233501034308630118e-01 8.692298180159501245e-05 9.903094670712074832e-01 1.621565321291024929e+03 5.095487639448038680e-04 4.838505730385890935e+00 7.048887796432481423e-01
2.015713336944915390e+00 1.094779952721697747e+01 8.384099533820421613e-01 -2.913913676245816035e-04 9.892370306835923666e-01 1.650698634884137391e+03 5.168924574658850758e-04 4.687034818043047224e+00 7.194805290065661163e-01
2.033452717410888066e+00 1.088804534709429994e+01 8.549829051269277613e-01 -2.894849068407786392e-04 9.735301989936451239e-01 1.681115339167583215e+03 5.234264056023136841e-04 4.531689603281233047e+00 7.330771083736418170e-01
2.049980663046536478e+00 1.082864126992846110e+01 8.727460145466500174e-01 -2.837803048730030606e-04 9.566735469875025100e-01 1.712961514908918844e+03 5.292398254525883684e-04 4.377208979935694799e+00 7.457499686582729215e-01
2.065184752158726322e+00 1.076987265680669381e+01 8.917139772854929536e-01 -2.777061246886522667e-04 9.387248202983142775e-01 1.746238656604724838e+03 5.347704220599493316e-04 4.222306317492211747e+00 7.581319155681772726e-01
2.078980065404748334e+00 1.071235917571419805e+01 9.118779808469787973e-01 -2.712384228015831127e-04 9.196132677998829497e-01 1.780947789735796505e+03 5.446026398160351556e-04 4.021726280600356418e+00 7.773780037291654343e-01
2.091308714410812453e+00 1.065808970286395763e+01 9.331975215744946484e-01 -2.643517045234901829e-04 8.992635546851183159e-01 1.817093367098522322e+03 5.600679380623966707e-04 3.752960568201847202e+00 8.060266782363029181e-01
2.102139844557214143e+00 1.059861063342308363e+01 9.555901478243926661e-01 -2.570188234677571156e-04 8.775954655077891076e-01 1.854688648696833752e+03 5.757110985813771288e-04 3.462742646767798416e+00 8.359360743433614793e-01
2.111468701670236925e+00 1.053963858000813758e+01 9.789186039088394464e-01 -2.492108745425661125e-04 8.545235879855432870e-01 1.893762974697572645e+03 5.917534391125798317e-04 3.137974715964147343e+00 8.679285112199375263e-01
2.119314880726807626e+00 1.048115373860581379e+01 1.003111731279107799e+00 -2.180174187442032491e-04 8.471553438379894052e-01 1.934366076655964434e+03 6.084683596729351281e-04 2.749280695439643374e+00 9.035642563827188667e-01
2.125702626544958562e+00 1.042130074532752815e+01 1.028578076704879107e+00 -1.689280195390618759e-04 8.512428220043878335e-01 1.976532311239199316e+03 6.250071172068416862e-04 2.217598777073325866e+00 9.450982211976669545e-01
2.130652314346087373e+00 1.036224481155696253e+01 1.055339221821625317e+00 -1.166583156056544106e-04 8.555951114406279423e-01 2.020294709948095488e+03 6.261040472382357240e-04 1.580990583440975206e+00 9.719765817057749446e-01
