# M(M_sol)  R(km)   nb_c(fm^-3)   Alpha_C(MeV^-1)     cs2_c   mu_c(MeV)cs2_mubm1_Vavgcs2_mu_cs2prime_VavgNS_cs2_vAvg
1.554385025154891575e-01 2.000000000000000000e+01 1.159545009107842278e-01 1.932521491291834450e-03 4.103591160801949717e-02 9.699879885176352445e+02 2.837795536293936599e-05 1.981918663034614392e+00 2.734525637754132987e-02
1.635216704573164148e-01 2.000000000000000000e+01 1.183425858302089573e-01 1.930743962164921694e-03 4.256325623859884971e-02 9.708148202918122252e+02 2.950854477616903670e-05 1.973671590453951907e+00 2.845127998173204234e-02
1.719751961421533970e-01 2.000000000000000000e+01 1.207868627598022715e-01 1.928851274075412412e-03 4.418955138454354337e-02 9.716781438275085065e+02 3.067749359762515283e-05 1.964913931089216304e+00 2.959632625371800760e-02
1.808125612687616346e-01 2.000000000000000000e+01 1.232862515931589242e-01 1.926835966337309440e-03 4.592120765174761282e-02 9.725825438455715357e+02 3.188594050862783005e-05 1.955678421531674704e+00 3.078171456442705192e-02
1.900478475882020069e-01 2.000000000000000000e+01 1.258412942706291504e-01 1.915632326645545259e-03 4.774712527322020478e-02 9.735327131666188052e+02 3.313560148207538264e-05 1.945976915053208467e+00 3.200935140040552657e-02
1.996941010528431870e-01 2.000000000000000000e+01 1.284641645691352585e-01 1.876681889791123646e-03 4.963786118215912646e-02 9.745208668204825244e+02 3.443014098712031488e-05 1.935453404034127356e+00 3.328302231291652147e-02
2.097624879080370319e-01 2.000000000000000000e+01 1.311576686496776778e-01 1.835208010798442067e-03 5.165109026576435169e-02 9.755456176102404697e+02 3.577580112903875421e-05 1.924328151959017852e+00 3.460893419783250130e-02
2.202650108882183710e-01 1.387211870369311839e+01 1.339194803568418690e-01 1.791047206001092308e-03 5.379474836413334488e-02 9.766111434957241499e+02 3.717639664211770098e-05 1.912594563892201505e+00 3.599104179592374497e-02
2.312147431775964657e-01 1.372206835297965455e+01 1.367475215793039767e-01 1.744025400283479715e-03 5.607728544852413899e-02 9.777223710857882679e+02 3.863461965203439879e-05 1.900026412276515364e+00 3.743227512421289094e-02
2.426256599182509965e-01 1.360066947009605443e+01 1.396403056173184665e-01 1.693957240903432460e-03 5.850769892984523241e-02 9.788850651234822635e+02 4.015349205803635208e-05 1.886425707594667767e+00 3.893602606807620992e-02
2.545123356572464579e-01 1.349003381635758814e+01 1.425973495712252181e-01 1.641031575338007314e-03 6.098223402769623047e-02 9.801058281944970076e+02 4.173670622708646296e-05 1.871610583984545828e+00 4.050608614628199017e-02
2.668906434933560057e-01 1.339035503233768765e+01 1.456122734941964203e-01 1.588891673356453323e-03 6.238028436633608065e-02 9.813777262476216947e+02 4.337513416815694191e-05 1.855449369061110465e+00 4.213406651714389495e-02
2.797790470878408486e-01 1.330934348779020659e+01 1.486867047984806456e-01 1.533373836841411039e-03 6.386890876321098254e-02 9.826963353333460418e+02 4.505267909855590095e-05 1.837577385431403920e+00 4.380432790751073030e-02
2.931934470090473699e-01 1.323842246453377314e+01 1.518346706464178131e-01 1.474259223001104678e-03 6.545397514724911325e-02 9.840672287298278889e+02 4.676528843839430731e-05 1.817651667903856794e+00 4.551323028745075938e-02
3.071439058881939577e-01 1.316869953305018548e+01 1.550783403321121801e-01 1.411314811099503852e-03 6.714173160689208830e-02 9.854961176754889038e+02 4.851254683944382270e-05 1.795457463759584149e+00 4.726083138316509308e-02
3.216312110742578501e-01 1.311821385210749824e+01 1.584507373246634154e-01 1.344292483924342842e-03 6.893883101910068534e-02 9.869885303743972145e+02 5.029831943549677669e-05 1.770736281039161586e+00 4.905151069541919401e-02
3.366423261730039362e-01 1.306879551323664224e+01 1.619991574905873255e-01 1.277905565224071293e-03 7.085664807250237340e-02 9.885493160169231714e+02 5.213056105024056519e-05 1.743173804993856990e+00 5.089383590944988878e-02
3.521475571263807391e-01 1.302822910144936586e+01 1.657621708480919165e-01 1.329844018839996568e-03 7.300442110053216582e-02 9.901736459276521600e+02 5.401549460974055161e-05 1.713346653986563828e+00 5.279467783418093779e-02
3.681152859899045060e-01 1.298831330474996193e+01 1.697233091979085395e-01 1.385147355960062842e-03 7.529133970432549949e-02 9.918571337889767392e+02 5.595631665896713881e-05 1.682528877933757716e+00 5.475751283712257389e-02
3.845248560815718308e-01 1.295851740851009559e+01 1.738480214828002357e-01 1.444033573852346449e-03 7.772641856606797572e-02 9.936041755233056847e+02 5.794983513324852267e-05 1.651441938789447672e+00 5.677964751392015202e-02
4.013718634538811503e-01 1.293823574854667946e+01 1.780846256117606108e-01 1.506734792951101073e-03 8.031925639294544561e-02 9.954219443234309210e+02 5.998375464486960902e-05 1.620993135739068336e+00 5.884946110598020946e-02
4.186746107776779802e-01 1.291841829344560466e+01 1.823594339223247873e-01 1.573498171839884333e-03 8.308007375377450543e-02 9.973214816760677195e+02 6.204035084148444069e-05 1.592149525213454986e+00 6.094981427532530222e-02
4.364797293772250120e-01 1.289794438240523355e+01 1.866088283274291160e-01 1.606883536521938561e-03 8.632806000946316449e-02 9.993099036833853006e+02 6.410616136862725420e-05 1.565766501911740161e+00 6.306771465928159848e-02
4.548277120483328884e-01 1.288783583231015584e+01 1.909167464939825198e-01 1.616953593104476740e-03 8.999480988534770687e-02 1.001365468875455917e+03 6.621251127003773581e-05 1.541833292871088057e+00 6.523526587806900701e-02
4.737381112959569429e-01 1.287183008908401938e+01 1.952989138078198572e-01 1.627676048149451216e-03 9.389911373737507005e-02 1.003494355931369000e+03 6.837031579578523065e-05 1.522014624674614680e+00 6.746424672333101169e-02
4.932271422278730055e-01 1.286780680395785836e+01 1.997633829470598366e-01 1.639093167929181298e-03 9.805636173217549545e-02 1.005707507045055081e+03 7.058949043207397801e-05 1.506460068211038283e+00 6.976554804895498951e-02
5.133058432515527070e-01 1.285784511814792452e+01 2.043255121429156107e-01 1.651249956977767462e-03 1.024829411033732623e-01 1.008016924380350360e+03 7.288080030100326314e-05 1.495296031238571688e+00 7.215123258369895987e-02
5.339766706169459809e-01 1.285744015745279789e+01 2.090106618295663743e-01 1.664194335492058746e-03 1.071963007475467411e-01 1.010435444666479157e+03 7.525614526764676064e-05 1.488711844710105092e+00 7.463474143861521803e-02
5.552314963874436238e-01 1.284846759272027761e+01 2.138390889372285275e-01 1.630576151968893316e-03 1.106461996933031239e-01 1.012955688073696592e+03 7.771540834357192507e-05 1.486733515876238254e+00 7.721746009731940419e-02
5.770626196093376903e-01 1.284810604493809549e+01 2.188027474082667179e-01 1.591963626777560467e-03 1.142263917971579334e-01 1.015563001762042290e+03 8.029379813115438650e-05 1.488679832121230007e+00 7.993468760229453796e-02
5.994650321821227701e-01 1.284818013303265616e+01 2.238974489596305684e-01 1.550849551385478486e-03 1.180385301472564180e-01 1.018267917796990446e+03 8.302870989311665368e-05 1.494278519440310538e+00 8.282450182858290544e-02
6.224346191944825080e-01 1.284905669224245806e+01 2.291192905059660501e-01 1.507071860416817673e-03 1.220976416079638943e-01 1.021082908808230400e+03 8.591120822075779949e-05 1.503524719652194142e+00 8.587914179441928642e-02
6.459676309870774347e-01 1.285758159094106290e+01 2.344651717834564664e-01 1.460457988931903239e-03 1.264197265737473375e-01 1.024022533903082831e+03 8.892799737564273876e-05 1.516333816493525388e+00 8.908630298331603192e-02
6.700598415097988036e-01 1.285792429248264312e+01 2.399359008675367999e-01 1.427305434682135795e-03 1.308408050796114053e-01 1.027099972088884215e+03 9.205985500124000832e-05 1.532410145760529474e+00 9.242743058533725575e-02
6.947023287129829860e-01 1.285832594441454013e+01 2.455568659058926240e-01 1.422421528983663832e-03 1.352142369860530879e-01 1.030289827691772189e+03 9.528225820502805106e-05 1.550785305364992483e+00 9.587804921651138512e-02
7.198810638668007300e-01 1.286772646610133108e+01 2.513312709685986968e-01 1.417221214678919365e-03 1.398710059549974072e-01 1.033592975730272428e+03 9.857762764461882904e-05 1.565112805563245946e+00 9.942192982583185346e-02
7.455824550985945542e-01 1.286795701539131009e+01 2.572544558285305150e-01 1.411683992926953280e-03 1.448294682550922141e-01 1.037023584822585917e+03 1.019528053903630190e-04 1.574533679129778374e+00 1.030680368834506616e-01
7.717934038640695826e-01 1.286972151788583574e+01 2.633223206585357246e-01 1.405788036849361499e-03 1.501091693837989238e-01 1.040598242980000578e+03 1.054226223624881592e-04 1.579220550541723389e+00 1.068340047292872935e-01
7.985005412395863589e-01 1.287877991468745442e+01 2.695320611169622071e-01 1.399510105492079125e-03 1.557309211127438919e-01 1.044336211999775742e+03 1.090112998723716345e-04 1.579185125049671568e+00 1.107479905000353093e-01
8.256882904329188033e-01 1.287819682581905845e+01 2.758972088746592943e-01 1.387325989162606875e-03 1.608245154028649093e-01 1.048234698953079487e+03 1.127584659636543464e-04 1.574117310142299164e+00 1.148551917751909485e-01
8.533340205516548593e-01 1.288060950829996365e+01 2.824411310419756016e-01 1.373219217851805564e-03 1.660642095154765685e-01 1.052266380700910531e+03 1.166476859807782538e-04 1.565370350515582487e+00 1.191426948349290499e-01
8.814133104969693600e-01 1.288818488588549549e+01 2.891589655588499563e-01 1.358198525567703638e-03 1.716433623346689807e-01 1.056446442434586061e+03 1.206146323262962034e-04 1.554942898564242393e+00 1.235466741261363882e-01
9.099024450282179322e-01 1.288816748515560029e+01 2.960455370380165596e-01 1.342204703046392640e-03 1.775839660246786578e-01 1.060793820219585314e+03 1.246477080096466527e-04 1.542680471709261036e+00 1.280580950201742896e-01
9.387777731322599628e-01 1.288815954032772204e+01 3.030966591994516124e-01 1.325174705093905281e-03 1.839094375336066678e-01 1.065330562451600827e+03 1.287331459649990553e-04 1.528434362774175215e+00 1.326657445050335726e-01
9.680146068718832320e-01 1.288819889163147714e+01 3.103132745660017178e-01 1.309299535614808245e-03 1.902250004942909467e-01 1.070076509750334253e+03 1.328544150692535298e-04 1.512091864777100669e+00 1.373553577865315178e-01
9.975830614571411514e-01 1.288825630153813506e+01 3.177286223615559124e-01 1.296484559374700080e-03 1.961897761969899900e-01 1.074994030975710530e+03 1.370047719558502677e-04 1.494110543776059341e+00 1.421214206939504232e-01
1.027448219550046948e+00 1.288845365124960907e+01 3.253466987562663171e-01 1.282839352368093716e-03 2.025409857260853652e-01 1.080085161342862420e+03 1.412579382292976045e-04 1.477451750774462447e+00 1.470418842248894797e-01
1.057575819749651869e+00 1.288016270622573067e+01 3.331612808806007076e-01 1.268310127282962305e-03 2.093036645748841407e-01 1.085371565236763672e+03 1.456226378540179318e-04 1.462776657604087704e+00 1.521292260311603306e-01
1.087932159286353118e+00 1.287855818577438249e+01 3.411668395109255236e-01 1.252839612143675325e-03 2.165044701856075893e-01 1.090878521373334934e+03 1.500950806979485595e-04 1.450304406383111866e+00 1.573836071521682312e-01
1.118483148714970010e+00 1.286997314208120535e+01 3.493594945755963965e-01 1.236366824553658452e-03 2.241717870289376968e-01 1.096635281687981205e+03 1.546729615541063158e-04 1.440260437066361865e+00 1.628073395224065856e-01
1.149192076358147352e+00 1.286772807702026711e+01 3.577619855086062728e-01 1.222277787331177597e-03 2.309576788485147580e-01 1.102628287222455356e+03 1.593551436977211973e-04 1.432878126393846374e+00 1.684042036464082348e-01
1.180016152046403644e+00 1.285870604145153528e+01 3.663999884612356706e-01 1.207500276987693655e-03 2.380936262034180628e-01 1.108825581531793887e+03 1.641371088779520820e-04 1.426307676532108770e+00 1.741727173754857860e-01
1.210912259933472512e+00 1.284813725947905816e+01 3.752663607987892225e-01 1.191765391186812555e-03 2.456918828854046111e-01 1.115251825725594472e+03 1.690122132818005195e-04 1.419115200065392157e+00 1.801102027864633359e-01
1.241838488028669252e+00 1.283088486773445602e+01 3.843542753232833120e-01 1.175011105423382591e-03 2.537824000562865501e-01 1.121936043758734286e+03 1.739715369706895708e-04 1.411276235841102400e+00 1.862122070902901272e-01
1.272753359859517763e+00 1.281918918987210176e+01 3.936582717749383398e-01 1.157171376874036777e-03 2.623970692931806292e-01 1.128911866118470471e+03 1.790083072375530575e-04 1.402757023758793631e+00 1.924769561844612564e-01
1.303614346133266100e+00 1.280125135668095915e+01 4.031854822777854452e-01 1.140813157435674376e-03 2.706006771647327946e-01 1.136198193401873368e+03 1.841170193060853483e-04 1.393517782977407027e+00 1.989053523240861543e-01
1.334374592866289344e+00 1.278888398853692721e+01 4.129795691208115738e-01 1.125525575627649762e-03 2.785528557951501005e-01 1.143737062094035309e+03 1.892983212982856278e-04 1.383718672822070728e+00 2.055026410471851583e-01
1.364985563845747985e+00 1.276956334336476573e+01 4.230385574300322138e-01 1.109247572883637718e-03 2.870202240939649374e-01 1.151545537375681533e+03 1.945701666024601557e-04 1.373844420569986902e+00 2.122923517161049156e-01
1.395400679178572023e+00 1.274798299489769171e+01 4.333542034856431857e-01 1.091914983814844080e-03 2.960361591276088888e-01 1.159656987974455433e+03 1.999217043219449902e-04 1.363962807269906818e+00 2.192685582177432424e-01
1.425574705414962784e+00 1.272064758618846092e+01 4.439193121674447351e-01 1.073459486015018076e-03 3.056362003283992768e-01 1.168110115416850704e+03 2.053423375517208550e-04 1.354110709180799565e+00 2.264266533865996467e-01
1.455462640146862441e+00 1.270015390426485169e+01 4.547308106808697903e-01 1.054855330663578058e-03 3.154106876962732842e-01 1.176945908220176989e+03 2.108231192007447988e-04 1.344321109236719547e+00 2.337647433492962556e-01
1.485017438986908855e+00 1.266985761085460105e+01 4.658345240571180046e-01 1.038910030945471756e-03 3.241668375020121395e-01 1.186110321134135802e+03 2.163571893925674136e-04 1.334617570479296189e+00 2.412825494289539130e-01
1.514190373408523138e+00 1.264017706546706066e+01 4.772445263009941208e-01 1.021931699393441827e-03 3.334902630348834385e-01 1.195593555539464205e+03 2.219607451182658306e-04 1.324761157572037051e+00 2.490028279489648610e-01
1.542934918541110312e+00 1.261005898899263400e+01 4.889513599307413472e-01 1.003853410030004388e-03 3.434177158075650826e-01 1.205434027662088283e+03 2.276259064231368962e-04 1.314706193697586567e+00 2.569234123710369411e-01
1.571206715051304936e+00 1.257948208145360347e+01 5.009464138919219600e-01 9.846039010127831739e-04 3.539883283154199867e-01 1.215676279335820709e+03 2.333374307346158544e-04 1.304477128045099743e+00 2.650352271261018910e-01
1.598962787180420841e+00 1.254077093594816361e+01 5.132232881582987627e-01 9.641072937312620411e-04 3.652437682907879735e-01 1.226371508925087255e+03 2.390815889418147603e-04 1.294093242073464101e+00 2.733319569533922411e-01
1.626159816173032402e+00 1.250789288244709319e+01 5.258129502085275853e-01 9.472856552111189434e-04 3.749702030290889554e-01 1.237503155593927886e+03 2.448458805163292195e-04 1.283578199884246596e+00 2.818092124869837067e-01
1.652753896848992987e+00 1.246809117641191733e+01 5.387561916089425029e-01 9.298924300904187713e-04 3.850928594854182152e-01 1.249014054801577913e+03 2.506434900764330405e-04 1.272896657126277420e+00 2.904879341063325016e-01
1.678703563242349039e+00 1.242783722599401841e+01 5.520425443619170203e-01 9.113723678727723120e-04 3.958713221384406733e-01 1.260947735382376095e+03 2.564795685973526819e-04 1.262014373169697334e+00 2.993810324607329987e-01
1.703970462254110751e+00 1.238022726824469721e+01 5.656617751739825284e-01 8.916524653150060837e-04 4.073480780338716856e-01 1.273355464148109832e+03 2.623336166805355862e-04 1.250967573089715179e+00 3.084735403857601921e-01
1.728518290900777465e+00 1.233972154445184444e+01 5.796056517286986010e-01 8.706549895874540843e-04 4.195683667822280305e-01 1.286296121274146117e+03 2.681870344871016229e-04 1.239785646470332736e+00 3.177539640013043454e-01
1.752311769612903358e+00 1.228852450578384392e+01 5.938883478906608060e-01 8.521540038401506775e-04 4.307757104345239507e-01 1.299795119712222458e+03 2.740228024743944567e-04 1.228498805338807731e+00 3.272138598545835664e-01
1.775316160657568698e+00 1.224124160008265072e+01 6.085728095195284126e-01 8.348081095343964529e-04 4.416078160559869792e-01 1.313759029622998469e+03 2.798402985602612618e-04 1.217097958750542386e+00 3.368604786612999780e-01
1.797499683283637850e+00 1.219100840931781349e+01 6.236534296899655105e-01 8.163384445048235769e-04 4.531416902320221096e-01 1.328225036358677016e+03 2.856636709831119735e-04 1.205457240984856071e+00 3.467297265133688078e-01
1.818834090250746272e+00 1.214198478783004909e+01 6.391181140597076427e-01 7.966722041662399091e-04 4.654227977246433445e-01 1.343252176266821380e+03 2.914688225031135459e-04 1.193617929293149027e+00 3.568016292589165639e-01
1.839293732674003978e+00 1.208754958150704617e+01 6.549564987294074214e-01 7.757318672172123109e-04 4.784995487749275633e-01 1.358908171700295725e+03 2.972318120502544735e-04 1.181619061936601156e+00 3.670577719110238446e-01
1.858854893626435967e+00 1.203036899009002170e+01 6.711695886823811907e-01 7.558333482112337444e-04 4.912015303037544633e-01 1.375252885258838205e+03 3.029302924471092011e-04 1.169496479606174200e+00 3.774830212939697671e-01
1.877495031364808220e+00 1.197135053424126916e+01 6.878312110036816085e-01 7.387769899000397756e-04 5.026216162638547091e-01 1.392182258289616811e+03 3.085515392238039078e-04 1.157284432243122385e+00 3.880723282863041135e-01
1.895194970454169514e+00 1.191184755875931245e+01 7.049494343369329119e-01 7.206156187375497733e-04 5.147815636597068423e-01 1.409709873059386155e+03 3.141343333320645173e-04 1.144837888830487316e+00 3.988810594444696100e-01
1.911939228561430060e+00 1.185182999504131196e+01 7.225101859847553598e-01 7.012776453856848233e-04 5.277293051378798561e-01 1.427903767735808742e+03 3.196580633716985219e-04 1.132186145019669299e+00 4.098917602805695060e-01
1.927715177858077444e+00 1.179139400121719738e+01 7.405008609055748758e-01 6.806868425210976011e-04 5.415158787083200753e-01 1.446841844716527248e+03 3.250939706438360716e-04 1.119382616432279764e+00 4.210780445841721953e-01
1.942512187972333049e+00 1.173088420532391218e+01 7.589137465626499823e-01 6.597221822013626773e-04 5.556615855900486345e-01 1.466609510243062914e+03 3.304141481619105947e-04 1.106477366109112292e+00 4.324156350891018019e-01
1.956321324827860142e+00 1.166780319803656418e+01 7.778199144382403896e-01 6.432443483465653073e-04 5.674726339865380220e-01 1.487121668382956841e+03 3.355949663383153963e-04 1.093533290829156179e+00 4.438864284818986317e-01
1.969136950054140023e+00 1.160108161487604939e+01 7.972510618058769039e-01 6.256989819130741228e-04 5.800488727025128188e-01 1.508348816074942306e+03 3.406815365750205942e-04 1.080383569196430749e+00 4.555567233778824998e-01
1.980956836147027111e+00 1.153161992079304454e+01 8.171915888772773862e-01 6.070169217589203208e-04 5.934398753410419225e-01 1.530369432606568807e+03 3.456664340584072797e-04 1.067014253721126682e+00 4.674238921395521551e-01
1.991781591667847184e+00 1.146803995225585027e+01 8.376273687278191771e-01 5.871245260699247759e-04 6.076984271795434767e-01 1.553273063817143793e+03 3.505168476082299038e-04 1.053494233080817910e+00 4.794524569734607278e-01
2.001613544826094770e+00 1.139847288239706202e+01 8.585480647840187940e-01 5.659433820749688437e-04 6.228807332412470421e-01 1.577160872049771569e+03 3.552006727670082415e-04 1.039890478010414565e+00 4.916086075906795916e-01
2.010456406050138867e+00 1.132819289615087222e+01 8.800091644638250443e-01 5.500868717632122684e-04 6.351327786289301391e-01 1.601998309150546447e+03 3.596859041696427446e-04 1.026289981764708870e+00 5.038606566780967633e-01
2.018316836870607922e+00 1.125867806049138586e+01 9.020750957202727793e-01 5.336690609018077559e-04 6.479062522002237978e-01 1.627693223632041736e+03 3.640125977186747775e-04 1.012537336129821108e+00 5.162722109940188764e-01
2.025204521131157342e+00 1.118760224799497394e+01 9.247279737582415615e-01 5.161876061100284692e-04 6.615072677470342777e-01 1.654335444922270426e+03 3.681967086298663168e-04 9.985319256196840687e-01 5.288712221240331468e-01
2.031131613036427641e+00 1.111784863689655545e+01 9.479506589544518524e-01 4.975735981757890272e-04 6.759894383854355704e-01 1.682027937608396314e+03 3.722025235224202646e-04 9.843610352030843780e-01 5.416117003511587980e-01
2.036111638042452654e+00 1.104178008380891818e+01 9.717294475364730566e-01 4.777536635363180450e-04 6.914098506096504337e-01 1.710886702453769658e+03 3.759949247197957368e-04 9.701109132298597615e-01 5.544488505654733279e-01
2.040159340768123108e+00 1.096761990575392609e+01 9.961012808407595509e-01 4.621130593842291408e-04 7.044522826795038828e-01 1.740933246517850648e+03 3.795379553827822670e-04 9.558858936778236171e-01 5.673391202829306534e-01
2.043291587027421308e+00 1.089712200604690828e+01 1.021162783950138042e+00 4.473406253561927289e-04 7.171767192535435376e-01 1.772020289583128033e+03 3.828543538645821313e-04 9.416049664455256041e-01 5.803252683150927904e-01
2.045527410261545054e+00 1.082016294560685843e+01 1.046898706198649665e+00 4.316111447448189799e-04 7.307255208932834645e-01 1.804240963832649186e+03 3.859921813654760636e-04 9.270592265452844982e-01 5.934828616181974104e-01
2.046887815270602928e+00 1.074787560267152564e+01 1.073289572654674506e+00 4.148626143513840553e-04 7.451520948955886459e-01 1.837713835185204971e+03 3.889144969782154949e-04 9.123570317962703680e-01 6.067562162993487274e-01
2.047394889889043501e+00 1.067036870637479495e+01 1.100319419135656451e+00 3.970290140393064162e-04 7.605133086012738630e-01 1.872571876078437072e+03 3.915849194436997753e-04 8.976120134227640879e-01 6.200886065268615965e-01
2.047071291973161067e+00 1.059731759376960447e+01 1.128009400013224139e+00 3.815570886173886883e-04 7.741628273893151890e-01 1.908888913519811013e+03 3.939662377897395476e-04 8.829485709577410413e-01 6.334244033225416848e-01
2.045940857775305322e+00 1.052037531376463519e+01 1.156480803115459643e+00 3.676895690089442741e-04 7.866903472830416577e-01 1.946480596693957978e+03 3.960639410250967594e-04 8.683452353524550027e-01 6.467805230724755772e-01
2.044028852387747452e+00 1.044766499761468914e+01 1.185727095754537830e+00 3.529236285826822654e-04 8.000294748027847458e-01 1.985431657615058612e+03 3.979550781891212684e-04 8.534609127699503972e-01 6.602867289335184742e-01
