# M(M_sol)  R(km)   nb_c(fm^-3)   Alpha_C(MeV^-1)     cs2_c   mu_c(MeV)cs2_mubm1_Vavgcs2_mu_cs2prime_VavgNS_cs2_vAvg
1.608224882498606179e-01 1.903091144046826244e+01 1.268512424925185011e-01 1.516082100266695747e-03 2.647452342625327207e-02 9.727732481333057422e+02 2.063627789950298391e-05 1.102314658954131499e+00 1.997411482373444291e-02
1.660950026239604305e-01 1.852606310994064742e+01 1.305810797326863448e-01 1.583228222857363532e-03 2.766540564241764741e-02 9.735257030986639393e+02 2.132496764611340809e-05 1.139283078763516643e+00 2.065341070010593208e-02
1.715349453000932500e-01 1.805767971171321307e+01 1.343761678784191615e-01 1.654724472657114615e-03 2.893344032742868610e-02 9.743046744600471811e+02 2.205808425342919258e-05 1.180076821067357784e+00 2.137692920047434830e-02
1.771561295689118576e-01 1.761556203767625206e+01 1.382032613265516130e-01 1.730852676910844606e-03 3.028362587942207487e-02 9.751161142708294847e+02 2.283380145788134659e-05 1.223579664370896491e+00 2.214304172640092425e-02
1.829786722447509228e-01 1.722500243791512986e+01 1.420369630378315040e-01 1.796481597484290722e-03 3.177847947706708559e-02 9.759644563671216702e+02 2.365323308162093784e-05 1.269667068499916729e+00 2.295293950947923517e-02
1.890188059097219209e-01 1.684078600733831621e+01 1.459509547347563607e-01 1.849813795148724490e-03 3.343151451448071743e-02 9.768366937447175360e+02 2.452987988578781789e-05 1.318330831096058642e+00 2.381996615937234316e-02
1.952854348186074673e-01 1.649604113975065189e+01 1.499458057143511769e-01 1.906601171388316038e-03 3.519164304316943492e-02 9.777338324753010284e+02 2.547026505994339342e-05 1.369187754647755328e+00 2.475060562006395348e-02
2.017904953147234004e-01 1.617161463060638127e+01 1.539997278195127106e-01 1.967067573325612106e-03 3.706580321968401537e-02 9.786612075143024185e+02 2.647822332136157573e-05 1.421973357505622149e+00 2.574875541142894811e-02
2.085505422424030475e-01 1.586915257537907564e+01 1.580850930360456486e-01 2.031451350237876118e-03 3.906138269583170342e-02 9.796255391640088419e+02 2.755347109068178918e-05 1.476137494565530783e+00 2.681435474197998298e-02
2.155879528506314258e-01 1.558631320158383815e+01 1.621672943223678998e-01 2.100006293093360961e-03 4.118624773966580999e-02 9.806352629403221499e+02 2.869297843916165434e-05 1.531025116501525840e+00 2.794465661381930963e-02
2.229312215063892211e-01 1.531664395324456507e+01 1.662359166300119429e-01 2.141051893234417140e-03 4.341408635667453469e-02 9.816933249561616321e+02 2.990030062852802424e-05 1.586484538576905745e+00 2.914337524133024313e-02
2.306012779757839748e-01 1.506726819304754983e+01 1.703734396596127132e-01 2.166389466806892955e-03 4.576631699578509460e-02 9.827815547454179068e+02 3.118995659994183982e-05 1.642110321240861648e+00 3.042502442408236488e-02
2.386123865491800444e-01 1.481174272288840044e+01 1.745754480645743123e-01 2.193368559858932445e-03 4.827093919691647500e-02 9.839030991672024129e+02 3.256666556464871571e-05 1.697188076063427697e+00 3.179446239862886853e-02
2.469815246522749363e-01 1.459127764853989895e+01 1.788261563418162281e-01 2.222095519835135327e-03 5.093782579642621572e-02 9.850644846948980557e+02 3.403503559512056909e-05 1.751288659365741962e+00 3.325652585460521504e-02
2.557291660753173712e-01 1.439072280457788011e+01 1.831075919037701005e-01 2.252683584003288986e-03 5.377748925202920777e-02 9.862736496506380490e+02 3.559533672446628334e-05 1.803965974154932761e+00 3.481186311526443533e-02
2.648798045784742095e-01 1.420025257097648641e+01 1.873996097130013194e-01 2.285253325818299968e-03 5.680112308129264820e-02 9.875402013991292733e+02 3.723679464366140649e-05 1.854535251679974683e+00 3.645032485136685124e-02
2.744624463658307811e-01 1.401967888419944330e+01 1.916814169084491426e-01 2.314055057076796172e-03 5.995808373617395742e-02 9.888751816037978415e+02 3.896101951330750273e-05 1.902842088344079308e+00 3.817391229497242577e-02
2.845053167742774280e-01 1.384949278361289515e+01 1.960064811743940927e-01 2.311838554736447403e-03 6.296957410535565514e-02 9.902619244473013396e+02 4.077877716442674083e-05 1.948838655030507461e+00 3.999369389745647402e-02
2.950258394912000925e-01 1.369864342528438073e+01 2.004047903335014480e-01 2.309478454124631354e-03 6.617616682281039775e-02 9.916912752118741992e+02 4.269474489978161577e-05 1.991989044632799910e+00 4.191464260347484150e-02
3.060414626019343221e-01 1.354865061218234956e+01 2.048656763553447224e-01 2.306965452086917178e-03 6.959050178494666228e-02 9.931701003686765716e+02 4.471218132782855406e-05 2.031890899870919309e+00 4.394046410504388184e-02
3.175720371473344517e-01 1.341022389292229455e+01 2.093782611507629954e-01 2.304289642754918030e-03 7.322603777622142818e-02 9.947066331818172102e+02 4.683784503401577638e-05 2.068291623299011395e+00 4.607845529068226031e-02
3.296398553071747117e-01 1.328843104314250212e+01 2.139320342604693614e-01 2.301440478498876022e-03 7.709710552160285724e-02 9.963106657188691315e+02 4.907057061242262416e-05 2.101296198282452288e+00 4.832818602836423671e-02
3.422694690143015528e-01 1.316825205203945970e+01 2.185176562612526074e-01 2.298406728350527260e-03 8.121896417608928664e-02 9.979937569283697485e+02 5.139558003023895929e-05 2.131314100412889712e+00 5.067574850958192489e-02
3.554872351480377057e-01 1.305814438952820211e+01 2.231280809947526755e-01 2.294761835069669426e-03 8.558342760609559396e-02 9.997694295849375976e+02 5.381781087141938391e-05 2.158301851554913053e+00 5.312682692694695175e-02
3.693178055947905492e-01 1.295840688544408437e+01 2.277993343158161987e-01 2.276098618438621764e-03 8.935947695329539420e-02 1.001622736893501155e+03 5.634627316257660945e-05 2.182259920868062864e+00 5.569117057233746726e-02
3.837765985416758951e-01 1.285877333084156326e+01 2.325607388477464177e-01 2.256226287068802388e-03 9.338016134976276361e-02 1.003536309989870233e+03 5.898052335352243299e-05 2.202954900578375508e+00 5.836888548930500159e-02
3.988782373322389274e-01 1.277796460108797483e+01 2.374041715630058058e-01 2.235066507279559467e-03 9.766132971637439542e-02 1.005518209237799852e+03 6.172147000813977635e-05 2.220139108738421907e+00 6.116164246639035212e-02
4.146389253270942876e-01 1.269799294380011467e+01 2.423221116593128055e-01 2.212535870466143459e-03 1.022198577618433635e-01 1.007578013933666966e+03 6.457561488094373900e-05 2.233613491789343986e+00 6.407700665471102730e-02
4.310761224309918038e-01 1.261935148486192837e+01 2.473084514456704019e-01 2.188545564315788183e-03 1.070737145041731203e-01 1.009727001913864910e+03 6.755191823195752846e-05 2.243293782759840926e+00 6.712516698070450372e-02
4.482078930324560062e-01 1.255788381978561752e+01 2.523595916816285256e-01 2.163001022723200391e-03 1.122420331017691952e-01 1.011978327939830024e+03 7.063565639874272331e-05 2.250353333591907923e+00 7.029256653274069955e-02
4.660518361871689441e-01 1.249218198860370777e+01 2.574758974845174908e-01 2.135801553025487489e-03 1.177451862734131410e-01 1.014347187272168753e+03 7.382759315931971308e-05 2.255059925511424979e+00 7.358131096097263180e-02
4.846233611715932699e-01 1.243778439150629822e+01 2.626680058737856926e-01 2.109066637456788029e-03 1.229816611306619178e-01 1.016844080526275548e+03 7.713767997438755026e-05 2.257339835733465083e+00 7.700296361673114598e-02
5.039311748066724883e-01 1.238777680593806174e+01 2.679740397928085938e-01 2.083444484740615537e-03 1.277611842307727619e-01 1.019432934216959666e+03 8.056685329962442793e-05 2.257188105524465804e+00 8.055956784262748027e-02
5.239793342125163012e-01 1.234018770413781496e+01 2.733948809271098956e-01 2.056162375806786131e-03 1.328503534084535254e-01 1.022113047462475492e+03 8.410796839602700955e-05 2.254529742935525327e+00 8.424500658622360860e-02
5.447724458800451419e-01 1.229866259116639426e+01 2.789240055425424303e-01 2.027112768768595842e-03 1.382692293876187917e-01 1.024895362293260632e+03 8.776153236269161107e-05 2.249236940149105024e+00 8.806136812701806371e-02
5.663155343060551905e-01 1.226787460925088880e+01 2.845560529149839812e-01 1.996181154533052671e-03 1.440391725457977057e-01 1.027792759145681885e+03 9.153338589425413872e-05 2.241137707258398670e+00 9.201652046049296763e-02
5.886133090166747461e-01 1.223032238265413341e+01 2.902878283855908070e-01 1.963245605423605093e-03 1.501829271134643706e-01 1.030820258372047647e+03 9.542836592228109125e-05 2.230405954319912620e+00 9.611751232407521328e-02
6.116690157914277393e-01 1.220182726415493946e+01 2.961196437857780972e-01 1.928176294559952580e-03 1.567247108283040813e-01 1.033995205423464313e+03 9.943854523210670228e-05 2.218207408035921091e+00 1.003581353410102905e-01
6.354827616212445074e-01 1.217785307631076286e+01 3.020570842538404244e-01 1.890834984100407592e-03 1.636903103978184504e-01 1.037337417136012618e+03 1.035715944589229385e-04 2.204565445218558128e+00 1.047487669316348458e-01
6.600490699586328835e-01 1.215814577751068448e+01 3.081204630698900493e-01 1.862181383407133378e-03 1.698148156817351484e-01 1.040848507723784451e+03 1.078381916042827802e-04 2.189410116333082801e+00 1.093031321633558262e-01
6.853550922927257316e-01 1.213825240405817141e+01 3.143382540559332416e-01 1.836840668538038037e-03 1.757346253589524843e-01 1.044484061639657511e+03 1.122296341804081109e-04 2.172855434840166300e+00 1.140140290938774226e-01
7.113858022131320791e-01 1.211795491837824024e+01 3.207058849515947441e-01 1.809858230677405689e-03 1.820379556946364608e-01 1.048252741400422110e+03 1.167353113824236700e-04 2.154958096602415996e+00 1.188727356390351098e-01
7.381261532478337051e-01 1.210206248497991410e+01 3.272173351805869879e-01 1.781127709195914639e-03 1.887496534496612699e-01 1.052169505946935715e+03 1.213516447064272254e-04 2.135699618849651316e+00 1.238784554725951004e-01
7.655605336534619942e-01 1.208865854870700218e+01 3.338678437094320106e-01 1.750535852786870095e-03 1.958961751066002066e-01 1.056251882757554768e+03 1.260780894906546952e-04 2.115020606921024449e+00 1.290340502290567015e-01
7.936718357209859853e-01 1.207818562667171491e+01 3.406549891242739436e-01 1.717962073046934348e-03 2.035056911571196114e-01 1.060520225731861274e+03 1.309187375294165224e-04 2.093248679853935368e+00 1.343468930873098210e-01
8.224400859387167584e-01 1.206818155239383117e+01 3.475801344261489345e-01 1.683277969135144481e-03 2.116081971457344224e-01 1.064997948341007714e+03 1.358830697186574150e-04 2.070912850143688200e+00 1.398299474168308298e-01
8.518405422218967571e-01 1.205903585912762388e+01 3.546503330009225796e-01 1.646346821636502462e-03 2.202356319076411995e-01 1.069711702251748193e+03 1.409794614727657145e-04 2.047978002425899113e+00 1.454966213154592902e-01
8.818411263590291149e-01 1.205735116919179539e+01 3.618976686025480172e-01 1.625022787369044801e-03 2.271996007851903032e-01 1.074637122785056135e+03 1.462144276404458206e-04 2.024459678634895177e+00 1.513582759942405098e-01
9.124033563777351752e-01 1.204881554688621392e+01 3.693430198505885387e-01 1.602753702172823088e-03 2.345608496180229541e-01 1.079735985593858459e+03 1.515705009834975123e-04 2.000579986963456403e+00 1.573994342980472583e-01
9.434881152584417841e-01 1.203927167952920030e+01 3.769790293157136984e-01 1.579041892516932534e-03 2.423990041544917817e-01 1.085026090632839896e+03 1.570324566154397510e-04 1.976493260413636266e+00 1.636081001837329518e-01
9.750564267134088636e-01 1.203815603141568147e+01 3.847984884586253540e-01 1.553793890086523945e-03 2.507449611969361780e-01 1.090528471276229084e+03 1.625881910530497057e-04 1.952317375311684700e+00 1.699763294863693985e-01
1.007068887027355197e+00 1.202800586954805517e+01 3.927951375471021023e-01 1.526910171130575018e-03 2.596316192272470902e-01 1.096267742787678117e+03 1.682266519814598941e-04 1.928161117205799080e+00 1.764976035539029542e-01
1.039484745840470570e+00 1.202761310899532532e+01 4.009647521213161037e-01 1.498284764154537074e-03 2.690940080876332297e-01 1.102272478960463559e+03 1.739755345600978067e-04 1.904023604938646086e+00 1.832052549948908760e-01
1.072260573345655166e+00 1.201089015742377875e+01 4.093066101146449753e-01 1.467804832196965056e-03 2.791694270628843899e-01 1.108575566098837271e+03 1.798496977379657853e-04 1.879909991615121623e+00 1.901212148330733709e-01
1.105348419144397631e+00 1.201053898460209091e+01 4.178310974262658961e-01 1.440713334727351238e-03 2.887871984915879042e-01 1.115201709310673550e+03 1.858543465574422483e-04 1.855841075495271664e+00 1.972588412227113952e-01
1.138693376121327150e+00 1.200824239292011697e+01 4.265898226530237536e-01 1.419502435163938958e-03 2.974471390672171478e-01 1.122077216647105615e+03 1.919844278038960106e-04 1.831925987656738641e+00 2.046186209390364608e-01
1.172237455141174500e+00 1.200076892905478410e+01 4.355863520058727567e-01 1.396917366731798265e-03 3.066681223609306617e-01 1.129201145536777176e+03 1.982146828334842780e-04 1.808377099992984238e+00 2.121781547126696810e-01
1.205923805633104529e+00 1.198789143418225756e+01 4.448119897054286231e-01 1.372869102557074030e-03 3.164864960738201782e-01 1.136599580390232177e+03 2.045233008603467473e-04 1.785384061046339399e+00 2.199202500672444438e-01
1.239696549050547159e+00 1.198049062165543077e+01 4.542583955273589713e-01 1.347262848072836028e-03 3.269409627283342279e-01 1.144303108206765046e+03 2.108878720136797590e-04 1.763137833973309476e+00 2.278275763770302442e-01
1.273500046387036733e+00 1.197106321330374890e+01 4.639185892885286933e-01 1.319997667353443177e-03 3.380727322276826374e-01 1.152347310821345445e+03 2.173168090922133707e-04 1.741495523811694701e+00 2.359156359638964751e-01
1.307277802346547002e+00 1.196683107505527666e+01 4.737883296031654701e-01 1.290966085240614208e-03 3.499256842989505456e-01 1.160773242445440474e+03 2.238598483455389175e-04 1.719929356892199168e+00 2.442459307085897147e-01
1.340970978656991663e+00 1.194102604335756723e+01 4.838679989354015554e-01 1.260234097290786155e-03 3.624459405294074843e-01 1.169627782096107467e+03 2.305174720060588470e-04 1.698458650265724623e+00 2.528298759286497499e-01
1.374516991869265015e+00 1.193724676820925978e+01 4.942001126217389628e-01 1.233906228691273926e-03 3.722117276350801474e-01 1.178861592600050699e+03 2.372867993378558523e-04 1.677103244484942079e+00 2.616748732964529478e-01
1.407852198820489953e+00 1.192076666985390077e+01 5.048146451406235746e-01 1.205872683380537248e-03 3.826102008076085470e-01 1.188420857569115697e+03 2.441348378971015462e-04 1.655965086790408547e+00 2.707498610636608904e-01
1.440914925144172631e+00 1.190232129184633969e+01 5.157046647267267137e-01 1.176022957424989641e-03 3.936823492324890150e-01 1.198338850950477763e+03 2.510293962351330273e-04 1.635172373469848672e+00 2.800264706822006566e-01
1.473645112367185428e+00 1.188107534916616892e+01 5.268649142322979761e-01 1.144239387785653001e-03 4.054718176196805968e-01 1.208654165538817097e+03 2.579408274209135914e-04 1.614857773714181377e+00 2.894803315853264336e-01
1.505983332791839935e+00 1.185922223980870527e+01 5.382933431120128231e-01 1.110396688508514997e-03 4.180250782443539759e-01 1.219411127681464905e+03 2.648542046973237298e-04 1.594989837119553666e+00 2.991035213493047906e-01
1.537869440205416049e+00 1.184739474907308221e+01 5.499931651882499217e-01 1.074361456866526187e-03 4.313916141334679932e-01 1.230660117989185437e+03 2.718361618453481762e-04 1.574700774802217040e+00 3.089809430734430928e-01
1.569240866495541509e+00 1.181822769582070976e+01 5.619755822435092973e-01 1.035991647506520619e-03 4.456241141202691991e-01 1.242457727081782423e+03 2.788950639434090314e-04 1.553813775654767859e+00 3.191369814353983703e-01
1.600031780250501745e+00 1.178802246488323036e+01 5.742714138747556651e-01 1.003370261964813947e-03 4.566345082096752162e-01 1.254794497864629193e+03 2.860220452800697668e-04 1.532297134154795737e+00 3.295769345064321065e-01
1.630182181915415640e+00 1.176078638918903607e+01 5.869104148472086280e-01 9.709154810333560891e-04 4.672107256451065171e-01 1.267567161605721367e+03 2.931659246965313305e-04 1.510245822355604783e+00 3.402469245977130519e-01
1.659638583987647520e+00 1.172948586329936482e+01 5.998910799701936414e-01 9.363580853842112936e-04 4.784721336687645654e-01 1.280813138800472643e+03 3.002787765632719259e-04 1.487745955334769166e+00 3.510987156225637840e-01
1.688349870902831729e+00 1.169814436128797119e+01 6.132149932413301086e-01 8.995618550669077975e-04 4.904631230229031802e-01 1.294580720155134941e+03 3.073202015145734523e-04 1.464862436248846267e+00 3.620954858265661436e-01
1.716265885732257468e+00 1.167082960966567029e+01 6.268900605308377338e-01 8.603817449882849439e-04 5.032309603474188764e-01 1.308924241227117363e+03 3.142607553158086129e-04 1.441586669737495496e+00 3.732138502825159687e-01
1.743335867415545470e+00 1.163883208478830333e+01 6.409336095293040048e-01 8.186633131669917608e-04 5.168259744976928527e-01 1.323903965103701239e+03 3.211695317788512065e-04 1.417255634210002446e+00 3.845481282682794433e-01
1.769506656059966376e+00 1.160124848074610071e+01 6.553764355260973673e-01 7.742421119468996310e-04 5.313017549332146316e-01 1.339585584484731953e+03 3.280578419865119049e-04 1.391606729965609857e+00 3.961315589418684113e-01
1.794722094239507015e+00 1.156747408719100179e+01 6.702610973635712011e-01 7.430839889603915119e-04 5.421387253563844100e-01 1.355966789569142065e+03 3.349063657637611790e-04 1.364573835851319084e+00 4.079614027213251948e-01
1.818935833811738956e+00 1.152795155465172350e+01 6.856008146238283807e-01 7.154997623681847232e-04 5.520920690053056079e-01 1.372929775455872459e+03 3.416436094238058346e-04 1.336410994066541180e+00 4.199531261895490530e-01
1.842112238542903180e+00 1.148766363131801604e+01 7.013954917794948951e-01 6.861284646837010649e-04 5.626902497551340421e-01 1.390519110797554276e+03 3.482037397187814540e-04 1.307300732189384584e+00 4.320319753872080004e-01
1.864219951508428563e+00 1.143960733448401612e+01 7.176490776153345852e-01 6.548543187587870136e-04 5.739750440079889326e-01 1.408794020619160619e+03 3.545265728840919718e-04 1.277363541796881830e+00 4.441329699247571483e-01
1.885230426210295462e+00 1.139643193001191968e+01 7.343720090617159579e-01 6.215540467095376784e-04 5.859909346910500139e-01 1.427820529378052470e+03 3.605798362024823975e-04 1.246655979897304034e+00 4.562259113818367129e-01
1.905116578188710053e+00 1.133926074278729246e+01 7.515844642820835864e-01 5.860963839737943094e-04 5.987852866014318209e-01 1.447671139919033294e+03 3.664736702820763428e-04 1.214950470925247661e+00 4.684637339454651439e-01
1.923851381534890104e+00 1.129792541709123377e+01 7.693206196961487331e-01 5.483415618863853340e-04 6.124085331109435648e-01 1.468424022549525262e+03 3.722000845470447065e-04 1.182192869679962177e+00 4.808586523802456658e-01
1.941408563255266451e+00 1.124682761438736911e+01 7.876361332645750446e-01 5.319381568559154380e-04 6.216500379118914399e-01 1.490016800386197701e+03 3.777158080434681671e-04 1.148508048303956919e+00 4.933737886936563899e-01
1.957771741771531682e+00 1.118753582102569943e+01 8.065515576404860276e-01 5.146204003130467382e-04 6.314574434047337537e-01 1.512369004599561322e+03 3.829399230924455271e-04 1.114376218715317890e+00 5.059014951413303152e-01
1.972932465530984336e+00 1.113823324870849341e+01 8.260613711346651566e-01 4.961806959788414356e-04 6.419002312523401921e-01 1.535546550768506904e+03 3.877904358330682018e-04 1.080206773361523709e+00 5.183326561342692651e-01
1.986887331570390547e+00 1.107955043358342984e+01 8.461608204445388859e-01 4.765463573685713682e-04 6.530195653218554552e-01 1.559624250873346227e+03 3.921808417179124405e-04 1.046422922601197625e+00 5.305480355989876662e-01
1.999636955265507332e+00 1.102839218275630628e+01 8.668475856239453714e-01 4.556399889325202712e-04 6.648592763218086343e-01 1.584686151585974130e+03 3.961958444334848987e-04 1.012974595812241585e+00 5.426640166383035480e-01
2.011185034914099390e+00 1.096862217036118103e+01 8.881240716887737197e-01 4.333791809746043470e-04 6.774660345760397107e-01 1.610825617329738407e+03 3.999761850116137431e-04 9.796012480504859843e-01 5.548884061913190724e-01
2.021537461133678715e+00 1.090889401099719258e+01 9.100203210618350580e-01 4.185272722386913064e-04 6.887349670489842923e-01 1.638094853800514102e+03 4.034785307196417110e-04 9.465827327148937931e-01 5.671769424525249237e-01
2.030703441060390357e+00 1.084846411020824775e+01 9.326453686761960737e-01 4.107079812630233203e-04 6.987878390744524104e-01 1.666323498442593291e+03 4.066467750956679152e-04 9.144496957423619010e-01 5.794586174951852353e-01
2.038697458399063578e+00 1.078795711573587468e+01 9.559974798679627961e-01 4.023821098756112788e-04 7.094919962440235928e-01 1.695552316804944439e+03 4.094031297377772943e-04 8.839528724010632388e-01 5.916037404832305002e-01
2.045538446997972049e+00 1.072085200797587490e+01 9.800532902350791442e-01 3.935168387691343936e-04 7.208896327026000916e-01 1.725871056155623819e+03 4.116651846583253295e-04 8.559094302579326463e-01 6.034648801491662162e-01
2.051249161567864299e+00 1.066001252463740201e+01 1.004784370054320641e+00 3.840772224053553923e-04 7.330256761840204804e-01 1.757382822353592701e+03 4.134423076126161824e-04 8.305571945791800914e-01 6.150286051292337408e-01
2.055855566579162019e+00 1.059811878112398986e+01 1.030157638405385212e+00 3.740260512651715917e-04 7.459479651092915109e-01 1.790205290171355045e+03 4.149924248670747769e-04 8.063018195903606244e-01 6.266964076445290521e-01
2.059386209924650490e+00 1.052159314302867976e+01 1.056149549379871599e+00 3.660845772414119239e-04 7.589139039611642046e-01 1.824453281730060098e+03 4.163097922707220244e-04 7.833793759802620826e-01 6.384593957547703980e-01
2.061871066692103405e+00 1.046800731139931706e+01 1.082952936652980203e+00 3.647610033609191950e-04 7.706698518462339331e-01 1.859935823538148043e+03 4.173665427802246441e-04 7.622604134063698522e-01 6.503001923388054273e-01
2.063340806057980981e+00 1.039950225661553063e+01 1.110608159327733269e+00 3.633516804523572591e-04 7.831874203102786591e-01 1.896637237699833122e+03 4.181204512482208794e-04 7.437017049900060961e-01 6.621299798023814187e-01
2.063828356216732995e+00 1.033080801119945491e+01 1.139057021431295613e+00 3.618510531810953260e-04 7.965159516872368783e-01 1.934670472797889488e+03 4.185257957868745971e-04 7.285667974429699267e-01 6.738272184350631022e-01
2.063369246076959485e+00 1.026814757850809201e+01 1.168223416491398714e+00 3.602532063047162521e-04 8.107079850024007106e-01 1.974169787881236516e+03 4.185720166615048885e-04 7.173486047795677445e-01 6.853245088960528975e-01
