# M(M_sol)  R(km)   nb_c(fm^-3)   Alpha_C(MeV^-1)     cs2_c   mu_c(MeV)cs2_mubm1_Vavgcs2_mu_cs2prime_VavgNS_cs2_vAvg
1.288751861873135840e-01 2.000000000000000000e+01 1.371738843686289566e-01 2.126186511798986833e-03 3.222378304280192063e-02 9.727351662188031014e+02 2.159343848973996203e-05 2.042576562922936656e+00 2.090028453864718055e-02
1.337625718287111243e-01 2.000000000000000000e+01 1.402040357689062211e-01 2.122308096766445384e-03 3.368296636524121396e-02 9.734383628425873667e+02 2.257482351839692241e-05 2.047024301071072472e+00 2.186093914843113481e-02
1.389486089654126122e-01 2.000000000000000000e+01 1.432907686984120910e-01 2.117826596805174894e-03 3.522145344828117586e-02 9.741686927840227099e+02 2.359688333137270039e-05 2.050641553146873353e+00 2.286239684421252291e-02
1.444433175173188144e-01 2.000000000000000000e+01 1.464294699476404171e-01 2.113054758486797736e-03 3.685961292136445688e-02 9.749300930031129155e+02 2.466024481855444783e-05 2.053604444218585456e+00 2.390539878959961964e-02
1.502576654774350762e-01 2.000000000000000000e+01 1.496186140571284240e-01 2.107727880290012970e-03 3.853348475551606617e-02 9.757259408509285095e+02 2.576655183185679775e-05 2.056035989709923850e+00 2.499170911572411516e-02
1.564021089621112637e-01 1.951696797413943685e+01 1.528696930613596128e-01 2.101801928753856737e-03 4.024307022451082544e-02 9.765529163306796363e+02 2.691830541495771707e-05 2.057893045668017784e+00 2.612391649396596585e-02
1.628866620316226088e-01 1.872665399762777838e+01 1.561804127953468346e-01 2.095492058652897224e-03 4.206341285978698608e-02 9.774139714223174451e+02 2.811621786229260843e-05 2.059173355618947987e+00 2.730287954782600543e-02
1.697226152105507091e-01 1.802603140017413708e+01 1.595463595565501935e-01 2.088812858486356443e-03 4.398929857942707883e-02 9.783140461656158777e+02 2.936144833625793912e-05 2.059975187866616597e+00 2.852992072263947285e-02
1.769219327886475124e-01 1.739791859318947331e+01 1.629758815937082939e-01 2.082189882640232952e-03 4.588644117223944496e-02 9.792517731812231432e+02 3.065690163127162993e-05 2.060280287259484755e+00 2.980809753240199270e-02
1.844957274098468769e-01 1.683806623992229135e+01 1.664733489960079915e-01 2.075137830827817904e-03 4.790649200299747917e-02 9.802268433259041558e+02 3.200387005910267080e-05 2.060067439297660563e+00 3.113887407470005211e-02
1.924561228433508131e-01 1.633977733130408438e+01 1.700339896348909974e-01 2.067628904943074209e-03 5.005741380207904406e-02 9.812444927577422504e+02 3.340326714656054104e-05 2.059401980275874067e+00 3.252338291729569425e-02
2.008164669388569634e-01 1.589713431837235547e+01 1.736580117794442046e-01 2.060018455164622838e-03 5.222911820060762572e-02 9.823082239403710219e+02 3.485761687247074280e-05 2.058298800227992942e+00 3.396436912720701695e-02
2.095893323127222541e-01 1.549783633709445496e+01 1.773573857732682613e-01 2.052160867067245181e-03 5.446577599112353840e-02 9.834138264448803284e+02 3.636939751061540410e-05 2.056739919946256823e+00 3.546453591357185547e-02
2.187872008504696819e-01 1.513659436371855982e+01 1.811286824953101671e-01 2.043794217441645671e-03 5.684733784365423453e-02 9.845658485228002519e+02 3.793932532580585585e-05 2.054725287855985627e+00 3.702487933396841208e-02
2.284239192512207139e-01 1.480184195726451790e+01 1.849676268327390960e-01 2.035016011630611139e-03 5.935431070004994203e-02 9.857706422915321127e+02 3.956913718091865646e-05 2.052283916088975868e+00 3.864744499774144804e-02
2.385135730073087434e-01 1.452002103641438602e+01 1.888844165952374143e-01 2.026560823497737182e-03 6.182633207713265910e-02 9.870257426430441683e+02 4.126239035565387357e-05 2.049399781906111606e+00 4.033608059620597680e-02
2.490688354925137404e-01 1.425949059040465272e+01 1.928826980348083420e-01 2.017557857733994625e-03 6.445850577632991629e-02 9.883314827508087319e+02 4.302015080495578102e-05 2.046064356716365218e+00 4.209223638443870819e-02
2.601033420441045685e-01 1.401949198738966906e+01 1.969574991201869241e-01 2.007971626029938280e-03 6.726120742243055228e-02 9.896946886339187586e+02 4.484365635842289821e-05 2.042354274824986771e+00 4.391751477435654194e-02
2.716317923977362159e-01 1.380898682504037467e+01 2.011094090035892568e-01 1.998534376445564552e-03 7.008264042462210297e-02 9.911198358463101385e+02 4.673594530407003953e-05 2.038288581743670669e+00 4.581540617957628736e-02
2.836674580908870036e-01 1.361887753931332590e+01 2.053515384997057769e-01 1.988961356895729577e-03 7.298627784570130284e-02 9.926014854959606737e+02 4.869974536001527455e-05 2.033857662022201307e+00 4.778907708978948066e-02
2.962231227606852424e-01 1.344819731603116075e+01 2.096801921660145507e-01 1.978768139913636773e-03 7.607803025634962690e-02 9.941456251942809104e+02 5.073578786600696039e-05 2.029100372983172917e+00 4.983976024418347583e-02
3.093128061953258623e-01 1.328829236509633738e+01 2.140907738979809793e-01 1.968068074085066975e-03 7.933811327727478824e-02 9.957605889217952608e+02 5.284655960673308590e-05 2.024114790199671443e+00 5.197049291024583018e-02
3.229503944538297255e-01 1.314826509647890873e+01 2.185942201160344101e-01 1.957991879670074702e-03 8.253512735991611060e-02 9.974435587039469056e+02 5.503600254304618364e-05 2.018898138829509747e+00 5.418583373021642474e-02
3.371475532860003232e-01 1.301811711830050911e+01 2.231951877907697723e-01 1.947262889147169038e-03 8.593926312601635198e-02 9.991945882557388359e+02 5.730470644437628302e-05 2.013456423269836204e+00 5.648705048120687688e-02
3.519166057949643100e-01 1.289829826775709343e+01 2.278882873238880502e-01 1.935838810482179689e-03 8.956393915636683134e-02 1.001022583180182096e+03 5.965477361488950354e-05 2.007821524615899467e+00 5.887677191029826174e-02
3.672706814944461384e-01 1.279828704288267893e+01 2.326736009235444713e-01 1.924628830872032043e-03 9.321901753884205555e-02 1.002933988584513713e+03 6.208976533231589474e-05 2.002002747381592673e+00 6.135950672522345883e-02
3.832207794725090433e-01 1.269858074818987603e+01 2.375660915026094611e-01 1.913398798030358124e-03 9.695960276480447559e-02 1.004921595920205618e+03 6.461248744957480146e-05 1.996003615716594570e+00 6.393884891835419082e-02
3.997766238905154923e-01 1.261843702948885770e+01 2.425621899004495596e-01 1.901441216530048040e-03 1.009425254622624279e-01 1.006992851805538407e+03 6.722329659938024561e-05 1.989832179729221995e+00 6.661601439731716645e-02
4.169488620134918500e-01 1.253783480146448071e+01 2.476567092006295989e-01 1.888807091393345525e-03 1.051614459622891018e-01 1.009158747914869423e+03 6.992538513114212543e-05 1.983487156789026207e+00 6.939514820255159033e-02
4.347475570490021979e-01 1.246790672889333074e+01 2.528607761459815140e-01 1.877094276476270421e-03 1.092629731021086126e-01 1.011416834919376470e+03 7.272311678223628082e-05 1.976966249222549266e+00 7.228175956227447796e-02
4.531795071616929182e-01 1.240778472493581752e+01 2.581810943321038443e-01 1.864622635391728839e-03 1.136302216882503213e-01 1.013766020672871718e+03 7.561666750498279499e-05 1.970282385562700744e+00 7.527708678298876410e-02
4.722515783458655636e-01 1.234890143210458291e+01 2.636116607275854617e-01 1.851343006844463233e-03 1.182804067444428592e-01 1.016217953401699333e+03 7.860812895802399118e-05 1.963439534713946388e+00 7.838438828472024666e-02
4.919710150163913442e-01 1.229931132077949130e+01 2.691517190011425975e-01 1.838248401066037811e-03 1.229823869864583030e-01 1.018781967792359865e+03 8.170153900836219082e-05 1.956435013746192997e+00 8.160912907848354159e-02
5.123421297982483358e-01 1.225165350556926924e+01 2.748184630555736141e-01 1.825265281404271807e-03 1.277599279842207003e-01 1.021448633323637864e+03 8.489978996476801269e-05 1.949276461307717367e+00 8.495562983021387460e-02
5.333669427487053305e-01 1.221084575352585055e+01 2.806086395185754534e-01 1.811441037640020664e-03 1.328469866471142236e-01 1.024227033339421041e+03 8.820226244822652894e-05 1.941974819721368206e+00 8.842469879005114552e-02
5.550478750485375867e-01 1.217918384098312501e+01 2.865163443701688184e-01 1.796737431983185408e-03 1.382594733428292866e-01 1.027131611666387698e+03 9.161288204376116687e-05 1.934517173061942152e+00 9.202190853702470197e-02
5.773861810354860014e-01 1.214773387101916846e+01 2.925528299929655018e-01 1.783240211631755478e-03 1.434724808102190718e-01 1.030160813324662513e+03 9.513604864863647544e-05 1.926903130128936326e+00 9.575362035180789988e-02
6.003787676523457684e-01 1.211943937364977941e+01 2.987272781442265046e-01 1.768868560661961131e-03 1.490232180637841852e-01 1.033311804667803926e+03 9.877095073426955503e-05 1.919151294845882871e+00 9.962077394841725719e-02
6.240218760540438003e-01 1.209725194019410566e+01 3.050328926473281355e-01 1.753565828231152613e-03 1.549335652579619527e-01 1.036599871172903704e+03 1.025195889149221168e-04 1.911252564102021934e+00 1.036273048525017670e-01
6.483115389832247999e-01 1.207782503409451280e+01 3.114681743468480923e-01 1.738413141715702609e-03 1.609156937826690392e-01 1.040038012811250155e+03 1.063862657010523270e-04 1.903196337520594694e+00 1.077799008662234242e-01
6.732400849345185900e-01 1.205751775527020442e+01 3.180528236123575936e-01 1.723490020246554698e-03 1.669552290459275223e-01 1.043614097196753619e+03 1.103732116034549817e-04 1.894993783164290901e+00 1.120831715228650799e-01
6.987966082725686201e-01 1.203752104653192667e+01 3.247837822213973658e-01 1.707600089760851403e-03 1.733860415068147476e-01 1.047339432398636291e+03 1.144784431250791623e-04 1.886657445864035054e+00 1.165374132137136920e-01
7.249700482677780000e-01 1.202096137716734248e+01 3.316543031795427532e-01 1.690680714591087002e-03 1.802334804411790947e-01 1.051232992736514689e+03 1.187063769578488854e-04 1.878162049067117811e+00 1.211497259282243305e-01
7.517475454239388455e-01 1.200771281675812574e+01 3.386764927263894998e-01 1.675169905295651601e-03 1.867936034803002743e-01 1.055293857764032055e+03 1.230609306892012475e-04 1.869507597487148898e+00 1.259272596617363738e-01
7.791111381897448673e-01 1.199765187878411865e+01 3.458616666785349625e-01 1.658688747974655696e-03 1.937686523704876262e-01 1.059517632990511402e+03 1.275394161947301821e-04 1.860717532350732117e+00 1.308700666692677039e-01
8.070416392013270990e-01 1.198791162682547728e+01 3.532020636802878921e-01 1.641139842760958468e-03 2.011955866233914592e-01 1.063924438071788245e+03 1.321434925194275433e-04 1.851774928996576586e+00 1.359828747893990497e-01
8.355191645147294066e-01 1.197811061612753036e+01 3.606958992893844473e-01 1.623776988998942373e-03 2.086910729388312125e-01 1.068531482545983863e+03 1.368772696613195980e-04 1.842663073826090958e+00 1.412736208218481060e-01
8.645195926362239103e-01 1.196786911379810903e+01 3.683657587051598070e-01 1.606707738563852624e-03 2.162297685133138525e-01 1.073323199814618192e+03 1.417414350160967637e-04 1.833396615489722103e+00 1.467467427819325043e-01
8.940152388259519078e-01 1.195804645919599807e+01 3.762082103660946419e-01 1.588532640048614291e-03 2.242568658521018887e-01 1.078314526617741194e+03 1.467316703395640917e-04 1.823989274234556923e+00 1.524013480138948495e-01
9.239779648468741113e-01 1.194894812344770330e+01 3.842155204929501022e-01 1.569193773018228398e-03 2.327994473285958099e-01 1.083530452355966418e+03 1.518528750551919443e-04 1.814405015023475176e+00 1.582465787559586001e-01
9.543774543862617588e-01 1.193999874844419296e+01 3.924023105693950630e-01 1.551552344451451616e-03 2.409152782094549916e-01 1.088968998293918503e+03 1.571075945343813603e-04 1.804644773657738233e+00 1.642899994962004617e-01
9.851783367289494997e-01 1.193761399946291846e+01 4.007808085782995078e-01 1.532767998684775052e-03 2.495569011297796569e-01 1.094625782160056588e+03 1.624897479565466966e-04 1.794737494130907551e+00 1.705295529764288553e-01
1.016344085483476656e+00 1.192892858764666997e+01 4.093421223145941035e-01 1.512766690709832886e-03 2.587583800409781198e-01 1.100527364462927380e+03 1.680006646657007511e-04 1.784657405787362316e+00 1.769712325600064362e-01
1.047837338039737887e+00 1.191847544010518511e+01 4.180851417495758948e-01 1.493147104471530392e-03 2.679644844185928854e-01 1.106695135706577503e+03 1.736435107570081030e-04 1.774384375096109245e+00 1.836240263463091715e-01
1.079616681461076366e+00 1.190871558370016814e+01 4.270356945681441641e-01 1.473788371990750450e-03 2.772268523431329346e-01 1.113109191831704948e+03 1.794158319286509031e-04 1.763938329898192992e+00 1.904910145095125018e-01
1.111637890562639175e+00 1.189918985399287266e+01 4.361889593806130283e-01 1.453175465096782828e-03 2.870892918306238162e-01 1.119790705157112370e+03 1.853102697277707171e-04 1.753332287002354439e+00 1.975696830368296186e-01
1.143856537338338475e+00 1.188938117903278702e+01 4.455362229964930920e-01 1.431456854836760410e-03 2.975050368799692646e-01 1.126772466120908348e+03 1.913320703723838409e-04 1.742520275148864650e+00 2.048716693779391307e-01
1.176226229751467622e+00 1.187920929871594744e+01 4.550970821818299816e-01 1.411580349481088769e-03 3.073842709652568894e-01 1.134047854958769904e+03 1.974809291008622315e-04 1.731507121713154129e+00 2.124039923628188997e-01
1.208696812118824404e+00 1.186925260967742624e+01 4.648825398883987825e-01 1.390416125290238909e-03 3.179035408909056115e-01 1.141616196197735917e+03 2.037453716376868467e-04 1.720328453038748817e+00 2.201605652106725097e-01
1.241217890118974987e+00 1.185783766713120713e+01 4.748824545621507243e-01 1.367880756140312177e-03 3.291043120046752146e-01 1.149512591841637914e+03 2.101274581248756572e-04 1.708944890991649812e+00 2.281502254541011576e-01
1.273738700470541163e+00 1.184019954779080130e+01 4.850982432799854083e-01 1.346186281539325140e-03 3.401269616080926372e-01 1.157761100361496119e+03 2.166278175678145802e-04 1.697337455506564341e+00 2.363820282547522134e-01
1.306205669952736237e+00 1.182966476496705965e+01 4.955586995624922109e-01 1.324556895933135577e-03 3.512860826663966596e-01 1.166337370305493323e+03 2.232381304030067314e-04 1.685535718042322495e+00 2.448549281498048347e-01
1.338564278281943132e+00 1.180978088512823376e+01 5.062563914311039026e-01 1.301526229430730605e-03 3.631681582941120312e-01 1.175272736712536926e+03 2.299488590710222196e-04 1.673545619124735540e+00 2.535658909278575290e-01
1.370760662999344071e+00 1.179089564759389752e+01 5.171822764301478026e-01 1.277716306357476852e-03 3.755258796569095892e-01 1.184609132063474590e+03 2.367650294254147964e-04 1.661313136372299271e+00 2.625290903860809100e-01
1.402740016365633613e+00 1.177148172571143547e+01 5.283634068591703814e-01 1.255735147293544126e-03 3.872930070244831047e-01 1.194330399172973330e+03 2.436809065677771990e-04 1.648852604807239386e+00 2.717485098587403836e-01
1.434446249161852149e+00 1.175142188981619285e+01 5.398068321549637227e-01 1.232329917345963621e-03 3.998224792447367948e-01 1.204445731774942033e+03 2.506786350871198846e-04 1.636205480641216292e+00 2.812127415743952419e-01
1.465824477359870093e+00 1.173028401074887306e+01 5.515011330816954604e-01 1.207408356690048683e-03 4.131636855743902048e-01 1.215001500291087268e+03 2.577622008338734875e-04 1.623313829081661774e+00 2.909351782346266679e-01
1.496820480829921030e+00 1.170950353029540736e+01 5.634536874702080755e-01 1.184167877041762641e-03 4.259437695570086890e-01 1.226019532629695732e+03 2.649277101338140365e-04 1.610165671378628760e+00 3.009231904319590312e-01
1.527379458658597366e+00 1.168719977323942061e+01 5.756941200452694307e-01 1.160537917223260131e-03 4.390690510019223947e-01 1.237474353854270248e+03 2.721578708112466012e-04 1.596807047101877375e+00 3.111676772626938425e-01
1.557447994951840720e+00 1.165823967905485503e+01 5.882115389477687861e-01 1.135377067351989568e-03 4.530446666394516431e-01 1.249412192115872358e+03 2.794439320723806903e-04 1.583224415297352916e+00 3.216681763339244160e-01
1.586974429260944230e+00 1.162925895618588079e+01 6.009986897070703771e-01 1.110160205224799187e-03 4.672128511337295675e-01 1.261883223850478089e+03 2.867892779809867753e-04 1.569361833288651198e+00 3.324404108526421986e-01
1.615907808373484800e+00 1.159931833686062141e+01 6.140911563639420701e-01 1.086479685481470201e-03 4.808632956441376005e-01 1.274857850009141202e+03 2.941793106624545728e-04 1.555251898371383223e+00 3.434808313672217395e-01
1.644198705813445294e+00 1.156814427688011016e+01 6.274893590336146909e-01 1.061265000111204270e-03 4.953980975498759598e-01 1.288363505611950359e+03 3.015908579698501854e-04 1.540937414225101554e+00 3.547729217175877858e-01
1.671800255650020883e+00 1.153796166032191728e+01 6.411807788102309447e-01 1.034416756693717909e-03 5.108745508095461352e-01 1.302461288146072320e+03 3.090316455587074321e-04 1.526332518293942453e+00 3.663369462055770520e-01
1.698667365884846348e+00 1.149922557103971066e+01 6.551847212828327827e-01 1.010570329269938053e-03 5.251060749553602136e-01 1.317159073975625006e+03 3.164901569907118263e-04 1.511447642489087473e+00 3.781747852166001955e-01
1.724756913547557113e+00 1.146036517607955751e+01 6.695257751203217422e-01 9.855082444113537430e-04 5.401035169481276377e-01 1.332442415007452837e+03 3.239376887982268419e-04 1.496348679924158542e+00 3.902645056556101055e-01
1.750028867635138097e+00 1.142737852642529184e+01 6.841901143177527844e-01 9.588224878789145846e-04 5.560725828852454145e-01 1.348376293562648243e+03 3.313737541830121978e-04 1.480980971788043776e+00 4.026165063533428956e-01
1.774445715229582499e+00 1.138190980799480378e+01 6.991770433081768710e-01 9.333038633901589737e-04 5.716356574937030421e-01 1.365012493793434942e+03 3.387945275415405713e-04 1.465304541281306827e+00 4.152413461467170941e-01
1.797972369080392374e+00 1.133958737088590318e+01 7.145280875495072515e-01 9.086028529313420901e-04 5.869779127381677952e-01 1.382310396888041851e+03 3.461740520704203864e-04 1.449379210811551300e+00 4.281228214634423268e-01
1.820577224946389405e+00 1.129844408526845712e+01 7.302355953355080809e-01 8.823015633567254674e-04 6.033141309906608907e-01 1.400324740451451362e+03 3.534905821310703228e-04 1.433225405807240893e+00 4.412453641509938573e-01
1.842231711007053185e+00 1.125113877057902556e+01 7.462876907942507243e-01 8.552320035462142528e-04 6.202202165795548394e-01 1.419133159555142583e+03 3.607549532587008391e-04 1.416743556414645333e+00 4.546353221895624297e-01
1.862909860153025399e+00 1.120811549221923364e+01 7.627217831892139088e-01 8.311101459386221113e-04 6.357671153164977662e-01 1.438712685011788608e+03 3.679436002558439151e-04 1.399973166410791947e+00 4.682818392574568667e-01
1.882589458746983135e+00 1.115798284117584593e+01 7.795488031410073848e-01 8.054255301990065731e-04 6.523212350902340972e-01 1.459083150813807833e+03 3.750196826389043153e-04 1.382994505733457391e+00 4.821499668202230970e-01
1.901251664594578950e+00 1.110807700002852627e+01 7.967543750030848804e-01 7.780769115136828337e-04 6.699478297005168059e-01 1.480330134395335108e+03 3.819942247409984100e-04 1.365695530058891327e+00 4.962686135583290192e-01
1.918880284613591058e+00 1.105793898092199257e+01 8.143532218230175035e-01 7.537145773165619071e-04 6.861404355158340351e-01 1.502488578700533026e+03 3.888596685806281145e-04 1.348072560220754612e+00 5.106353782301595867e-01
1.935462643741285627e+00 1.100777622916844223e+01 8.323835055726100940e-01 7.289529601270128842e-04 7.027437761986699005e-01 1.525525719229396600e+03 3.955670866558522419e-04 1.330228789107201326e+00 5.252117878079221036e-01
1.950989814269499245e+00 1.094964361162275779e+01 8.508311102664516401e-01 7.025871373553517702e-04 7.204227805427771969e-01 1.549529665068669601e+03 4.021166713401970265e-04 1.312111272295231279e+00 5.400038089927073903e-01
1.965455445547760638e+00 1.089792293917527033e+01 8.696926128492374897e-01 6.772382023159626311e-04 7.376944474631164095e-01 1.574582887576189478e+03 4.085113544004817456e-04 1.293641982185043116e+00 5.550302142738549049e-01
1.978856171218817073e+00 1.083914203052732006e+01 8.890181160850827435e-01 6.536029921570802150e-04 7.541728746435087949e-01 1.600636085066858868e+03 4.147131996161313350e-04 1.274912240300694721e+00 5.702576283926062972e-01
1.991192422887578362e+00 1.078739645625087462e+01 9.088036776998462685e-01 6.284365517969942852e-04 7.717188728417735399e-01 1.627758133534916851e+03 4.206925150834117579e-04 1.255974919271400037e+00 5.856533172557243372e-01
2.002467237461874383e+00 1.072736352018142547e+01 9.290365500663555487e-01 6.023529908645260719e-04 7.899685105149339970e-01 1.656058619594589345e+03 4.264743478170318321e-04 1.236671775225905101e+00 6.012619771688076931e-01
2.012685923175688618e+00 1.066743739961852633e+01 9.497584922485537984e-01 5.799817174287070750e-04 8.061205020294572865e-01 1.685520391423059209e+03 4.320257369102396957e-04 1.217066678859581197e+00 6.170566291495536149e-01
2.021857276648177493e+00 1.060761664016341399e+01 9.709874520414076837e-01 5.561610991681952519e-04 8.233189161080433083e-01 1.716166480033427888e+03 4.372994044326251276e-04 1.197287760693283687e+00 6.329776949306001876e-01
2.029992672531387932e+00 1.054744644857677294e+01 9.927095418858260523e-01 5.307972388613195654e-04 8.416315462597212527e-01 1.748115832227199689e+03 4.423248194470964572e-04 1.177164501942848274e+00 6.490729696058495923e-01
2.037105181113902930e+00 1.048783444224640959e+01 1.014943930412615325e+00 5.086936865079077618e-04 8.580127927642390295e-01 1.781421598874055690e+03 4.470833846631378514e-04 1.156699245280661037e+00 6.653310099483374929e-01
2.043210544906542747e+00 1.041984690978728167e+01 1.037735585802048943e+00 4.864268191649403963e-04 8.746486530379027347e-01 1.816047186828753411e+03 4.515226808028093008e-04 1.136051486884287920e+00 6.816839339520902596e-01
2.048327089603018791e+00 1.035795299592811425e+01 1.061071726359113621e+00 4.627173710480961873e-04 8.923622837863283142e-01 1.852115181771434663e+03 4.556533074399241414e-04 1.115130216003435759e+00 6.981479527555827236e-01
2.052474501608601898e+00 1.029157452986869359e+01 1.084954552317500598e+00 4.286120880377749143e-04 9.092207576250228573e-01 1.889734950739737769e+03 4.594854872961237364e-04 1.093797946772613994e+00 7.147476082302846034e-01
2.055674143341051696e+00 1.022988650620444240e+01 1.109441412412628836e+00 3.830184976937955161e-04 9.250739648669259463e-01 1.928850060504198154e+03 4.629686190027220891e-04 1.071785939778268970e+00 7.314160760192238708e-01
2.057949728111811538e+00 1.016717121480314567e+01 1.134529837331661239e+00 3.344710820169040410e-04 9.419542376416321083e-01 1.969564794548506597e+03 4.660815268062561958e-04 1.048681929838113813e+00 7.481155916992074939e-01
