1.788461379966841123e-14 1.457009332166445820e-03
2.411535709250706660e-14 1.481484303661035479e-03
3.251613822936247357e-14 1.490669048037691685e-03
4.384342099176178220e-14 1.403301718101913247e-03
5.911730023203742573e-14 1.316653853687446999e-03
7.971200209166326547e-14 1.277090493253361589e-03
1.074788462544288270e-13 1.251720675452548930e-03
1.449282300811367271e-13 1.202976663338916480e-03
1.954116127443005483e-13 1.123098314263217988e-03
2.634835161014896714e-13 1.040608927162386520e-03
3.552723788509016961e-13 9.586559497922552504e-04
4.790412644058369230e-13 8.559625962207503304e-04
6.459256344137435560e-13 7.585737423320419899e-04
8.709465577223700509e-13 7.420038864001277535e-04
1.174338702714050554e-12 7.852337975976057816e-04
1.583458711474959505e-12 8.236721359769439083e-04
2.135116564115301103e-12 8.474451846730695357e-04
2.878890641114876645e-12 8.564744032372574676e-04
3.881869147805482779e-12 8.475378848465738198e-04
5.234158823313109849e-12 8.226612045822901580e-04
7.057541483181397343e-12 8.021052405095343858e-04
9.516196327848424390e-12 7.898832723073374992e-04
1.283135704322505704e-11 7.663340714351798456e-04
1.730128087061041872e-11 7.461153473390757900e-04
2.332839867219275163e-11 7.429204173101250364e-04
3.145571175798893143e-11 7.311452133965923826e-04
4.241410776086588978e-11 7.148847994441502509e-04
5.718925210226733083e-11 7.101000283877940359e-04
7.711307190857522489e-11 6.934078852300353760e-04
1.039768812840300426e-10 6.717002085878664985e-04
1.401966425789968359e-10 6.689470254654600670e-04
1.890372495397545129e-10 6.576814483186723542e-04
2.548958323398096128e-10 6.339561122744785324e-04
3.436942530920271750e-10 6.200837072196723702e-04
4.634201397625976561e-10 5.888905504100644308e-04
6.248646596900810958e-10 5.521278990792050957e-04
8.425471957292773416e-10 5.668343459068823486e-04
1.136072849526266079e-09 6.088195405898116572e-04
1.531814565141831774e-09 6.071373713155369094e-04
2.065470743917483014e-09 5.118686096109484850e-04
2.785045849492392691e-09 2.529831040206011877e-04
3.755267211937415998e-09 1.666665489853062093e-04
5.063487215907438595e-09 5.180311173333851556e-04
6.827454515041994703e-09 6.906381505807201310e-04
9.205937970639503682e-09 4.459171356399115136e-04
1.241328538243306941e-08 3.522728232905573010e-04
1.673762190206027957e-08 3.879407858962927343e-04
2.256800009856402672e-08 4.129517594894922903e-04
3.042971471750412964e-08 3.857881639331157530e-04
4.103102833716347067e-08 3.636803789770575411e-04
5.532514434414778612e-08 4.173899070928201258e-04
7.459775605764560047e-08 4.721751816238791560e-04
1.005831230964245674e-07 2.623908396625121951e-04
1.356224467609198439e-07 2.180851088830529881e-05
1.828792999007950337e-07 3.402129820504892158e-04
2.465835840252395232e-07 5.563811176415105718e-04
3.324800956025480545e-07 4.249946784114994394e-04
4.483105380925626107e-07 1.612933095966803936e-04
6.044922735841940925e-07 -1.188386328936897295e-04
8.150725098800529927e-07 4.160619702650808580e-04
1.098987433968954051e-06 5.533642425196879083e-04
1.481842705451872548e-06 2.239466851208819428e-04
1.998087429178069207e-06 3.225195398369909254e-04
2.694250521748628219e-06 2.214414437632756475e-04
3.632796807775998789e-06 4.106588629839240650e-04
4.898324317443972512e-06 3.607449466085904232e-04
6.604843651895581392e-06 1.072438539666382105e-04
8.905713333289586275e-06 1.079660786642352033e-04
1.200800179597119432e-05 3.379553893734120115e-04
1.619166949796722196e-05 4.263603531155658443e-04
2.183219397557013429e-05 9.660642770811171502e-05
2.943814710790808130e-05 2.725680894365444841e-04
3.969319902262911400e-05 4.043872566958683131e-04
5.352104216557718018e-05 5.784446936841700082e-06
7.216507084084890461e-05 1.956744799152412926e-04
9.730544127581537174e-05 4.068910842458799571e-04
1.312056426269056432e-04 1.188384140728756134e-04
1.769082528866600524e-04 -6.596132691879987974e-04
2.385467711577794682e-04 -3.340561326693786311e-03
3.216397433627181976e-04 -2.287991822275785292e-04
4.336927854352240833e-04 2.225373711749451151e-03
5.847789651553203473e-04 -3.846874367934816855e-04
7.884929892339370737e-04 -8.364207225889993148e-04
1.063180825844651936e-03 -1.737152556884774025e-05
1.433543132405080403e-03 2.187409288603957540e-04
1.932966619897058319e-03 3.158243668400278949e-04
2.606406288081041141e-03 4.983188250555008973e-04
3.514359565518693392e-03 6.642839826872244495e-04
4.738670127922702327e-03 7.165263951993466537e-04
6.389413784334535724e-03 6.123020031716778794e-04
8.615325676193606383e-03 4.962803879600401636e-04
1.161648998186481929e-02 5.939646812142714005e-04
1.566342365833122557e-02 8.480570581571535062e-04
2.111999660518567440e-02 8.833904955720853864e-04
2.847805783512460248e-02 2.808520147097471470e-04
3.839865242121205668e-02 -1.381015269432287439e-03
5.177497817050477624e-02 -2.911431540328879210e-03
6.981206516410910778e-02 -4.324598873444913429e-04
9.413301514392324876e-02 6.180808057889720236e-03
9.703787541290850860e-02 5.932735604237203419e-03
1.000322522022045468e-01 5.332719546605800207e-03
1.031210640019382258e-01 5.136948973432545196e-03
1.062984086239573411e-01 5.132693725912393368e-03
1.095839600287696058e-01 5.034145096802536759e-03
1.129678812361212398e-01 4.854642537851949768e-03
1.164501722460121458e-01 4.612350494068703788e-03
1.200505070189501616e-01 4.443550459171734593e-03
1.237492115944275051e-01 4.222192328298303085e-03
1.275757969132058633e-01 4.071080473237870256e-03
1.315105890147775236e-01 3.904931148944797842e-03
1.355732618596501848e-01 3.769916594818211938e-03
1.397539784675700114e-01 3.638421720786374353e-03
1.440625758187909222e-01 3.460805349257800589e-03
1.485088908935668917e-01 3.335545849366225446e-03
1.530929236918978087e-01 3.240315259272336795e-03
1.578245111940377032e-01 3.205606326716251009e-03
1.626938164197326286e-01 3.089582474984226002e-03
1.677106763492364483e-01 2.976088852623645295e-03
1.728947649430569722e-01 2.984112745090500285e-03
1.782264082406864736e-01 2.899635942806498903e-03
1.837252802026328735e-01 2.832897732387925499e-03
1.894012178091500076e-01 2.831013074740585528e-03
1.952443840799838737e-01 2.797367044583847287e-03
2.012744529756423373e-01 2.787231456548400904e-03
2.074815875158715350e-01 2.760154040142697232e-03
2.138854616611793602e-01 2.733264612371577931e-03
2.204860754115657573e-01 2.734966271076621352e-03
2.272932657472846174e-01 2.732457977570497409e-03
2.343070326683361071e-01 2.688238292648546801e-03
2.415372131549739509e-01 2.664701220552805408e-03
2.489936441874521789e-01 2.633852009859875831e-03
2.566763257657707631e-01 2.574733790928266514e-03
2.646049318504374859e-01 2.522565047614210368e-03
2.727696254611985949e-01 2.423261548247004557e-03
2.811900805585618723e-01 2.339799552288933382e-03
2.898662971425274293e-01 2.214504534264574373e-03
2.988081121933488515e-01 2.059141336686534998e-03
3.080351996715343099e-01 1.935092015995780457e-03
3.175377225968297745e-01 1.776812691824055518e-03
3.273451919099970575e-01 1.624159233697587343e-03
3.374477706307822400e-01 1.477370115580222895e-03
3.478651327196929932e-01 1.328332011393977552e-03
3.585972781767296502e-01 1.179954129018161157e-03
3.696638809623998267e-01 1.032905018334287842e-03
3.810747780569574972e-01 9.232703761740210929e-04
3.928398064406566914e-01 8.199811643886684848e-04
4.049589661134972984e-01 6.982622438779940294e-04
4.174617680162410749e-01 6.256137004538430552e-04
4.303482121488881873e-01 5.568611079334873093e-04
4.436281354916923880e-01 4.583185086116502854e-04
4.573212120051615703e-01 4.058114355912877114e-04
4.714372786695498752e-01 3.589057481959943841e-04
4.859861724651108883e-01 3.091840411051927084e-04
5.009875673523526141e-01 2.741783866040681250e-04
5.164513003115290823e-01 2.296450547581343343e-04
5.323872083228942120e-01 1.998542986870067290e-04
5.488149653469558409e-01 1.703770353825417166e-04
5.657542453442215846e-01 1.413280802791266888e-04
5.832148852949455842e-01 1.272753121366494711e-04
6.012165591596360104e-01 1.062236583104416571e-04
6.197789408987999238e-01 8.804131192095311642e-05
6.389020305124376575e-01 7.679722468528771273e-05
6.586251759215655532e-01 5.798104157258426872e-05
6.789483771261832779e-01 4.135733794782131545e-05
6.999109820473059518e-01 4.117689083559493424e-05
7.215129906849344632e-01 2.856527253108920306e-05
7.437740769995756507e-01 8.884463819478286006e-06
7.667335889122461889e-01 6.743124438580994084e-06
7.904013634031992197e-01 6.729605058451715305e-06
8.147970744329432469e-01 -4.768123808951418852e-06
8.399403959619861082e-01 -1.697830489339434423e-05
8.658706759113428131e-01 -1.802367295588268303e-05
8.925879142810139166e-01 -2.350632692651229844e-05
9.201412959722694573e-01 -2.927337799677170310e-05
9.485406579653627990e-01 -3.513940446912573040e-05
9.778155112010559202e-01 -3.464705214857154852e-05
1.007995366620110023e+00 -3.576938895508141592e-05
1.039080224222526105e+00 -4.762033138216732048e-05
1.071148779850334742e+00 -5.155659340204746255e-05
1.104201033503536156e+00 -5.550852201288963145e-05
1.138335354984669756e+00 -4.907423780708269900e-05
1.173453374491196799e+00 -5.948513779818059843e-05
1.209653461825655363e+00 -6.488557272294869643e-05
1.247033986790585747e+00 -3.534508890721752006e-05
1.285496579583448540e+00 -5.551270524828660208e-05
1.325139610006782709e+00 -8.814809181958895706e-05
1.366061447863127443e+00 -6.957532671351702308e-05
1.408262093152482963e+00 -5.195247142372825394e-05
1.451741545874849715e+00 -6.334934882556465807e-05
1.496499806030226365e+00 -7.331834877813761531e-05
1.542733613223693512e+00 -6.442275200789493450e-05
1.590344597652710190e+00 -6.324539150522577591e-05
1.639431129119815589e+00 -6.494172778157697445e-05
1.689993207625010818e+00 -6.822012248161937742e-05
1.742129202970835289e+00 -7.375098037530961048e-05
1.795937484959827080e+00 -6.743410433332226034e-05
1.851319683789447446e+00 -6.799850324090781634e-05
1.908472539064775209e+00 -6.927428699913737442e-05
1.967396050785810813e+00 -6.524048855683006124e-05
