9.892004656226597532e-14 -6.346851149920698441e-06
1.125697266967372166e-13 -6.390717977406042138e-06
1.281028851983168384e-13 -6.440044227187802228e-06
1.457794175901539705e-13 -6.437448021456501634e-06
1.658950815980817497e-13 -6.391250966313391513e-06
1.887864456682600257e-13 -6.292026144435330925e-06
2.148365203159043774e-13 -6.131443377889456148e-06
2.444811665269135341e-13 -5.893984267924846920e-06
2.782163884355911891e-13 -5.567739830748472118e-06
3.166066322970642682e-13 -5.145370291586258416e-06
3.602942306099788375e-13 -4.605034622331451166e-06
4.100101494053265821e-13 -3.919160180280295558e-06
4.665862185213748036e-13 -3.091956615936843067e-06
5.309690494975047064e-13 -2.082450029337185038e-06
6.042358739564194677e-13 -8.341284412254415526e-07
6.876125674771434236e-13 6.293651970742247803e-07
7.824941605281296676e-13 2.345038892267829744e-06
8.904681796424200204e-13 4.425318945937110893e-06
1.013341209371465896e-12 6.857470684179002574e-06
1.153169119443186359e-12 9.651754951990089426e-06
1.312291462874771475e-12 1.291484418426257913e-05
1.493370620577785498e-12 1.672466844170744649e-05
1.699436347409733985e-12 2.113603367643983322e-05
1.933936465001527978e-12 2.618381067295751791e-05
2.200794549535939718e-12 3.195586922261073326e-05
2.504475579689357693e-12 3.856344544693902227e-05
2.850060643135888919e-12 4.608343868316763098e-05
3.243331951577527929e-12 5.460250736242806130e-05
3.690869586743088308e-12 6.420985732924489042e-05
4.200161596076911225e-12 7.501679944763549324e-05
4.779729280200999738e-12 8.709919414249568670e-05
5.439269768417852020e-12 1.005358402333973028e-04
6.189818267778596311e-12 1.154445170711611984e-04
7.043932700412857031e-12 1.318549890822187307e-04
8.015903818409221971e-12 1.497952189281484894e-04
9.121994311816947990e-12 1.693150263794677979e-04
1.038071091044281981e-11 1.903907549978744659e-04
1.181311403215760135e-11 2.129337933814727177e-04
1.344317015864240449e-11 2.368765535450999618e-04
1.529815283440604908e-11 2.621061422500990841e-04
1.740909899845237863e-11 2.883665092476149668e-04
1.981132828378376547e-11 3.154242572507627053e-04
2.254503397348375127e-11 3.430631233348807249e-04
2.565595550105433852e-11 3.708994424987564417e-04
2.919614374705545530e-11 3.985603124011939495e-04
3.322483193672894227e-11 4.257256503795076898e-04
3.780942671017008071e-11 4.520164886811497626e-04
4.302663594729580178e-11 4.770734295267628489e-04
4.896375221799271566e-11 5.005906212734376193e-04
5.572011333169689549e-11 5.220482592418460889e-04
6.340876442382321667e-11 5.413540317815005755e-04
7.215834938850915251e-11 5.587584079736647447e-04
8.211526330448272348e-11 5.737297213720756080e-04
9.344610186771105621e-11 5.860972717216948909e-04
1.063404488139044200e-10 5.962328156839560682e-04
1.210140479690792534e-10 6.040151427185239119e-04
1.377124130018511258e-10 6.094760913638282498e-04
1.567149352746067281e-10 6.131152140975461295e-04
1.783395585247206434e-10 6.149787918835682328e-04
2.029480985909948615e-10 6.151503912506985777e-04
2.309522971931712711e-10 6.139664372641416394e-04
2.628207110542973570e-10 6.116348434993023123e-04
2.990865516323985298e-10 6.083837087898081968e-04
3.403566066331763279e-10 6.041822182735489578e-04
3.873213925754531529e-10 5.992402064355717775e-04
4.407667082786268517e-10 5.937163954384092231e-04
5.015867825811604904e-10 5.876603747825767665e-04
5.707992362732630260e-10 5.812538247255936985e-04
6.495621085817207427e-10 5.744714355794080553e-04
7.391932330882394474e-10 5.673644194019457875e-04
8.411922872725616994e-10 5.600425428734143694e-04
9.572658846058113342e-10 5.525224808574490803e-04
1.089356129026454717e-09 5.449088366159060906e-04
1.239673109562617828e-09 5.372068911152867374e-04
1.410731878789784148e-09 5.293918875927854442e-04
1.605394533834750065e-09 5.216734652326894539e-04
1.826918104010990672e-09 5.139573692915645579e-04
2.079009046324975863e-09 5.061664013771213777e-04
2.365885260653733209e-09 4.985129299474267903e-04
2.692346662210559665e-09 4.909974124273743315e-04
3.063855492093220839e-09 4.837892628705552783e-04
3.486627709643599223e-09 4.765414984798013037e-04
3.967736995764514386e-09 4.699913848820289237e-04
4.515233107341875707e-09 4.613817936756996717e-04
5.138276563038163814e-09 4.620184427118175299e-04
5.847291913973874518e-09 4.288119901836497799e-04
6.654142163770153621e-09 4.710533078910337720e-04
7.572327256289193992e-09 2.270126331980946120e-04
8.617209952101742116e-09 1.219931008801766227e-03
9.806272872970198842e-09 1.873713953598657445e-03
1.115941101512759106e-08 -5.518017689471882425e-04
1.269926462558568076e-08 -3.640022332608312122e-04
1.445159801104502694e-08 6.188318808162214177e-04
1.644573061750871098e-08 3.703141036118279446e-04
1.871502759327768980e-08 3.452803559061941654e-04
2.129745804325981472e-08 6.789435151077147235e-04
2.423623031511509952e-08 -6.853448131441523296e-04
2.758051494662771435e-08 -1.559490098672088911e-03
3.138626737041467752e-08 6.231354615640585966e-04
3.571716414118690014e-08 1.661057015655914137e-03
4.064566835019708881e-08 3.429931979776618123e-05
4.625424205302861960e-08 4.832993701606108986e-04
5.263672599665316979e-08 3.255652775716682233e-04
5.989990973088093498e-08 4.869015019122774519e-04
6.816531837477579311e-08 -3.240924347602076525e-05
7.757124593359900202e-08 -2.848500036420151954e-04
8.827506918705401814e-08 7.954682476688287179e-04
1.004558808640194894e-07 6.492758999836851716e-04
1.143174861611548540e-07 -4.775710632269440648e-05
1.300918127421115096e-07 5.500402533279487999e-04
1.480427912722887271e-07 2.789308250831807473e-04
1.684707714169308620e-07 1.197684600342934728e-03
1.917175471895361631e-07 2.281142030094069056e-03
2.181720757330035824e-07 -2.260989725978580344e-03
2.482769852182073526e-07 2.474131164129420198e-03
2.825359807479580079e-07 5.870381256196420018e-03
3.215222721794049327e-07 -6.785586543521714316e-03
3.658881648763385532e-07 -3.751839422202977309e-03
4.163759738606081097e-07 2.036337720087890400e-03
4.738304439744979268e-07 1.404341587115101250e-03
5.392128838640237910e-07 8.539162181478579874e-04
6.136172502681267327e-07 1.720541403873315778e-04
6.982884517306267782e-07 3.637473879193977612e-04
7.946431779864286407e-07 2.901036661894758686e-04
9.042936035321450081e-07 3.255899584170725281e-04
1.029074361981269121e-06 3.752312175568494473e-04
1.171073242529590011e-06 4.513786586648679822e-04
1.332666122133673760e-06 5.050413105800017309e-04
1.516556717875769835e-06 3.486085578321817396e-04
1.725821824638107007e-06 5.588389345404683184e-04
1.963962794988053016e-06 -6.124258322316440510e-04
2.234964122617990441e-06 -1.312911983791333059e-03
2.543360109538107435e-06 6.963797283740086851e-04
2.894310732474955451e-06 1.393531109191785758e-03
3.293687977846377577e-06 4.698287892177747255e-05
3.748174089840450113e-06 4.139320174527181921e-04
4.265373375451698469e-06 3.118730819514940397e-04
4.853939437158479053e-06 3.391137114641812333e-04
5.523719962055469157e-06 3.254804613139097684e-04
6.285921490003519482e-06 3.339507137417492555e-04
7.153296917641833621e-06 2.789150597788028069e-04
8.140358875515569498e-06 4.205427914487007250e-04
9.263622548472368856e-06 -3.664101133525883396e-04
1.054188200211639880e-05 -2.861217307243823366e-05
1.199652463871943426e-05 3.719043274462464910e-04
1.365188904395909272e-05 -1.207363865769251789e-03
1.553567221185351557e-05 3.159157136945023141e-04
1.767939296144207398e-05 1.119841082669514355e-03
2.011891929894141370e-05 1.370275114314814351e-03
2.289506854902222246e-05 2.133270050362045742e-03
2.605429029639812761e-05 -4.352001944989566939e-03
2.964944356447334943e-05 -2.191652165929646422e-03
3.374068123453829521e-05 2.075602480532591325e-03
3.839645650331269342e-05 -1.073337020952475594e-03
4.369466821854336313e-05 -1.523372164346871449e-03
4.972396425602093465e-05 5.300039987824077189e-04
5.658522474567636196e-05 1.588162844563882105e-03
6.439324996359296080e-05 -8.051925039379622534e-05
7.327868113116569628e-05 4.852608818911056596e-04
8.339018625956984667e-05 -6.355784095891489800e-04
9.489694761234211803e-05 -9.974672357313061483e-04
1.079914924054520823e-04 7.469069324798297688e-04
1.228929141071772560e-04 1.025354896000920182e-03
1.398505382354690906e-04 -6.383092697571663560e-05
1.591480939876919391e-04 1.309919510142777514e-04
1.811084615010182561e-04 -1.110490374014944451e-04
2.060990741730316014e-04 4.968223628501410548e-04
2.345380664323183694e-04 -6.550767684966839199e-04
2.669012698214657869e-04 -7.593246608555393254e-03
3.037301744485379658e-04 -3.355073247070711195e-03
3.456409890153303304e-04 7.170525574362379348e-04
3.933349510117177387e-04 -3.351265310057058126e-04
4.476100595827433941e-04 -3.536038474795267367e-04
5.093744273788129414e-04 8.860574706210746533e-04
5.796614747875888886e-04 7.731168746081804911e-04
6.596472207723105569e-04 1.185839780812724537e-04
7.506699596209768979e-04 3.737227097500594487e-04
8.542526528310251388e-04 3.291676949112708889e-04
9.721284107829528467e-04 3.634712558858686771e-04
1.106269490553541800e-03 3.902033477577561763e-04
1.258920295050231604e-03 2.361990966749578404e-04
1.432634925596967465e-03 1.996393523781767043e-04
1.630319916288533195e-03 5.103221198924264013e-04
1.855282865130142419e-03 4.821545236776401434e-04
2.111287775641902155e-03 3.154642469977262005e-04
2.402618034885063616e-03 3.502422923688107599e-04
2.734148081637014904e-03 3.236877391795760749e-04
3.111424963842404981e-03 3.013365873358645440e-04
3.540761149932096161e-03 2.982568129134589852e-04
4.029340146897228934e-03 3.201925477414801699e-04
4.585336692284109131e-03 3.097863555330433727e-04
5.218053531121586222e-03 2.713777709477710638e-04
5.938077066285669600e-03 2.586533585192079925e-04
6.757454486590666609e-03 2.572771957065345116e-04
7.689895336253547986e-03 2.648413384354923392e-04
8.751000898323306465e-03 3.335128511600849062e-04
9.958525230041016807e-03 4.368994185671025605e-04
1.133267221768482005e-02 4.937861891706760500e-04
1.289643362112126782e-02 5.470435624104520722e-04
1.467597376410879548e-02 6.479166278414000800e-04
1.670106730686079025e-02 7.697552415956549453e-04
1.900559742553024553e-02 9.244612869949912597e-04
2.162812273398455332e-02 1.004616813898349600e-03
2.461252243341404550e-02 1.364229724166822651e-03
2.800873048419708772e-02 1.012654144227667554e-03
3.187357108393584770e-02 -1.579443830414036833e-03
3.627170943059752212e-02 7.345632583676230121e-04
4.127673367860475173e-02 3.850955207043207755e-03
4.697238619079873584e-02 2.144019341551465108e-03
5.345396468716227117e-02 1.206700752109552376e-03
6.082991673384670339e-02 1.480310904921131824e-03
6.922365425095239333e-02 1.455715205201749476e-03
7.877561839878545469e-02 1.580398657674468056e-03
8.964562939157012800e-02 1.697737937432339164e-03
1.020155605548967448e-01 1.880132943715122178e-03
1.160923813683259059e-01 2.116689036363387719e-03
1.321116204083040979e-01 2.357227182463566325e-03
1.503413061321675348e-01 2.546162020164606347e-03
1.710864514390998958e-01 2.628100690428111785e-03
1.946941570421853729e-01 2.600377901117229083e-03
2.215594190394437335e-01 2.416724436684622793e-03
2.521317378541553800e-01 2.266311877895893587e-03
2.869226391230029760e-01 1.504499599912920843e-03
3.265142323689901316e-01 -6.487340798177728199e-05
3.715689506599247349e-01 1.595411350403326718e-04
4.228406342131331153e-01 8.063676427609738941e-04
4.811871433934867825e-01 6.602354538784225950e-04
5.475847121411603347e-01 6.012090847665797246e-04
6.231442819857682114e-01 5.181331140846107304e-04
7.091300899420586168e-01 4.460686535533121486e-04
8.069808212935161151e-01 3.768852394347831786e-04
9.183336811850242309e-01 3.146420304463264095e-04
1.045051787782325547e+00 2.548222235177911160e-04
1.189255345331272196e+00 2.215649429581211134e-04
