5.965558346460036377e-14 3.520620119005916145e-04
6.957963865570018167e-14 3.533307053397495047e-04
8.115461846636177035e-14 3.543182747641304524e-04
9.465516386209552427e-14 3.540473347869951305e-04
1.104016039391999057e-13 3.541203876053253090e-04
1.287675564125130392e-13 3.541021542590328669e-04
1.501887924887495953e-13 3.540974180158964688e-04
1.751735764633701428e-13 3.541330657842807657e-04
2.043147253698495378e-13 3.539881226801858474e-04
2.383036748221348177e-13 3.545438265155054745e-04
2.779468847922480570e-13 3.524055359559147109e-04
3.241849745849551424e-13 3.606182091562717788e-04
3.781150410273637156e-13 3.290611612349683690e-04
4.410166894198770426e-13 4.503031795758502716e-04
5.143823948881020163e-13 -1.965381032440890671e-04
5.999529145231841656e-13 -1.647790653604320511e-03
6.997585905387803892e-13 -7.363310325090030931e-04
8.161675244497845687e-13 2.151994251581891560e-04
9.519417653073856571e-13 -5.617880513109378346e-05
1.110302845175616554e-12 2.593151820021134465e-05
1.295008216817760346e-12 6.854060048819797524e-06
1.510440407238853433e-12 1.785169794505042998e-05
1.761711002441417665e-12 2.121563500092011126e-05
2.054781930653376959e-12 2.796590411885098784e-05
2.396606921730351399e-12 3.509620565127604189e-05
2.795296499156720075e-12 4.365478360162863836e-05
3.260310419430933533e-12 5.353735178942331530e-05
3.802682124868197699e-12 6.497367245208909153e-05
4.435280535439376334e-12 7.810696334543693747e-05
5.173115391213274190e-12 9.308628540586564443e-05
6.033693390300190397e-12 1.100477434273381891e-04
7.037433572424942201e-12 1.291280359513365811e-04
8.208151803986395969e-12 1.503801755265345846e-04
9.573625860040575051e-12 1.738591476317242861e-04
1.116625451097592718e-11 1.995262548550830010e-04
1.302382625211143759e-11 2.272210990208098878e-04
1.519041591595982859e-11 2.567801143236714788e-04
1.771743044118363703e-11 2.878926169990322567e-04
2.066482861133352318e-11 3.201507003425664404e-04
2.410254370425833319e-11 3.531130825147389164e-04
2.811214280756595268e-11 3.861825075403254107e-04
3.278876217091404218e-11 4.187304487899444136e-04
3.824336451547224746e-11 4.501706702586950708e-04
4.460537186001706397e-11 4.798880757922461063e-04
5.202573633304312331e-11 5.073107771992879655e-04
6.068052183242734263e-11 5.320051745506212439e-04
7.077508151512809400e-11 5.534913564274445558e-04
8.254893023672358625e-11 5.716011256918980023e-04
9.628142754976482971e-11 5.865119316786531270e-04
1.122984061021368629e-10 5.980572229088145994e-04
1.309799027082586698e-10 6.063305649937613881e-04
1.527691755291847659e-10 6.116403351808063875e-04
1.781832213133499912e-10 6.142725803058779119e-04
2.078250422418293430e-10 6.146723848227961598e-04
2.423979534350378188e-10 6.131154164895624703e-04
2.827222705968408093e-10 6.098890780620461541e-04
3.297547737458718677e-10 6.053699670499537028e-04
3.846114088523699316e-10 5.997597809096698838e-04
4.485937660250648277e-10 5.931603410174123535e-04
5.232199624993276748e-10 5.859095768568130941e-04
6.102606631909900025e-10 5.781700606313278958e-04
7.117810934799391103e-10 5.698379595183017399e-04
8.301900410660089312e-10 5.611398585713659078e-04
9.682970095701363362e-10 5.522866409322572771e-04
1.129378879971306611e-09 5.431085287090592177e-04
1.317257661563453018e-09 5.338016413833066888e-04
1.536391177238679819e-09 5.245602244955288075e-04
1.791978834797739792e-09 5.151351428553368333e-04
2.090084993936528942e-09 5.063718835032209216e-04
2.437782856052386565e-09 4.960426467926692604e-04
2.843322290961052067e-09 4.901787708000765117e-04
3.316325582569580346e-09 4.758416540558991353e-04
3.868015737986572590e-09 4.598235423535238994e-04
4.511482777188357050e-09 4.677393449046426087e-04
5.261994321528268868e-09 4.614941765841546438e-04
6.137357850460779024e-09 4.448473015277922687e-04
7.158343221790599720e-09 4.435051443797718811e-04
8.349175480635975370e-09 4.236516824499361213e-04
9.738109650044884766e-09 4.000080399679142688e-04
1.135810114139245104e-08 4.250609208006610878e-04
1.324758769146810166e-08 4.392834905161918484e-04
1.545140137937005870e-08 4.131218114948207940e-04
1.802183236274476164e-08 4.046910044975550978e-04
2.101986957276996903e-08 4.023804414704157048e-04
2.451664780600396871e-08 3.965498904372989283e-04
2.859513554842821290e-08 3.918054964073091999e-04
3.335210357888911305e-08 3.905401685737105305e-04
3.890042106123477400e-08 3.764386296855977074e-04
4.537173360480914075e-08 3.734977244313950583e-04
5.291958683596924818e-08 3.931026087723482783e-04
6.172306959399137184e-08 3.724530843464378405e-04
7.199106319392565496e-08 3.701311341636056781e-04
8.396719757917492426e-08 3.837228380495763189e-04
9.793563195903798904e-08 3.590198521550547715e-04
1.142277970891211807e-07 -1.561155590195889391e-04
1.332302591695209347e-07 -4.253606446452413287e-05
1.553938919484617513e-07 8.179253396781360416e-04
1.812445746590166958e-07 6.153409499412452674e-04
2.113956696201585468e-07 2.011492351607626836e-04
2.465625755597316825e-07 2.974018505494573431e-04
2.875797019678004818e-07 2.261440075681173112e-04
3.354202672329448975e-07 2.865960208538044333e-04
3.912193903143319574e-07 3.655021559051310071e-04
4.563010238484655263e-07 3.988620638196715973e-04
5.322093677357505585e-07 3.617483624467816329e-04
6.207455085609270889e-07 3.261549486173924775e-04
7.240101541953426974e-07 3.161486317212196424e-04
8.444534775502288251e-07 2.746348357517691685e-04
9.849332521298800188e-07 4.678908609886851810e-04
1.148782658774055025e-06 -2.514837183072876105e-04
1.339889372448513118e-06 -7.633703416640245237e-05
1.562787805585751247e-06 1.594361540439240537e-03
1.822766696644869517e-06 1.133724846531720606e-03
2.125994596657556696e-06 -3.076369539602649694e-04
2.479666231194991387e-06 -5.885686327994281257e-04
2.892173210503798720e-06 -7.389493348164332884e-04
3.373303138271447072e-06 7.003506869007135836e-04
3.934471843299386986e-06 9.639524860229346966e-04
4.588994244273021909e-06 2.046503661962432649e-05
5.352400274470125870e-06 4.875903676447570709e-04
6.242803362392679276e-06 2.267101967946532487e-04
7.281330211305905595e-06 -5.098583965838432083e-04
8.492622075117748953e-06 5.352614496159646684e-05
9.905419424432718013e-06 1.112945263351220989e-03
1.155324387522192496e-05 7.363464962077325912e-04
1.347519356031677391e-05 -6.925443251361369963e-04
1.571687081560159746e-05 -9.388559285919764741e-05
1.833146419222947930e-05 1.917616789976259780e-03
2.138101046789891784e-05 8.036774458153310863e-04
2.493786660108598824e-05 -2.222578310835749728e-03
2.908642655347199637e-05 -1.632380113651375753e-04
3.392512371582263880e-05 1.296369965020404205e-03
3.956876644912179174e-05 4.101138748162673139e-04
4.615126215663340966e-05 4.709968049990522279e-05
5.382879452128020218e-05 -1.513290736095645843e-03
6.278352929504285183e-05 1.793739959924690874e-04
7.322793656809851537e-05 1.320281193609990859e-03
8.540983207270650714e-05 -1.071387622195291416e-03
9.961825713747984108e-05 -3.134596393053858468e-04
1.161903368064381103e-04 9.543153943988719190e-04
1.355192788462691964e-04 2.014662863952967724e-04
1.580637034352353073e-04 4.538229879477327297e-05
1.843585249003840078e-04 3.608849625270468993e-04
2.150276436953888880e-04 2.456493587280313487e-04
2.507987497631306430e-04 -9.898088032841501419e-04
2.925205885242093988e-04 -1.018010699754242493e-02
3.411830991636361269e-04 -4.746429280150767094e-03
3.979409030392732976e-04 1.403936697145199801e-03
4.641406995243967798e-04 -1.845526726623803772e-04
5.413532193088892511e-04 3.455805357533698989e-04
6.314104933189424460e-04 1.231409869043341779e-04
7.364493215395241958e-04 2.369979009506657103e-04
8.589619731296860902e-04 2.605597651461092831e-04
1.001855320798532333e-03 2.648221783829469295e-04
1.168519812530505143e-03 1.844339240718658075e-04
1.362909917160492123e-03 1.947022058125446806e-04
1.589637952540853133e-03 2.925950874002503262e-04
1.854083522572768121e-03 2.356387489990145398e-04
2.162521159727720348e-03 2.389676538096735872e-04
2.522269201648959843e-03 1.414908602182722401e-04
2.941863434246309340e-03 3.340372461978864324e-05
3.431259621335204513e-03 1.169037867363139152e-04
4.002069726265787553e-03 2.780905636663852029e-05
4.667837430401315484e-03 -1.167464114370329181e-04
5.444359485706879408e-03 -1.743480272575499007e-04
6.350060526220642834e-03 -1.283754768763140618e-04
7.406430231605101722e-03 7.134609692121662156e-05
8.638533215412094735e-03 1.246270247873318936e-04
1.007560373624225881e-02 8.389480602590763253e-05
1.175173934258418734e-02 3.156254787560100299e-04
1.370670990952923586e-02 7.549772984024615864e-04
1.598690126347490290e-02 1.183450654205827485e-03
1.864641578431660077e-02 1.619846255156815254e-03
2.174835609925064930e-02 1.945857450092420421e-03
2.536632232654821226e-02 2.284982527756632305e-03
2.958615839458833205e-02 2.222533484343437379e-03
3.450798887127378561e-02 1.241818987809769747e-03
4.024859463193311560e-02 2.376658206527515384e-03
4.694418373347195028e-02 3.527233790576290041e-03
5.475362323964249461e-02 5.266531037944380787e-04
6.386220867934994105e-02 -2.743690634759441208e-04
7.448606057638987310e-02 -3.335912567209659355e-04
8.687725236762161574e-02 1.268129740826995019e-03
1.013297913803197087e-01 3.346965933309835155e-03
1.181865947800831151e-01 2.497572400928225068e-03
1.378476260084791627e-01 1.842308587893240566e-03
1.607793847646740715e-01 1.969401729335133050e-03
1.875259757010030726e-01 1.856995086721384370e-03
2.187220184607888418e-01 1.792392508706435990e-03
2.551077053764437830e-01 1.693800143671562357e-03
2.975463641037190410e-01 1.585945565533306879e-03
3.470449419028732163e-01 1.463036452579676017e-03
4.047778975998008177e-01 1.331342287050970782e-03
4.721150681146375483e-01 1.193485458462949884e-03
5.506541707503510574e-01 1.053390004341642899e-03
6.422587124271336156e-01 9.138125360298014494e-04
7.491022053396448888e-01 7.758900731191786804e-04
8.737197381473964519e-01 6.427111216019106357e-04
1.019068126334284008e+00 5.049141388227677048e-04
1.188596068932207039e+00 4.187666481158169233e-04
