5.965558346460036377e-14 3.524730570817750279e-04
6.684893093055991651e-14 3.531644007824128947e-04
7.490966154426289135e-14 3.536748275661596996e-04
8.394236548831315835e-14 3.534957870958265608e-04
9.406424456490081870e-14 3.535031459679979088e-04
1.054066329212203199e-13 3.534580838200516648e-04
1.181167011459175454e-13 3.534257119801259908e-04
1.323593658476988069e-13 3.533879311197691067e-04
1.483194294934016876e-13 3.533507053751919549e-04
1.662039782705004214e-13 3.533081612186479009e-04
1.862450690869848390e-13 3.532777547669268409e-04
2.087027405731638627e-13 3.531939624143616563e-04
2.338683871539493848e-13 3.533058504173345812e-04
2.620685399711653526e-13 3.526640795638892600e-04
2.936691037143388093e-13 3.548860559080936963e-04
3.290801043340469028e-13 3.461862562348962113e-04
3.687610092406884796e-13 3.790983054421156323e-04
4.132266890196833608e-13 2.534261031055008717e-04
4.630540980180459445e-13 7.320801546269991092e-04
5.188897604846928677e-13 -1.092257546814595030e-03
5.814581593992651858e-13 -2.198585475577295723e-02
6.515711368367951906e-13 -2.819734372554534053e-03
7.301384278404661849e-13 -2.489738505371914476e-04
8.181794644824519805e-13 8.208201326883918410e-04
9.168366032736169689e-13 5.814335395451096684e-04
1.027389947551447340e-12 7.046390568291342402e-04
1.151273957170714285e-12 7.238432905069527509e-04
1.290096061012066540e-12 7.660033501733325145e-04
1.445657513811061984e-12 7.948714533868991503e-04
1.619976767930653655e-12 8.186764754538910539e-04
1.815315663332145820e-12 8.340062842751854062e-04
2.034208775566908084e-12 8.410988610166088980e-04
2.279496302586738386e-12 8.396925716406102372e-04
2.554360917088506723e-12 8.301880997520104041e-04
2.862369062562235561e-12 8.132489334587655015e-04
3.207517228869918110e-12 7.896658144092437610e-04
3.594283807793824252e-12 7.603287652139510168e-04
4.027687201393613313e-12 7.260482703799822635e-04
4.513350937144566070e-12 6.875505837585010535e-04
5.057576634743525239e-12 6.455042380009434755e-04
5.667425771346423407e-12 6.004756626204485817e-04
6.350811306164260613e-12 5.530129811331940815e-04
7.116600353271521122e-12 5.037217510880211482e-04
7.974729234834246749e-12 4.533123464277449832e-04
8.936332407605980180e-12 4.026618095509665318e-04
1.001388693554668700e-11 3.528544093396512524e-04
1.122137438313756899e-11 3.050275887808307634e-04
1.257446223000148274e-11 2.602227564997994930e-04
1.409070716073212825e-11 2.193151456317951262e-04
1.578978286767542497e-11 1.829225151602741073e-04
1.769373532246356639e-11 1.513670161392994401e-04
1.982726882852206751e-11 1.246907236112614059e-04
2.221806656615850685e-11 1.026910272209401523e-04
2.489714978939150424e-11 8.496657605192199647e-05
2.789928033520050296e-11 7.099114049890359324e-05
3.126341166785939863e-11 6.019892292445042786e-05
3.503319431078134906e-11 5.204769265554267527e-05
3.925754222398998746e-11 4.606452309789677013e-05
4.399126747611682668e-11 4.184823784416334680e-05
4.929579144597173942e-11 3.909024652428826768e-05
5.523994178171982547e-11 3.753784465158980371e-05
6.190084545842353816e-11 3.711628423999548815e-05
6.936492952162493013e-11 3.757147649895587610e-05
7.772904250187817738e-11 3.844634043364755782e-05
8.710171105090178746e-11 4.057962266487170899e-05
9.760454810454563158e-11 4.423400689851971629e-05
1.093738308438652788e-10 4.589406107413304681e-05
1.225622689287901916e-10 5.989262473725821129e-05
1.373409859476980433e-10 3.304854222475114151e-05
1.539017397927332272e-10 1.310469823363989705e-04
1.724594107708699306e-10 -6.322427489476728502e-05
1.932547897346121454e-10 2.116939731065308958e-04
2.165577024091121617e-10 1.324234026409611131e-03
2.426705104546993193e-10 5.001368523686734562e-04
2.719320346920434271e-10 -1.104262408174915694e-03
3.047219513949113829e-10 -2.094240599957632870e-04
3.414657186935676610e-10 3.348127855049426449e-04
3.826400970102903150e-10 6.472195358990431163e-05
4.287793351561514616e-10 1.747729447950001694e-04
4.804821023553253742e-10 1.431986619723699117e-04
5.384192561419035811e-10 1.842340434322492504e-04
6.033425469197139120e-10 2.011636056761184968e-04
6.760943721292623820e-10 2.181504697106335239e-04
7.576187065847534973e-10 2.174025386711738589e-04
8.489733508052493129e-10 2.274962113769860017e-04
9.513436562655255307e-10 2.716291817203564385e-04
1.066057905655360943e-09 2.746488168525488757e-04
1.194604547710453186e-09 2.694578719922083310e-04
1.338651510241562205e-09 2.941736173117685468e-04
1.500067841953622624e-09 3.066589807521188579e-04
1.680947963863546280e-09 3.129534974867570138e-04
1.883638844985226187e-09 3.302906636561487100e-04
2.110770454893925462e-09 3.486222365194678943e-04
2.365289888300228972e-09 3.588802599348650882e-04
2.650499604409376598e-09 3.230363559595583398e-04
2.970100277231855711e-09 3.884908569858789781e-04
3.328238812840168008e-09 3.876480517059979758e-04
3.729562156608297477e-09 7.142321653216127109e-05
4.179277588597911370e-09 2.742764445777716789e-04
4.683220289440351657e-09 6.557701682445831598e-04
5.247929053399796482e-09 4.420880055984142964e-04
5.880731131016052093e-09 3.442819154088868142e-04
6.589837302182510288e-09 4.030195123691342196e-04
7.384448413259251076e-09 3.878307778254538180e-04
8.274874760569193001e-09 3.870096470218794410e-04
9.272669869310200059e-09 3.039008746181341702e-04
1.039078040370238897e-08 2.995109087521059116e-04
1.164371415349411077e-08 4.288924603471824110e-04
1.304772827649888048e-08 4.689347674247520623e-04
1.462104023966117652e-08 3.958014645638920082e-04
1.638406419566795615e-08 3.755421170320589336e-04
1.835967586215954213e-08 3.845294363097224999e-04
2.057350934041683573e-08 3.793524087113394130e-04
2.305428972483117174e-08 3.785768765667526028e-04
2.583420581885479228e-08 3.760143053708336902e-04
2.894932779352123222e-08 3.764796774285003242e-04
3.244007520777340876e-08 3.750958625068885957e-04
3.635174146328570318e-08 3.700725280278236579e-04
4.073508149872924376e-08 3.699663007974392584e-04
4.564697034897273237e-08 3.700674566147780717e-04
5.115114111420107932e-08 3.671926135203973721e-04
5.731901191431015257e-08 3.621217340582941549e-04
6.423061255852773843e-08 3.682147774007266464e-04
7.197562295406073569e-08 3.594044912025662689e-04
8.065453672739849115e-08 3.221235807262046516e-04
9.037996515658238961e-08 5.203594496875109388e-04
1.012780983333094634e-07 -1.672876538790545389e-04
1.134903425138633791e-07 -7.214317098255089433e-04
1.271751549039294226e-07 6.640471719220400471e-04
1.425100996841441295e-07 1.124471662627747094e-03
1.596941519538682259e-07 2.488145430055805837e-04
1.789502794874712237e-07 3.466230264494172056e-04
2.005283358021465058e-07 3.582140435290162572e-04
2.247083020755704133e-07 3.357436127263456818e-04
2.518039199782005454e-07 3.425361833408859316e-04
2.821667625571974881e-07 3.222521981685842751e-04
3.161907959927791533e-07 3.139352551939887659e-04
3.543174914170903688e-07 3.024809812708110709e-04
3.970415531227762966e-07 2.978958631517569441e-04
4.449173374863801003e-07 3.054078935422798249e-04
4.985660458938383437e-07 3.169243971014321440e-04
5.586837849982061855e-07 3.267828441605499096e-04
6.260505988937454078e-07 3.356463515814299761e-04
7.015405904011978339e-07 3.374654549183411789e-04
7.861332627907787760e-07 3.081688297243007080e-04
8.809262291047840834e-07 3.006327527044286296e-04
9.871494539867948356e-07 2.537603690379360705e-04
1.106181212809050851e-06 3.206919584827312361e-04
1.239565975172054294e-06 3.899978573093359352e-04
1.389034444819739817e-06 -6.340612038945037110e-04
1.556526015993511069e-06 -4.249955331220413648e-04
1.744213937602565700e-06 1.071035589307271513e-03
1.954533511722396493e-06 9.295732832536708970e-04
2.190213692304727642e-06 2.511191081905651823e-04
2.454312494100861037e-06 3.921399299716358394e-04
2.750256671238755512e-06 3.378902895403053386e-04
3.081886180294381573e-06 3.412047152980338116e-04
3.453504004777676798e-06 3.383418500798622205e-04
3.869931987519478623e-06 3.375153333503499650e-04
4.336573395400068339e-06 3.261629506750548038e-04
4.859483028213524798e-06 3.575321343070479371e-04
5.445445781349847837e-06 2.627083278162007859e-04
6.102064681666814494e-06 4.686758848636823210e-04
6.837859538841184791e-06 2.685017694326894203e-04
7.662377492227700020e-06 -1.427782734609368831e-03
8.586316887601236074e-06 2.856708223952092451e-05
9.621666091117167161e-06 1.995816937461320894e-03
1.078185904163813093e-05 4.525913081976796343e-04
1.208194955976241202e-05 5.586996149566821057e-04
1.353880667526002857e-05 -4.047739041989325062e-04
1.517133350734422107e-05 -9.126532451499518028e-04
1.700071253780894757e-05 1.736791492086215208e-03
1.905068045951939800e-05 2.101320067491442393e-03
2.134783616648860936e-05 -1.191821373381305935e-03
2.392198588179647500e-05 -1.719890159113051254e-03
2.680652990147994820e-05 -3.814496931198712443e-04
3.003889597250158737e-05 1.752544147811352544e-03
3.366102492799544709e-05 1.278360820664651773e-03
3.771991488103853786e-05 -1.120181226640483765e-04
4.226823103801214283e-05 6.497326474048754560e-04
4.736498904404676485e-05 3.408168480130719519e-04
5.307632072714669579e-05 -2.417038173378138928e-03
5.947633217673084196e-05 -2.899170482812069363e-04
6.664806529039520424e-05 2.763971130266651248e-03
7.468457526522866011e-05 -3.664925514224128857e-04
8.369013801442503632e-05 -1.706465040829518477e-03
9.378160317575546558e-05 9.004465232574430759e-04
1.050899102675506900e-04 1.438961384221928031e-03
1.177617876647365754e-04 -3.736268425456740205e-04
1.319616564395955174e-04 -3.729819599231597171e-05
1.478737637701162697e-04 3.688571515688271463e-04
1.657045735974786759e-04 2.231791528166252384e-04
1.856854455521155965e-04 -1.680050195271660593e-04
2.080756369081425482e-04 -3.279529485405033654e-04
2.331656665173447828e-04 -5.517611258935928645e-04
2.612810843706717253e-04 -1.762410778850663495e-03
2.927866956983383052e-04 -3.800245869359865185e-03
3.280912944173850301e-04 -2.181775286410444353e-03
3.676529673444645639e-04 -2.157929532780244672e-04
4.119850379974835438e-04 -3.720188834361107255e-04
4.616627271085275747e-04 -2.555136683187126181e-04
5.173306162700631742e-04 7.326954195185832880e-05
5.797110115572482207e-04 5.115300545620055789e-05
6.496133156466647870e-04 1.272193154420704977e-04
7.279445300372382839e-04 2.007353264876924129e-04
8.157210236425612620e-04 2.209794691788022000e-04
9.140817204553100669e-04 2.214537848107839962e-04
1.024302877397286924e-03 2.060197111000989373e-04
1.147814644101788437e-03 1.860836724825350175e-04
1.286219619495920178e-03 1.796352401793321896e-04
1.441313645959658432e-03 2.379227266783474903e-04
1.615109110871485593e-03 2.531283728212747539e-04
1.809861057884615352e-03 2.051848096577078145e-04
2.028096446734649772e-03 2.924158318137652993e-04
2.272646941232735543e-03 1.847717514047962639e-04
2.546685650877375789e-03 9.435658885244019994e-05
2.853768302817313342e-03 9.874895368359309922e-05
3.197879378383062989e-03 9.812622473745827301e-06
3.583483812821049771e-03 1.321920079518394339e-04
4.015584929048664382e-03 6.881136670639723812e-05
4.499789357136394809e-03 -1.255594243030613497e-04
5.042379781865294341e-03 -1.326635337565466519e-04
5.650396462278935855e-03 -1.962241154377089222e-04
6.331728580968547584e-03 -1.804989129298214395e-04
7.095216608373048663e-03 3.774645693136249869e-05
7.950767010299113202e-03 1.570200625723907478e-04
8.909480787022227774e-03 1.026279590821202459e-04
9.983797511799048438e-03 8.116128623590190133e-05
1.118765673773000277e-02 1.772487179789467709e-04
1.253667886727011412e-02 4.560674257446514432e-04
1.404836783121992359e-02 8.101397838454656164e-04
1.574233820701109385e-02 1.140956433231205078e-03
1.764056972320903610e-02 1.473587098545699539e-03
1.976769245249763995e-02 1.759674140522806199e-03
2.215130639360369386e-02 2.046735325921051479e-03
2.482233958882290245e-02 2.157374898518289383e-03
2.781544942382093225e-02 2.377297690824423711e-03
3.116947231668392576e-02 2.222148293668911416e-03
3.492792763105623255e-02 8.281468194425143682e-04
3.913958235177755762e-02 1.724526136765380368e-03
4.385908384983823460e-02 3.958332968219313054e-03
4.914766894695250105e-02 3.027973276760602059e-03
5.507395848005475908e-02 3.813764505796943260e-05
6.171484767541288163e-02 -3.451144138217178761e-04
6.915650388520304392e-02 -6.530471081729431748e-05
7.749548463245271857e-02 -4.909296721379947590e-04
8.683999047128901361e-02 8.219061010726006616e-04
9.731126891869970597e-02 3.215324079457103530e-03
1.090451876742004611e-01 3.579375055227270331e-03
1.221939975403671386e-01 1.932590788424544924e-03
1.369283079186079111e-01 1.866491588695649156e-03
1.534393005127697163e-01 1.999587745131384264e-03
1.719412099639958946e-01 1.883528065940266467e-03
1.926741036037409316e-01 1.861057071704807185e-03
2.159069963930040914e-01 1.792131067899341290e-03
2.419413414649638494e-01 1.727110036966690576e-03
2.711149415617684633e-01 1.652725787034307371e-03
3.038063321174290232e-01 1.566961280743834825e-03
3.404396928585256554e-01 1.483772614761577971e-03
3.814903516520836702e-01 1.363278776249440046e-03
4.274909520145435127e-01 1.342400707930933596e-03
4.790383643069588970e-01 1.070878648955599262e-03
5.368014302910433244e-01 2.302241183303856478e-04
6.015296415338168279e-01 1.707780331389133904e-04
6.740628642655051017e-01 6.998695744888003799e-04
7.553422368734157288e-01 7.771612768191489377e-04
8.464223814297026083e-01 5.732659731881493102e-04
9.484850877009703973e-01 4.432405739750533771e-04
1.062854647193467228e+00 3.572240760383034279e-04
1.191015036197273780e+00 3.068309946311183678e-04
