5.965558346460036377e-14 3.516928792315748820e-04
7.032454873958359057e-14 3.531367389962652113e-04
8.290158050940512307e-14 3.542656396114791072e-04
9.772792252684460429e-14 3.539553829999576851e-04
1.152058474968328705e-13 3.540398934928656351e-04
1.358095716586818535e-13 3.540160750437797502e-04
1.600981213616050019e-13 3.540219381783847423e-04
1.887305007332805986e-13 3.540196210366319644e-04
2.224835719751102043e-13 3.540195081357579848e-04
2.622731334176736395e-13 3.540187483354242243e-04
3.091787672323991824e-13 3.540181213250817062e-04
3.644731309749312464e-13 3.540174108044580326e-04
4.296564877070537993e-13 3.540166735098732725e-04
5.064974115786337204e-13 3.540158909851667812e-04
5.970807733055032076e-13 3.540150653074487438e-04
7.038643074995263445e-13 3.540141928712616480e-04
8.297452966523533973e-13 3.540132713024113364e-04
9.781391810624810655e-13 3.540122977518014163e-04
1.153072227573529053e-12 3.540112693268477120e-04
1.359290771439245149e-12 3.540101829156349841e-04
1.602389995298083458e-12 3.540090353064237645e-04
1.888965739326490463e-12 3.540078230109340758e-04
2.226793461528995808e-12 3.540065423582737687e-04
2.625039203768870982e-12 3.540051894666633968e-04
3.094508287532004104e-12 3.540037603387436588e-04
3.647938487111193850e-12 3.540022506833802665e-04
4.300345634672817284e-12 3.540006559159571131e-04
5.069431034264585555e-12 3.539989712565481776e-04
5.976061738842063463e-12 3.539971915998614028e-04
7.044836721333002753e-12 3.539953116563788332e-04
8.304754301259603200e-12 3.539933257619195389e-04
9.789998935736839361e-12 3.539912278990677875e-04
1.154086872229225935e-11 3.539890117970237275e-04
1.360486877878892227e-11 3.539866707831123595e-04
1.603800016636040892e-11 3.539841978205410938e-04
1.890627932679491014e-11 3.539815854585763241e-04
2.228752926019642763e-11 3.539788258592334487e-04
2.627349104168368199e-11 3.539759107118677604e-04
3.097231296742417490e-11 3.539728312850027800e-04
3.651148486625316948e-11 3.539695782610002665e-04
4.304129719148677344e-11 3.539661419400814794e-04
5.073891874603412308e-11 3.539625117360842635e-04
5.981320367885789296e-11 3.539586778604254802e-04
7.051035817763070074e-11 3.539546242948216417e-04
8.312062060797254369e-11 3.539503561852041721e-04
9.798613634679337282e-11 3.539457940244365199e-04
1.155102409720387109e-10 3.539411808518794569e-04
1.361684036831103284e-10 3.539355140670759001e-04
1.605211278720733488e-10 3.539325841074671998e-04
1.892291588677729444e-10 3.539177203266451535e-04
2.230714114738942596e-10 3.539473381113781604e-04
2.629661037162196618e-10 3.538041090477067260e-04
3.099956702061831013e-10 3.543248380569307548e-04
3.654361310775029488e-10 3.522870467258885224e-04
4.307917133425536569e-10 3.600998278356941015e-04
5.078356640253857130e-10 3.299778558950501074e-04
5.986583624254483556e-10 -4.217732364701545084e-05
7.057240369081315548e-10 -3.361074313959623409e-04
8.319376250789979109e-10 3.951923783616657221e-05
9.807235914116761191e-10 3.129776888554703686e-04
1.156118840832661860e-09 2.628695032952316560e-04
1.362882249222045367e-09 3.016781521668139739e-04
1.606623782643966677e-09 3.152485660216442290e-04
1.893956708608258660e-09 3.341610364191098352e-04
2.232677029204128579e-09 3.458461660305368890e-04
2.631975004538955401e-09 3.568403702927016447e-04
3.102684505598699669e-09 3.680696128951473425e-04
3.657576962045892073e-09 3.765860965407393131e-04
4.311707880433479719e-09 3.822498507134891067e-04
5.082825334669990417e-09 3.860202995913360538e-04
5.991851512019863851e-09 3.885412063306704911e-04
7.063450380087758157e-09 3.896603651889658793e-04
8.326696876896316142e-09 3.897704164294497377e-04
9.815865780719614622e-09 3.890674148406478294e-04
1.157136166352391513e-08 3.877480403286235125e-04
1.364081515978661800e-08 3.860122969277300468e-04
1.608037529498494415e-08 3.838136664527421610e-04
1.895623293759264992e-08 3.822158945692168651e-04
2.234641670933783601e-08 3.799793349441617230e-04
2.634291008088796465e-08 3.776026010223671771e-04
3.105414709463331861e-08 3.755720128502050732e-04
3.660795442925576824e-08 3.715874805905695563e-04
4.315501963105138538e-08 3.691489954185645482e-04
5.087297961308965850e-08 3.671383029949073021e-04
5.997124035257362473e-08 3.676814203401128876e-04
7.069665855586652757e-08 3.513446095739086728e-04
8.334023944779533359e-08 4.116616380976747570e-04
9.824503241164229020e-08 2.591128591207425731e-04
1.158154387066607902e-07 -1.837010072968615557e-04
1.365281838028779325e-07 1.948981882679357361e-04
1.609452520378032960e-07 7.418439085820913506e-04
1.897291345420065899e-07 4.747886490589648539e-04
2.236608041447782699e-07 2.816930102517599052e-04
2.636609049603449553e-07 3.271370413500036302e-04
3.108147315767912920e-07 3.153350474263353492e-04
3.664016755904020150e-07 3.119227454277781648e-04
4.319299384375728966e-07 3.105469416631047828e-04
5.091774523630825579e-07 3.162959543946100745e-04
6.002401198045972733e-07 3.321603484524593419e-04
7.075886800386516235e-07 3.178268263437627333e-04
8.341357460108310672e-07 3.508785563580288716e-04
9.833148302132790643e-07 1.814322922530889511e-04
1.159173503763036897e-06 -1.759526347110363861e-04
1.366483216300972045e-06 1.910340134056993759e-04
1.610868756377260704e-06 6.201862965296619373e-04
1.898960864881129904e-06 4.367838936947926985e-04
2.238576142267381308e-06 3.596304541071165990e-04
2.638929130876218156e-06 3.673874434725553882e-04
3.110882326626403934e-06 3.372448701899721617e-04
3.667240903473323759e-06 3.387371279224725071e-04
4.323100147183078505e-06 3.308549908250311804e-04
5.096255025098916118e-06 3.398631508981929568e-04
6.007683004468247289e-06 3.020724847245096802e-04
7.082113219299910772e-06 3.463541342877975680e-04
8.348697428555876160e-06 8.002893052975112650e-05
9.841800970313366054e-06 -5.198056778186617953e-04
1.160193517230102528e-05 -1.635335949120688206e-04
1.367685651724672291e-05 3.664600721061412464e-04
1.612286238591825705e-05 1.626362098611533556e-03
1.900631853434012368e-05 1.718522367629735353e-03
2.240545974915160749e-05 -2.316907140490066623e-03
2.641251253701994679e-05 -8.556911175560308856e-04
3.113619744154776570e-05 1.599149184954167880e-03
3.670467888127783296e-05 1.141732933493573576e-05
4.326904254467489087e-05 -9.380427664823945237e-04
5.100739469179377581e-05 2.543421025250746509e-04
6.012969458610378196e-05 1.080328779504214406e-03
7.088345117143948803e-05 4.530454027985549373e-04
8.356043855800720393e-05 -2.263862712253944358e-04
9.850461252399962447e-05 -7.551900539143193911e-04
1.161214428256906621e-04 5.444083702501570539e-04
1.368889145230119196e-04 6.618667408275313684e-04
1.613704968118322147e-04 -2.197240638316185109e-04
1.902304312371471740e-04 -1.503409286214558820e-04
2.242517540915042924e-04 -1.271222456179207060e-03
2.643575419877222839e-04 -2.674047199297673559e-03
3.116359570470710895e-04 -1.774386974551562472e-03
3.673697712363901665e-04 -8.269965195139773913e-04
4.330711709171994350e-04 -4.766623527385073326e-04
5.105227859341541444e-04 3.400673668086514820e-04
6.018260564562071891e-04 5.110217297808533274e-04
7.094582498739731256e-04 2.437979731759729908e-04
8.363396747526241799e-04 3.173236552906398902e-04
9.859129155092350751e-04 3.305469550357788971e-04
1.162236237633266014e-03 2.849783082054125477e-04
1.370093697748370979e-03 2.892324908291242502e-04
1.615124946054325925e-03 4.158918395402349047e-04
1.903978242987352859e-03 4.094978832937632048e-04
2.244490841792293884e-03 3.371541219801582785e-04
2.645901631199955566e-03 3.258938675732587359e-04
3.119101807693840187e-03 3.011064326414619220e-04
3.676930378680338517e-03 3.031439618519202357e-04
4.334522514242150973e-03 3.126262512994494418e-04
5.109720199057759746e-03 2.825275831233706354e-04
6.023556326416712459e-03 2.532548345731112059e-04
7.100825368912654610e-03 2.513258642578668212e-04
8.370756109420894250e-03 3.087912106111080808e-04
9.867804685096305192e-03 4.259128358069211480e-04
1.163258946149673019e-02 5.061252293830438738e-04
1.371299310211309026e-02 5.950789173672648043e-04
1.616546173498379854e-02 7.284891053624567396e-04
1.905653646576662905e-02 9.224506025581171234e-04
2.246465879073503841e-02 1.139137126689964211e-03
2.648229889469828555e-02 8.726720131691689981e-04
3.121846457945639045e-02 2.331081626948030422e-05
3.680165889577994426e-02 8.623447147734428220e-04
4.338336672626078722e-02 2.323925726574007245e-03
5.114216491803456194e-02 1.940790895373782458e-03
6.028856748271245458e-02 1.337221283553391253e-03
7.107073732492417972e-02 1.493773291293110398e-03
8.378121947178032713e-02 1.616912535809411893e-03
9.876487849123509466e-02 1.857249853303235632e-03
1.164282554597329822e-01 2.118476340595197224e-03
1.372505983551620679e-01 1.943656329993108780e-03
1.617968651549974990e-01 1.763468894433946202e-03
1.907330524435551511e-01 1.917629800276760780e-03
2.248442654286627040e-01 1.915237302469685772e-03
2.650560196488029874e-01 1.799929803554985164e-03
3.124593523349459834e-01 1.383694954556113389e-03
3.683404247559955436e-01 1.689048522949421465e-03
4.342154187274539501e-01 7.134878407436611673e-04
5.118716741057057762e-01 4.567241897659743075e-03
6.034161834226263732e-01 5.800752375354449077e-03
7.113327594312932600e-01 2.800200253675129598e-03
8.385494266496114069e-01 -2.947971211275050157e-04
9.885178653891442124e-01 -2.459307616446766882e-04
1.165307063768133533e+00 1.110338672172504499e-04
1.373713718702829434e+00 1.115582650098739543e-04
1.619392381309589179e+00 6.449310804669495731e-05
1.909008877861284592e+00 7.557218159110401165e-07
2.250421168960962337e+00 -3.395714406656774424e-05
2.652892554057363572e+00 -4.564328604843867574e-05
3.127343006030491868e+00 -4.137141951180995508e-05
3.686645455131520865e+00 -2.979855578997837309e-05
4.345975061140872953e+00 -1.722022812053572742e-05
5.123220950300125587e+00 -7.141308773731685784e-06
6.039471588385890044e+00 -5.274542550869456073e-07
7.119586959212369059e+00 3.031898962261908494e-06
8.392873073078609636e+00 4.645093752919524565e-06
9.893877106123607490e+00 5.186154133422640594e-06
