5.965558346460036377e-14 3.520660542043273331e-04
6.957983794623670216e-14 3.533348673170019251e-04
8.115508335439188677e-14 3.543227287279063741e-04
9.465597720057014052e-14 3.540518424487056059e-04
1.104028687971264285e-13 3.541258075339241175e-04
1.287694005082035293e-13 3.541052791768647436e-04
1.501913735385977624e-13 3.541106255050803855e-04
1.751770886280835917e-13 3.541088685449448464e-04
2.043194070152449516e-13 3.541090422312094359e-04
2.383098178534772948e-13 3.541086706376913272e-04
2.779548458709089239e-13 3.541084314951500542e-04
3.241951885953020605e-13 3.541081379960808219e-04
3.781280372321957867e-13 3.541078404664024099e-04
4.410331108262003529e-13 3.541075241468706440e-04
5.144030214442731982e-13 3.541071922156359755e-04
5.999786908862619325e-13 3.541068425463008221e-04
6.997906592906489506e-13 3.541064745131296092e-04
8.162072658065100527e-13 3.541060870446348201e-04
9.519908445629070497e-13 3.541056790616996242e-04
1.110363269354227160e-12 3.541052497777578967e-04
1.295082402286219315e-12 3.541047978570521781e-04
1.510531260356705914e-12 3.541043221488532171e-04
1.761822015716468800e-12 3.541038214355395237e-04
2.054917297329032943e-12 3.541032943688033480e-04
2.396771672276370763e-12 3.541027394541101589e-04
2.795496663779680361e-12 3.541021553724885487e-04
3.260553221484398103e-12 3.541015406066006128e-04
3.802976210945760196e-12 3.541008935012560435e-04
4.435636249002867018e-12 3.541002123115320581e-04
5.173545097873601678e-12 3.540994952837407499e-04
6.034211864363023450e-12 3.540987404225402931e-04
7.038058456083702082e-12 3.540979458694164771e-04
8.208904152635390022e-12 3.540971095794282625e-04
9.574530789653425024e-12 3.540962292542231687e-04
1.116734196641725947e-11 3.540953025775342260e-04
1.302513191870129687e-11 3.540943270722747560e-04
1.519198230069079454e-11 3.540933003022567888e-04
1.771930815480853428e-11 3.540922194814563086e-04
2.066707788823514386e-11 3.540910817262164605e-04
2.410523620373221087e-11 3.540898841484520741e-04
2.811536374808414268e-11 3.540886235385526208e-04
3.279261285830922149e-11 3.540872965647691613e-04
3.824796533703836454e-11 3.540858997356818687e-04
4.461086582957648633e-11 3.540844295294165445e-04
5.203229328743662183e-11 3.540828815441713490e-04
6.068834339805291319e-11 3.540812535749128173e-04
7.078440698460066730e-11 3.540795340893415286e-04
8.256004352101488502e-11 3.540777466777686108e-04
9.629466540102258532e-11 3.540757784924269090e-04
1.123141678375523775e-10 3.540740399068276374e-04
1.309986617068387929e-10 3.540709297757326998e-04
1.527914928222014296e-10 3.540725739198074921e-04
1.782097616468850259e-10 3.540554093993358679e-04
2.078565930578111727e-10 3.541099390080197987e-04
2.424354472972575446e-10 3.538884111766679198e-04
2.827668116828733686e-10 3.547268930601732081e-04
3.298076691370126859e-10 3.514920380337824106e-04
3.846742054848321078e-10 3.639066819611466198e-04
4.486682943200894521e-10 3.161935181115360823e-04
5.233083878717061485e-10 4.994971582266282024e-04
6.103655468498840148e-10 9.424550596353518071e-04
7.119054641881420162e-10 9.252645673493552908e-04
8.303374798210629374e-10 5.964716030813568826e-04
9.684717495206411899e-10 5.545636000558536345e-04
1.129585924293926661e-09 5.173801841775078902e-04
1.317502922511193192e-09 6.127266266317669442e-04
1.536681640142200803e-09 9.211151684532670886e-05
1.792322751473856889e-09 -1.191385491329938207e-04
2.090492110749462419e-09 8.916093721699435391e-04
2.438264682804545918e-09 8.522573563713156317e-04
2.843892417886504127e-09 3.230960867894633499e-04
3.317000053993159025e-09 5.369232653471655951e-04
3.868813492729595145e-09 4.510568715512430944e-04
4.512426167587104225e-09 4.663781521283250596e-04
5.263109725033173614e-09 4.521433323072102974e-04
6.138676390255699714e-09 4.456827445527681598e-04
7.159901615778107208e-09 4.394710565882005773e-04
8.351017041555921379e-09 4.304114344335242121e-04
9.740285463514413025e-09 4.052332091235514439e-04
1.136067145338678376e-08 4.031312075123256143e-04
1.325062354232369504e-08 4.311459552559168684e-04
1.545498652793440123e-08 4.253175758176740671e-04
1.802606555198748899e-08 3.992060459661406560e-04
2.102486719721370698e-08 3.937862168231233938e-04
2.452254705196817965e-08 3.966097568895931257e-04
2.860209809057357890e-08 3.880687915454863676e-04
3.336031993125033761e-08 3.769614583573731997e-04
3.891011569819633714e-08 3.726810901588709611e-04
4.538317098778106175e-08 3.625290987073650877e-04
5.293307850538365054e-08 3.570277209304639765e-04
6.173898251427806103e-08 3.506228914272346321e-04
7.200982957208189288e-08 3.112519612142616333e-04
8.398932641627314076e-08 3.225718852750926111e-04
9.796172263951911119e-08 4.160017636148012100e-04
1.142585553661818769e-07 4.071912309311317459e-04
1.332665159677397603e-07 3.278983652741881451e-04
1.554366254786074770e-07 3.398408270122430831e-04
1.812949364266828309e-07 3.627383414729970501e-04
2.114550150117501582e-07 3.448387791013581699e-04
2.466324998089613488e-07 3.387754519586965232e-04
2.876620824464136320e-07 3.433439151690129143e-04
3.355173131744765282e-07 3.340940137937582939e-04
3.913337012735736717e-07 3.296083689661635091e-04
4.564356584270760255e-07 3.336036884064763793e-04
5.323679243718306111e-07 3.254625431160004106e-04
6.209322204944467430e-07 3.570014857523125251e-04
7.242300010901361353e-07 2.944879478132271695e-04
8.447123166862888929e-07 5.040324162875722998e-04
9.852379725880782483e-07 -8.940231494973960996e-05
1.149141362632652345e-06 -5.630704780114322364e-04
1.340311587711553312e-06 6.851833831683531821e-04
1.563284736386373689e-06 8.574257413954192164e-04
1.823351517232823922e-06 1.421221700358692337e-04
2.126682796814291908e-06 4.206270396410745176e-04
2.480476022050741360e-06 3.091255264900285953e-04
2.893126001294259318e-06 3.372561143765487844e-04
3.374424096405834230e-06 3.245918499791573125e-04
3.935790552264394668e-06 3.454441207801015046e-04
4.590545476424510608e-06 2.867656925248525911e-04
5.354224898730271808e-06 -2.989501038788765046e-04
6.244949410350277350e-06 -1.278357447128224134e-04
7.283854129303163032e-06 1.124561114919846259e-03
8.495590194699514778e-06 1.053274818325210423e-04
9.908909689159230339e-06 -1.237364644753905125e-03
1.155734786844755005e-05 6.979400943020689502e-04
1.348001888627998061e-05 2.538455294311361965e-03
1.572254389526070437e-05 -4.194258888573889135e-05
1.833813354594030043e-05 -2.144604090144783606e-03
2.138885056953848345e-05 -4.130231517347330607e-04
2.494708240290488009e-05 1.600749171891288365e-03
2.909725879817371026e-05 -3.010195210988875908e-04
3.393785517256765814e-05 -1.546230644054067890e-03
3.958372923385048017e-05 3.458924428425842051e-05
4.616884632489395764e-05 1.378908223057875426e-03
5.384945815435811923e-05 4.450000225229532036e-04
6.280781033842798827e-05 -2.342975814474028765e-05
7.325646672618709484e-05 -1.337244619912241785e-03
8.544335311625311780e-05 1.721567537140704547e-04
9.965764004202249933e-05 1.126519627328075208e-03
1.162366042122950951e-04 3.611456303649531602e-05
1.355736314156004939e-04 -3.364011375560664249e-05
1.581275507811926394e-04 5.339548489434638168e-05
1.844335218801361801e-04 3.892181111970864638e-04
2.151157329956977110e-04 -2.731186792797659149e-03
2.509022118677024771e-04 -1.419527839624475964e-02
2.926421003403050424e-04 -9.414422063555459921e-03
3.413258028061615166e-04 9.622629705326813179e-04
3.981084865294238898e-04 -6.665885956816082827e-04
4.643374914634126600e-04 1.242165503601478163e-03
5.415842999433255044e-04 5.701450310379315399e-04
6.316818248310979936e-04 2.146390643312538413e-04
7.367679008857914644e-04 4.124038465578719684e-04
8.593360113231034115e-04 3.772905350311332902e-04
1.002294453204159892e-03 3.955554217518870118e-04
1.169035345530406930e-03 2.781934105081508395e-04
1.363515117469200205e-03 3.091523933351357674e-04
1.590348386535329027e-03 4.813454390747351139e-04
1.854917454270650591e-03 4.310023316767951779e-04
2.163500017536236844e-03 3.398679993521650303e-04
2.523418125751450847e-03 3.327619918106526978e-04
2.943211918538526754e-03 3.226520718861403646e-04
3.432842266220792991e-03 3.413442370233279836e-04
4.003927121429837546e-03 3.146973137338566692e-04
4.670017189974279628e-03 2.721081204064028022e-04
5.446917462090833384e-03 2.521065532001690382e-04
6.353062233373372308e-03 2.518769596238316227e-04
7.409952513879676690e-03 3.139953185821876130e-04
8.642666204262388491e-03 3.945973686360019356e-04
1.008045314438736108e-02 4.269264933133305046e-04
1.175742915375743193e-02 4.806705235130491992e-04
1.371338553193846357e-02 5.936011949604514532e-04
1.599473322681940757e-02 7.283748398149397611e-04
1.865560407393852468e-02 9.023230146520044501e-04
2.175913523709070707e-02 1.059522653223592646e-03
2.537896732743257985e-02 1.232706475646432910e-03
2.960099174846647987e-02 2.475448345251205981e-05
3.452538872791958979e-02 2.665098916800369422e-04
4.026900439495276901e-02 2.832052986999378328e-03
4.696812330600624863e-02 4.449229441259914750e-03
5.478170220579634681e-02 1.000583049528185140e-03
6.389514175416911856e-02 -3.149624503062365376e-04
7.452468571437309564e-02 -3.169876826237040014e-04
8.692255198672743655e-02 1.228380308489881046e-03
1.013829172368874015e-01 2.912217981289031733e-03
1.182488971220153895e-01 2.608350415989939709e-03
1.379206877417158972e-01 1.920981186312922979e-03
1.608650614941461443e-01 1.745150997203852045e-03
1.876264426550443287e-01 1.894057532486532504e-03
2.188398254811078636e-01 1.957401725748872997e-03
2.552458413585672603e-01 1.791161891513739449e-03
2.977083325103786482e-01 1.589098169348387686e-03
3.472348492510916040e-01 1.389934750294154935e-03
4.050005571484144862e-01 1.254163855670873112e-03
4.723761213607791665e-01 1.164894498530959438e-03
5.509602297907040258e-01 1.055199135214177466e-03
6.426175267635561017e-01 8.723036314127255442e-04
7.495228573223552404e-01 6.336115586174381840e-04
8.742128719675733572e-01 4.095951820908677859e-04
1.019646216319598064e+00 2.296629234715410420e-04
1.189273733884622875e+00 1.386055122339310852e-04
