5.906779351829142134e-13 -1.442542931068436176e-06
6.716526606414255247e-13 -8.463772752705794877e-07
7.637280312612481140e-13 5.194086357528798770e-07
8.684258098183538344e-13 2.182033016409797022e-06
9.874763741658284153e-13 4.129846300500450429e-06
1.122847315811182656e-12 6.417824611109311517e-06
1.276775959009072673e-12 9.087972364321510177e-06
1.451806337824174179e-12 1.219245596265072784e-05
1.650831242297430309e-12 1.578739608808742145e-05
1.877140028627789833e-12 1.993493904549597379e-05
2.134472983545511620e-12 2.470283996012113265e-05
2.427083141376591622e-12 3.016457222901943597e-05
2.759806575471165563e-12 3.639903854022342317e-05
3.138142325727635327e-12 4.349006896116596604e-05
3.568343283203460723e-12 5.152556399090537503e-05
4.057519533895208280e-12 6.059622473414752464e-05
4.613755869687865457e-12 7.079378356155026364e-05
5.246245408618884685e-12 8.220865938464438916e-05
5.965441532847469081e-12 9.492697249358084122e-05
6.783230655462209160e-12 1.090268788173096373e-04
7.713128671506650589e-12 1.245742233475484809e-04
8.770504340039129359e-12 1.416175699738122032e-04
9.972833289143071407e-12 1.601827398742391648e-04
1.133998684191932291e-11 1.802670809846074890e-04
1.289456043699225468e-11 2.018337915031895996e-04
1.466224707145285564e-11 2.248067176640602613e-04
1.667226193826532927e-11 2.490661281716296041e-04
1.895782527627181676e-11 2.744460145136487679e-04
2.155671141303123145e-11 3.007334568872698476e-04
2.451187307472088874e-11 3.276705191995786873e-04
2.787215128129508202e-11 3.549589848616282843e-04
3.169308255959328527e-11 3.822680190178396643e-04
3.603781681549928278e-11 4.092445702172315194e-04
4.097816103515513253e-11 4.355260351582186662e-04
4.659576606485511329e-11 4.607544409031237576e-04
5.298347608395765365e-11 4.845911939517083544e-04
6.024686307403971256e-11 5.067313367198081342e-04
6.850597164501786260e-11 5.269162493406706095e-04
7.789730305560466830e-11 5.449438389180565404e-04
8.857607121872022143e-11 5.606754556738997169e-04
1.007187679776713081e-10 5.740390383046252432e-04
1.145260800503422669e-10 5.850282949790442527e-04
1.302262058507822717e-10 5.936980513084394104e-04
1.480786270064927310e-10 6.001562186328524007e-04
1.683783969046371290e-10 6.045531346165434680e-04
1.914610171455218941e-10 6.070692723458221210e-04
2.177079824982482888e-10 6.079024637861605261e-04
2.475530860020098148e-10 6.072558060236299057e-04
2.814895884197147224e-10 6.053272828621487564e-04
3.200783705360766497e-10 6.023018514449214773e-04
3.639572030361263607e-10 5.983463531208628797e-04
4.138512871707768634e-10 5.936071878462770637e-04
4.705852404187987709e-10 5.882103309345727490e-04
5.350967252365620056e-10 5.822630397465311178e-04
6.084519461427925980e-10 5.758565272272241423e-04
6.918632712642437357e-10 5.690689606390820013e-04
7.867092695798933929e-10 5.619682899787254229e-04
8.945574950264250789e-10 5.546146938745226580e-04
1.017190394026091900e-09 5.470622863074882034e-04
1.156634764620011420e-09 5.393610381721671704e-04
1.315195254088563209e-09 5.315554840952165655e-04
1.495492448686124852e-09 5.236934583237001610e-04
1.700506185012902588e-09 5.157957037604460684e-04
1.933624798846477681e-09 5.079711788721591285e-04
2.198701125386216226e-09 4.999844740534100003e-04
2.500116176446720556e-09 4.919264525764040392e-04
2.842851547016239629e-09 4.844430858888916849e-04
3.232571747869279392e-09 4.771336856894659549e-04
3.675717824974057475e-09 4.697603323264637129e-04
4.179613812976493648e-09 4.626175847470296795e-04
4.752587782155767569e-09 4.556588746999620451e-04
5.404109479437999868e-09 4.489154721504799890e-04
6.144946838310603900e-09 4.423940453321391179e-04
6.987343944332962053e-09 4.361043463765122002e-04
7.945223397543532735e-09 4.300519374488697040e-04
9.034416416279531949e-09 4.242403064645258390e-04
1.027292448541804276e-08 4.186707168105305299e-04
1.168121687339279608e-08 4.133417929328246643e-04
1.328256893515791610e-08 4.082525959830853729e-04
1.510344679235279114e-08 4.033918262670811369e-04
1.717394474841625375e-08 3.987799548850028131e-04
1.952828266796627969e-08 3.943099815824297263e-04
2.220537154081390565e-08 3.903544841980140234e-04
2.524945657789055405e-08 3.854551734746827947e-04
2.871084846776735347e-08 3.851249950306803900e-04
3.264675487950498970e-08 3.683046721978272021e-04
3.712222595438209340e-08 4.152475784502079707e-04
4.221122941298268269e-08 2.197716902418763579e-04
4.799787304632591928e-08 9.502018234725313935e-04
5.457779479558703926e-08 1.423245583494361834e-03
6.205974339475918426e-08 -3.620254501781597009e-04
7.056737570010352481e-08 -2.409814063036872303e-04
8.024130041150141715e-08 5.220748815832200289e-04
9.124140196302319225e-08 3.108435052454412879e-04
1.037494829904916746e-07 3.653411799450605180e-04
1.179722690490498670e-07 3.463412517176922729e-04
1.341448252407861237e-07 3.476199332565856927e-04
1.525344412202441234e-07 3.452721250732900329e-04
1.734450487867037844e-07 3.440500094490069397e-04
1.972222450743765663e-07 3.417637676739674994e-04
2.242590043605743399e-07 3.398197754143879659e-04
2.550021728929711815e-07 3.378237976608636922e-04
2.899598540782990740e-07 3.358775294542721418e-04
3.297098060901515596e-07 3.339344912033077699e-04
3.749089906861723932e-07 3.320387403001217631e-04
4.263044310513864502e-07 3.300195613346115775e-04
4.847455581191226669e-07 3.284951207115078924e-04
5.511982494216570379e-07 3.250693446095794664e-04
6.267607924956740951e-07 3.200530253289505730e-04
7.126820366755161079e-07 3.191828160843557943e-04
8.103820332754258363e-07 3.191015001660357786e-04
9.214755052885102909e-07 3.168729004819166237e-04
1.047798534494558743e-06 3.148749640117286600e-04
1.191438907044206582e-06 3.126030397348580382e-04
1.354770619051727637e-06 3.109949227320975285e-04
1.540493112482938705e-06 3.066951088005185656e-04
1.751675889803721601e-06 2.997323069434958305e-04
1.991809244751583561e-06 2.984963542914391595e-04
2.264861947675958803e-06 2.992002241788364186e-04
2.575346838833613835e-06 2.965471667884817669e-04
2.928395413723106496e-06 2.947537057580431816e-04
3.329842633157109193e-06 2.891092102175430931e-04
3.786323359758900223e-06 2.796132614185978769e-04
4.305382014724031564e-06 2.785424678896017414e-04
4.895597267183613571e-06 2.796559221413326586e-04
5.566723816955397677e-06 2.780965645960125493e-04
6.329853613977068098e-06 2.692184999724543844e-04
7.197599178953440303e-06 2.561321003202972693e-04
8.184302055023584866e-06 2.582369554870599278e-04
9.306269835604115865e-06 2.621146345555863851e-04
1.058204568585241255e-05 2.493645204573410358e-04
1.203271481222831175e-05 2.337840928462366769e-04
1.368225294528727646e-05 2.386545279113119235e-04
1.555792259520479272e-05 2.368222363905623205e-04
1.769072362909029534e-05 2.165083730778327546e-04
2.011590561694359471e-05 2.153449150266353168e-04
2.287355041398000130e-05 2.134338421180305423e-04
2.600923460787136631e-05 1.929725871580630775e-04
2.957478277940796542e-05 1.923133028767752550e-04
3.362912402598941563e-05 1.846085135299817270e-04
3.823926590401884642e-05 1.639708642490736099e-04
4.348140188689428678e-05 1.616222959658977776e-04
4.944217064195562892e-05 1.475831717133255921e-04
5.622008793890936938e-05 1.346457773176530301e-04
6.392717485539787430e-05 1.243187280911741549e-04
7.269080918964992131e-05 1.072798617888877024e-04
8.265583067917980714e-05 9.606585103505860951e-05
9.398693481923770269e-05 7.896969270453687434e-05
1.068713948445101968e-04 6.345956221276861237e-05
1.215221568612469120e-04 5.055453544464301452e-05
1.381813592841686026e-04 2.328630623477708633e-05
1.571243347451613812e-04 1.597072143468165895e-05
1.786641606147372854e-04 3.006785755732890864e-07
2.031568333443756473e-04 -3.291049449767255441e-05
2.310071521479501149e-04 -3.521294043609419361e-05
2.626754092639718621e-04 -5.932034070362662836e-05
2.986849973710093645e-04 -9.116350703859688043e-05
3.396310598867929680e-04 -1.050669552660832631e-04
3.861903271175891068e-04 -4.814370749076871819e-05
4.391323008234403321e-04 -2.812933512046141699e-04
4.993319720505888862e-04 -1.721475070857132316e-03
5.677842824233003466e-04 -3.042678876099981673e-03
6.456205679020312433e-04 -2.081866607715416109e-03
7.341272567798634314e-04 -1.087692262908598884e-03
8.347671309457286920e-04 -1.070634271543261830e-03
9.492035018069269834e-04 -2.003533267346492217e-04
1.079327700435189167e-03 7.897223226552689025e-04
1.227290336275719098e-03 2.793020217857810142e-04
1.395536841043225253e-03 -3.069822058256775968e-04
1.586847885251639525e-03 -2.365239950259268725e-04
1.804385335356118673e-03 -3.049072808132139226e-04
2.051744511057475729e-03 -3.455120684149786195e-04
2.333013606444360542e-03 -4.405251279385284657e-04
2.652841257047732892e-03 -5.427974346245145743e-04
3.016513369512761715e-03 -6.873139540811553858e-04
3.430040483679611205e-03 -8.055149553813749363e-04
3.900257110937804372e-03 -1.501774167426962476e-03
4.434934690654734543e-03 -1.074337947533643856e-03
6.520324394766319545e-03 1.701437472075489031e-03
7.414181175793929483e-03 5.610586298098667150e-04
8.430574796496309586e-03 -4.107434536380627499e-04
9.586303559908361874e-03 -1.613442859605806329e-05
1.090046861109683109e-02 7.413639420965258825e-05
1.239478962865667513e-02 3.741503670654142653e-04
1.409396379365349290e-02 7.268998881234272659e-04
1.602607396882005722e-02 1.136895486000650494e-03
1.822305283413213142e-02 1.532958215453314108e-03
2.072121064969848978e-02 1.862864135078801109e-03
2.356183536849336749e-02 2.099395786408908907e-03
2.679187501720915396e-02 2.235308949159252150e-03
3.046471362318387346e-02 2.317576518356543464e-03
3.464105351142711398e-02 2.306792147911593781e-03
3.938991855378351503e-02 2.466963147610715286e-03
4.478979495129616073e-02 2.221477398365888801e-03
5.092992840388753384e-02 2.395140389280032284e-03
5.791179910615012333e-02 3.496972816489606062e-03
6.585079894703090020e-02 2.804758665094149537e-03
7.487813863309554507e-02 2.111267322318373385e-03
8.514301625508025051e-02 2.137051086278611046e-03
9.681508313841472035e-02 2.030457964766907257e-03
1.100872477317110659e-01 1.936609399207011792e-03
1.251788638740982396e-01 1.925254549628998505e-03
1.423393561350365377e-01 1.645384708717431699e-03
1.618523421439128918e-01 1.275884679356319162e-03
1.840403200406355855e-01 1.601097945376366277e-03
2.092699985184208744e-01 1.664922782054944345e-03
2.379583575502925985e-01 1.428983576109946196e-03
2.705795399671149237e-01 1.398426168643775516e-03
3.076726877867342336e-01 1.313756248230550823e-03
3.498508528080804258e-01 1.235357751766576802e-03
3.978111287387999795e-01 1.148976993249233199e-03
4.523461723137568447e-01 1.058208375815114424e-03
5.143573038180544454e-01 9.621723911347841371e-04
5.848694035316645001e-01 8.625094363294430813e-04
6.650478502945246229e-01 7.619527261864399593e-04
7.562177821418991641e-01 6.620259695416695015e-04
8.598859973374128884e-01 5.645599683199605239e-04
9.777658577700754083e-01 4.725961887311160622e-04
1.111805606302614269e+00 3.892358054651302857e-04
1.264220566082196129e+00 3.104832323080430976e-04
1.437529753983058489e+00 2.663876539248500154e-04
