5.965558346460036377e-14 3.540826052291173409e-04
6.419688915665610572e-14 3.543804480732109727e-04
6.908390360204199961e-14 3.546048327724773963e-04
7.434294402100885716e-14 3.545437992490910878e-04
8.000233104296515449e-14 3.545601185251188309e-04
8.609254121681706209e-14 3.545554671513899414e-04
9.264637113122030169e-14 3.545564938973629066e-04
9.969911402855839525e-14 3.545559757102707127e-04
1.072887498637275231e-13 3.545558703146808877e-04
1.154561498312228622e-13 3.545556471354306335e-04
1.242452964619402494e-13 3.545554497292177296e-04
1.337035204749294778e-13 3.545552385590304903e-04
1.438817556595883195e-13 3.545550247717240561e-04
1.548348131608631205e-13 3.545548051637169296e-04
1.666216766445312695e-13 3.545545802480110781e-04
1.793058199320539240e-13 3.545543487812876857e-04
1.929555488155097237e-13 3.545541153874235546e-04
2.076443688933418672e-13 3.545538621772511070e-04
2.234513814077415220e-13 3.545536554234261090e-04
2.404617092153114242e-13 3.545532442433031728e-04
2.587669551849355183e-13 3.545535766415570597e-04
2.784656954913602005e-13 3.545510677390754581e-04
2.996640104609487490e-13 3.545592702350356881e-04
3.224760558283047985e-13 3.545269421556442729e-04
3.470246774800220672e-13 3.546478238993840820e-04
3.734420729960512741e-13 3.541893999408230603e-04
4.018705035511965517e-13 3.559212404043061995e-04
4.324630600103838192e-13 3.493718713423778210e-04
4.653844873432404363e-13 3.741329085683248526e-04
5.008120717976013080e-13 2.805123263405042214e-04
5.389365956094298976e-13 6.344810259882906200e-04
5.799633643904415274e-13 -7.038415979449003795e-04
6.241133127260066521e-13 -3.761411297897664097e-03
6.716241939371892130e-13 -1.653223321617566452e-03
7.227518604138657320e-13 4.520798172525236636e-04
7.777716414137287954e-13 -1.275168238134187851e-04
8.369798257468455766e-13 3.474787536448566139e-05
9.006952573301417508e-13 -8.981367158792004368e-06
9.692610522041154890e-13 4.622841555398417290e-06
1.043046446258210991e-12 2.529200749271619253e-06
1.122448783614984932e-12 4.892610418311647835e-06
1.207895656380827469e-12 6.193439931203269244e-06
1.299847207286145663e-12 8.022983202334542374e-06
1.398798607614904415e-12 9.832409163589711509e-06
1.505282723767609315e-12 1.188266167252271382e-05
1.619872986817428725e-12 1.411202749459269240e-05
1.743186480512559351e-12 1.651700013811929768e-05
1.875887264353935948e-12 1.913570956926704397e-05
2.018689949643579795e-12 2.198482759918716362e-05
2.172363547761216966e-12 2.505351601748972978e-05
2.337735611392403125e-12 2.835094649787390370e-05
2.515696691009326250e-12 3.194230975742985701e-05
2.707205130603179041e-12 3.581699820456082234e-05
2.913292228493478239e-12 3.997777269766199931e-05
3.135067791006079974e-12 4.445833453656667517e-05
3.373726108927402271e-12 4.927016601474591695e-05
3.630552388918481747e-12 5.443316157710629405e-05
3.906929674523035066e-12 5.996458346660838573e-05
4.204346294040324274e-12 6.588254240636175901e-05
4.524403875370171607e-12 7.220471357625903724e-05
4.868825970991280868e-12 7.894846337818100385e-05
5.239467339519879905e-12 8.613055662651161043e-05
5.638323933830473324e-12 9.376691907125780240e-05
6.067543649526581574e-12 1.018723916644580577e-04
6.529437891642953976e-12 1.104604336633827066e-04
7.026494021868237032e-12 1.195427328785992130e-04
7.561388753316821025e-12 1.291291000192242022e-04
8.137002564983934550e-12 1.392266492339462244e-04
8.756435213506453289e-12 1.498403181083496002e-04
9.423022425763208770e-12 1.609710041923740828e-04
1.014035386220588268e-11 1.726150716527046977e-04
1.091229244765650801e-11 1.847583477789837073e-04
1.174299517366925298e-11 1.974010676411641976e-04
1.263693548448043846e-11 2.106132961443999210e-04
1.359892736709887479e-11 2.242208608564640396e-04
1.463415127526350724e-11 2.381504477945760659e-04
1.574818202687279225e-11 2.526150906915630712e-04
1.694701882511827789e-11 2.675477605169106557e-04
1.823711756498832039e-11 2.827247397441138774e-04
1.962542559911754712e-11 2.980796038397123121e-04
2.111941915020193507e-11 3.137893189642084260e-04
2.272714357144803644e-11 3.297211911898493761e-04
2.445725667186622871e-11 3.457031179920407732e-04
2.631907533971853951e-11 3.617773563207799317e-04
2.832262571519735237e-11 3.778454573791232077e-04
3.047869718251822778e-11 3.938408194763742473e-04
3.279890047218259556e-11 4.096997114842581417e-04
3.529573018630114670e-11 4.253395377228109953e-04
3.798263208368087529e-11 4.407091328592410359e-04
4.087407548701687732e-11 4.557661071804336092e-04
4.398563120211359484e-11 4.703413523223639800e-04
4.733405536873626419e-11 4.843980095915623868e-04
5.093737969464250326e-11 4.980046304496714427e-04
5.481500855871942743e-11 5.110198593337410278e-04
5.898782350613360419e-11 5.233489012395351261e-04
6.347829569821891715e-11 5.350022240613525049e-04
6.831060692265579772e-11 5.459363998950609795e-04
7.351077981560475357e-11 5.561164644943801874e-04
7.910681799704609646e-11 5.655232683316685841e-04
8.512885687398680173e-11 5.741411587755285498e-04
9.160932592361804479e-11 5.819632477889920275e-04
9.858312333034746052e-11 5.889893482793522386e-04
1.060878039171428345e-10 5.952263601459372930e-04
1.141637813832337098e-10 6.006875416316500432e-04
1.228545459372337628e-10 6.053919821933304024e-04
1.322068984976735331e-10 6.093641176175721916e-04
1.422712027221523264e-10 6.126323419111271221e-04
1.531016562223043432e-10 6.152303927137317899e-04
1.647565824251147282e-10 6.171906218078899997e-04
1.772987446523069762e-10 6.185566506874519768e-04
1.907956841091430885e-10 6.193656339327710536e-04
2.053200836027576697e-10 6.196367790753803950e-04
2.209501589487118987e-10 6.194367195512390234e-04
2.377700801735177201e-10 6.188111719365868568e-04
2.558704247813850537e-10 6.177640257605532259e-04
2.753486655260750138e-10 6.163437808420560438e-04
2.963096953146052930e-10 6.145921457986203151e-04
3.188663920694366857e-10 6.125326170135329817e-04
3.431402265910535105e-10 6.101956838627069224e-04
3.692619166943101973e-10 6.076072611262573614e-04
3.973721311411866661e-10 6.047931895220978391e-04
4.276222471606978547e-10 6.017679761024683979e-04
4.601751656353434972e-10 5.985774834482218698e-04
4.952061883439350667e-10 5.952385896286598033e-04
5.329039619848891056e-10 5.916241320098811207e-04
5.734714940637115005e-10 5.879262617966632409e-04
6.171272461152968725e-10 5.842641909724740831e-04
6.641063101482455489e-10 5.803833168365590128e-04
7.146616746464574306e-10 5.761984325482255240e-04
7.690655869456681717e-10 5.725564262679854258e-04
8.276110193213829832e-10 5.672142585964540587e-04
8.906132466834285266e-10 5.666171024565425443e-04
9.584115443730948668e-10 5.512886284746859600e-04
1.031371015205807292e-09 5.785446831942904836e-04
1.109884555598129153e-09 4.912283271747809946e-04
1.194374971367073431e-09 6.814905614945928822e-04
1.285297254595379817e-09 3.778479586270021631e-04
1.383141033824213012e-09 2.591660778478782276e-04
1.488433210767702426e-09 3.899606008967443013e-03
1.601740797748489997e-09 4.310764826362506984e-03
1.723673971134172782e-09 -4.605997213686152669e-03
1.854889357217940173e-09 -2.001460768398940875e-03
1.996093568238134930e-09 1.378849388081139840e-03
2.148047007578726500e-09 1.554243125823796118e-04
2.311567964642354445e-09 6.166097163624499958e-04
2.487537021447126255e-09 4.612175535204801960e-04
2.676901794677477692e-09 5.031731653191125544e-04
2.880682038725495014e-09 4.855287721584732735e-04
3.099975137203545687e-09 4.849059368317726326e-04
3.335962012500266504e-09 4.799352687179427729e-04
3.589913485204225701e-09 4.760897623974792020e-04
3.863197117641075332e-09 4.718903769692257832e-04
4.157284578377909233e-09 4.679312003510556137e-04
4.473759567353354581e-09 4.640637801571955920e-04
4.814326344311770855e-09 4.602544663305230266e-04
5.180818906467511346e-09 4.565233714963609288e-04
5.575210864823132500e-09 4.528336880844346241e-04
5.999626072325987587e-09 4.492033082795299573e-04
6.456350061097815705e-09 4.456515058070984955e-04
6.947842350327818907e-09 4.422699464622179694e-04
7.476749691109640788e-09 4.389709162673409784e-04
8.045920319546530120e-09 4.356681900125865606e-04
8.658419294879927529e-09 4.324736222347490278e-04
9.317545005239898018e-09 4.293658983242614607e-04
1.002684692990200034e-08 4.263911603240057302e-04
1.079014475370353740e-08 4.234412292701012631e-04
1.161154893655218332e-08 4.205206572904119505e-04
1.249548284879770749e-08 4.178343402300313883e-04
1.344670659166668838e-08 4.151811649199333223e-04
1.447034263103886546e-08 4.125309540632410982e-04
1.557190338260420417e-08 4.100015560022972697e-04
1.675732089695192264e-08 4.075803712399687223e-04
1.803297880444838536e-08 4.052193032686368310e-04
1.940574669193314493e-08 4.029102574851671156e-04
2.088301709635326470e-08 4.006924418945975383e-04
2.247274531455504227e-08 3.985622998339309955e-04
2.418349224361102682e-08 3.964503463625484656e-04
2.602447048238524318e-08 3.946045165462855678e-04
2.800559394259788318e-08 3.922036749118753413e-04
3.013753123655447882e-08 3.916448113057101332e-04
3.243176312903611515e-08 3.859430693427031572e-04
3.490064436273812244e-08 3.950045744152402144e-04
3.755747019019762956e-08 3.657542027971950882e-04
4.041654797048903335e-08 4.259328949746165119e-04
4.349327421624874798e-08 3.275722241901229959e-04
4.680421750593424825e-08 2.990421839274802485e-04
5.036720770781644518e-08 1.439185783838669262e-03
5.420143199617984384e-08 -9.172572456852212675e-03
5.832753817680058775e-08 5.502520894535676763e-03
6.754596620686172187e-08 1.248034176417623167e-02
7.268793051256081847e-08 -1.498355198236803534e-03
7.822132895423994344e-08 9.328948406468594995e-04
8.417595961560702461e-08 2.300841794414072369e-04
9.058388897168230558e-08 4.085322869227924619e-04
9.747962457101235489e-08 3.632450960272225193e-04
1.049003008633920612e-07 3.629474320972596313e-04
1.128858791737939491e-07 3.521460047213693587e-04
1.214793628994015417e-07 3.471054018168153940e-04
1.307270290885987488e-07 3.592759246554026384e-04
1.406786776490033988e-07 3.794991638545238549e-04
1.513878995265732878e-07 3.887156357039308827e-04
1.629123652999464605e-07 3.833304489349311991e-04
1.753141357441498281e-07 3.751134131635917163e-04
1.886599960360901502e-07 3.704788665855546573e-04
2.030218154015884784e-07 3.683609504906548010e-04
2.184769341406722709e-07 3.671973968773457539e-04
2.351085801153475732e-07 3.664448860852169768e-04
2.530063169426563932e-07 3.658508673533879263e-04
2.722665263066242195e-07 3.653248578658584156e-04
2.929929269863901476e-07 3.648718284431995765e-04
3.152971333955844508e-07 3.644425709178195083e-04
3.392992566407295251e-07 3.640180841070284404e-04
3.651285513354528661e-07 3.635319841991087667e-04
3.929241116537207959e-07 3.631701708040847507e-04
4.228356203703834599e-07 3.629911954014112055e-04
4.550241549227545046e-07 3.626301648807436773e-04
4.896630548339383136e-07 3.623114752281343318e-04
5.269388551691499463e-07 3.621213777994817737e-04
5.670522910517275455e-07 3.618948361918828543e-04
6.102193786483907917e-07 3.617203113392385150e-04
6.566725784449043180e-07 3.615904294485498133e-04
7.066620470765984767e-07 3.614818872448256545e-04
7.604569844549762166e-07 3.615053164820946838e-04
8.183470834449313449e-07 3.615649007013390162e-04
8.806440898991722054e-07 3.637821356833118025e-04
9.476834814509714065e-07 3.722679755565477810e-04
1.019826274105648915e-06 3.781311873923701508e-04
1.097460966359597824e-06 3.673664913966092141e-04
1.181005631316161181e-06 3.542385699836832907e-04
1.270910168064663783e-06 3.564880009836813093e-04
1.367658724446623568e-06 3.635252741884522840e-04
1.471772304256042757e-06 3.666679253673289784e-04
1.583811572913840160e-06 3.684044271310103758e-04
1.704379876725426538e-06 3.692083815593485627e-04
1.834126491980513696e-06 3.692325520613000400e-04
1.973750121391899133e-06 3.685459957565870651e-04
2.124002656702237549e-06 3.663745780330433452e-04
2.285693227720576945e-06 3.643878029316168984e-04
2.459692559593681730e-06 3.589787019535831819e-04
2.646937661776252064e-06 3.611794891441883620e-04
2.848436873951009571e-06 3.674728879352580704e-04
3.065275296071400502e-06 3.527886703833128107e-04
3.298620631768748514e-06 3.469655494275237367e-04
3.549729476590844724e-06 3.522583274245590784e-04
3.819954084935610301e-06 3.602805508710919466e-04
4.110749652120092750e-06 3.368607093859350005e-04
4.423682150800067870e-06 3.988449284945587772e-04
4.760436763940291103e-06 2.586487469272841233e-04
5.122826959747933865e-06 5.032898580055429963e-04
5.512804257439188762e-06 6.320367913969279078e-04
5.932468736428883742e-06 -4.861000025038605607e-03
6.384080345536256304e-06 8.585552415879531968e-04
6.870071073108787065e-06 7.354954365189387763e-03
7.393058043601721985e-06 3.001680656553871659e-03
7.955857611139770602e-06 -1.225013983508474805e-02
8.561500525957581122e-06 -7.947880316373103979e-03
9.213248255390838333e-06 2.960260874177483154e-03
9.914610547310373357e-06 -8.093917514768785709e-04
1.066936433057924249e-05 6.988940552956667343e-04
1.148157405431499928e-05 2.348227259237681275e-04
1.235561357548674550e-05 3.661930062604217689e-04
1.329618971271450259e-05 3.271952893675825896e-04
1.430836759311080266e-05 3.349776893744908432e-04
1.539759792866156478e-05 3.335347352694736922e-04
1.656974636903200843e-05 3.244555996172382092e-04
1.783112508886730647e-05 3.284790415693404284e-04
1.918852677968953735e-05 2.386890688764594856e-04
2.064926122944112257e-05 2.643663591053368664e-04
2.222119468666148567e-05 -7.176764665591667258e-05
2.391279222127787131e-05 -5.597370890139535815e-04
2.573316331012785079e-05 -1.983240028755398066e-04
2.769211089269966411e-05 2.054785345794263828e-03
2.980018416125947009e-05 1.742184939236974140e-03
3.206873536964959887e-05 -1.944334925570688488e-02
3.450998096667985969e-05 3.364991506195008641e-02
3.713706738332222965e-05 6.167505857888364029e-02
3.996414182798366883e-05 -2.840369212357712891e-02
4.300642847109814154e-05 -2.132169781193756289e-02
4.628031042930045376e-05 4.208637716105859822e-03
4.980341799068097145e-05 -3.441657434931044181e-03
5.359472355622175559e-05 -2.870733040957878027e-03
5.767464380868986230e-05 9.181303265891659418e-04
6.206514965917957650e-05 3.359990805314539645e-03
6.678988456337828813e-05 -3.791347387271694347e-04
7.187429184470853910e-05 3.271220816079296184e-04
7.734575170999596580e-05 6.441924300061487724e-05
8.323372869550932287e-05 4.470287563640689549e-05
8.956993033739346340e-05 -5.192160613844230138e-05
9.638847792095096899e-05 -1.473272008785152590e-04
1.037260902282843329e-04 -5.808384247047975596e-04
1.116222812738038457e-04 -1.144716120734440290e-03
1.201195730924280392e-04 -4.114903426779628615e-04
1.292637247263760645e-04 7.674629675295460696e-04
1.391039786436743854e-04 7.465651220251194251e-04
1.496933259153679406e-04 2.288176918642196439e-04
1.610887915794597357e-04 -2.507474119844456395e-05
1.733517417282974353e-04 -4.759626810310847375e-04
1.865482139731065977e-04 -9.890461674524359675e-04
2.007492730652812548e-04 -1.231576291760502762e-04
2.160313935894806879e-04 1.803424120030441835e-03
2.324768717894015887e-04 -2.394645318973028479e-03
2.501742687439558344e-04 -1.273779316359986875e-02
2.692188872804092436e-04 -7.505409690295018407e-03
2.897132851927342653e-04 -2.804094101356046850e-03
3.117678275289219184e-04 -2.939262815647322030e-03
3.355012809213793511e-04 9.191776891879143915e-04
3.610414531609895152e-04 -8.482252070050530501e-05
3.885258814589894285e-04 1.739739669573050346e-04
4.181025731030783431e-04 2.200760040486941446e-04
4.499308024962744260e-04 2.724601892977462914e-04
4.841819688706696517e-04 3.111084460818607303e-04
5.210405192950052838e-04 3.407963979942451802e-04
5.607049419465802821e-04 3.645855802910449861e-04
6.033888349963695231e-04 3.832682232982904252e-04
6.493220568634903989e-04 4.012746898164071957e-04
6.987519640332274379e-04 4.191133510201968879e-04
7.519447431044813191e-04 4.271910109680003217e-04
8.091868442398809534e-04 4.319825359835188783e-04
8.707865237378445639e-04 4.467733993560006611e-04
9.370755040335903598e-04 4.518604564026987291e-04
1.008410760068412671e-03 4.544485040932008668e-04
1.085176441647014078e-03 4.601766626670684285e-04
1.167785942135106869e-03 4.623339408973371409e-04
1.256684124637472101e-03 4.662307242138622604e-04
1.352349717644684432e-03 4.634928334357329982e-04
1.455297893049496910e-03 4.690548015447689248e-04
1.566083040415703351e-03 4.639229798234500990e-04
1.685301752439400443e-03 4.599825035616813412e-04
1.813596037679717421e-03 4.730734772590387827e-04
1.951656777859927909e-03 4.619129515332724006e-04
2.100227448357079845e-03 4.500260889844639664e-04
2.260108121915422891e-03 4.561922782058943152e-04
2.432159777144081870e-03 4.517864150661620240e-04
2.617308935001002885e-03 4.362645900461044335e-04
2.816552648231000506e-03 4.361623871156758078e-04
3.030963870626909341e-03 4.505441864121597847e-04
3.261697235027944623e-03 4.457316981421443475e-04
3.509995271170451674e-03 4.268992291858965046e-04
3.777195096875181173e-03 4.169420601159851136e-04
4.064735618603948324e-03 4.085562013205288473e-04
4.374165280161470583e-03 4.010434747849052003e-04
4.707150401270520507e-03 3.950781824357063945e-04
5.065484150924286395e-03 3.870587049846982430e-04
5.451096203839016739e-03 3.789836630785055685e-04
5.866063132008089709e-03 3.713753940593669117e-04
6.312619587317189022e-03 3.640826302663000349e-04
6.793170335440834248e-03 3.562652995716779347e-04
7.310303205824198597e-03 3.514659938676821874e-04
7.866803027487377295e-03 3.533435228663152350e-04
8.465666625698782879e-03 3.520196752103913612e-04
9.110118960276110747e-03 3.423515107848279157e-04
9.803630492422251222e-03 3.323402993423638097e-04
1.054993587361879523e-02 3.248046539567131519e-04
1.135305405721884035e-02 3.186227263785954694e-04
1.221730994104334306e-02 3.139367418015957464e-04
1.314735765752902096e-02 3.107249472592901740e-04
1.414820563684786661e-02 3.092594018804456849e-04
1.522524357796731578e-02 3.096934931556272197e-04
1.638427147289337610e-02 3.123233019651722522e-04
1.763153084039566915e-02 3.176341388900598417e-04
1.897373833741332685e-02 3.259067223770643548e-04
2.041812192914211135e-02 3.377345359974427350e-04
2.197245981258472494e-02 3.531730941371460236e-04
2.364512230317245695e-02 3.739621681443060230e-04
2.544511691002222797e-02 3.976206509623200769e-04
2.738213684256681629e-02 4.297928756535106601e-04
2.946661320977213977e-02 4.696310018209104778e-04
3.170977119304038694e-02 4.773100366062214134e-04
3.412369049529980630e-02 7.136828430723005448e-04
3.672137039180469603e-02 7.040806763532886370e-05
3.951679973295509768e-02 -2.397158454984837060e-03
4.252503227611001413e-02 -2.882578904771352681e-03
4.576226775206440611e-02 8.348293063953427309e-04
4.924593910274611269e-02 4.569662055282365000e-03
5.299480635991830890e-02 3.675364068337997562e-03
5.702905767043478513e-02 1.373276993424221888e-03
6.137041801208694553e-02 1.767921712608058055e-03
6.604226618548589278e-02 2.056077851276958551e-03
7.106976071200213352e-02 1.763288368268034999e-03
7.647997531573644259e-02 1.959560192829654969e-03
8.230204471911006792e-02 2.035251632654003044e-03
8.856732153720563161e-02 2.044236699790947902e-03
9.530954511575355503e-02 2.085191234732258064e-03
1.025650232219778024e-01 2.106879173325599403e-03
1.103728275667326814e-01 2.120046751869338920e-03
1.187750042108443316e-01 2.126798839083371417e-03
1.278167999887153128e-01 2.130314621799236571e-03
1.375469061685262173e-01 2.126008731955273713e-03
1.480177206611626162e-01 2.110552957999042856e-03
1.592856301899083227e-01 2.089305078828129422e-03
1.714113139404226105e-01 2.064630790356749256e-03
1.844600703261909669e-01 2.036086468522458996e-03
1.985021686291338350e-01 2.004224268350154360e-03
2.136132274090025984e-01 1.969112938183728047e-03
2.298746217193365360e-01 1.930850925867455201e-03
2.473739213229135814e-01 1.889430352988956743e-03
2.662053622665191410e-01 1.844795700724702857e-03
2.864703543545453202e-01 1.796838246526741983e-03
3.082780272542256506e-01 1.745432699068799262e-03
3.317458181733465850e-01 1.690450412047054922e-03
3.570001042751714260e-01 1.631764581713569633e-03
3.841768832362130182e-01 1.569275425173858110e-03
4.134225056117303287e-01 1.502934164716306607e-03
4.448944629528682748e-01 1.432763782724460859e-03
4.787622359195170541e-01 1.358880107210876272e-03
5.152082069561226829e-01 1.281509816758357248e-03
5.544286424453203077e-01 1.201004712273769787e-03
5.966347496283952445e-01 1.117851894132138556e-03
6.420538139842656422e-01 1.032666417562392441e-03
6.909304231919053407e-01 9.461824817237332250e-04
7.435277842673831961e-01 8.591933063116677198e-04
8.001291409685361566e-01 7.725793368655938138e-04
8.610392991001128982e-01 6.875308135701253300e-04
9.265862679334221363e-01 6.049428274440622928e-04
9.971230265797259573e-01 5.255177259987737701e-04
1.073029424829499812e+00 4.501991990533966807e-04
1.154714228693887845e+00 2.940173761090858658e-04
1.242617321663842089e+00 8.540768115586220080e-05
1.337212073540973156e+00 0.000000000000000000e+00
1.439007889596662704e+00 4.336808689942017736e-19
1.548552953786951791e+00 2.168404344971008868e-19
1.666437180795735884e+00 2.168404344971008868e-19
1.793295392803538002e+00 -2.168404344971008868e-19
1.929810738089014377e+00 0.000000000000000000e+00
2.076718369872959880e+00 2.168404344971008868e-19
2.234809405215823830e+00 0.000000000000000000e+00
2.404935185287847332e+00 0.000000000000000000e+00
2.588011859954079341e+00 1.084202172485504434e-19
2.785025321362801343e+00 0.000000000000000000e+00
2.997036513105304056e+00 -1.084202172485504434e-19
3.225187143537762591e+00 -1.084202172485504434e-19
3.470705834031924564e+00 -1.084202172485504434e-19
3.734914735263997088e+00 0.000000000000000000e+00
4.019236647171254617e+00 0.000000000000000000e+00
4.325202680918119214e+00 -1.084202172485504434e-19
4.654460504132670984e+00 1.084202172485504434e-19
5.008783213815147128e+00 0.000000000000000000e+00
5.390078884700204576e+00 -5.421010862427522170e-20
5.800400844492012098e+00 0.000000000000000000e+00
6.241958731306224806e+00 0.000000000000000000e+00
