5.965558346460036377e-14 -1.162660513472751607e-04
6.964413040503835505e-14 3.533236889725318089e-04
8.130512884434688478e-14 -1.414787104575959686e-04
9.491860890429845472e-14 -2.839534705113465340e-03
1.108114880867526812e-13 -1.846037211833695141e-03
1.293654219519895586e-13 -9.934475485760731889e-05
1.510259692904257951e-13 2.025275376179615228e-05
1.763132918824142070e-13 -1.424317157730937283e-05
2.058346457928269525e-13 -4.106972012299023311e-06
2.402989641694982697e-13 -6.746599370210763780e-06
2.805338817404592212e-13 -5.545593046445747992e-06
3.275056098404891495e-13 -5.276454227846113371e-06
3.823421392508477102e-13 -4.524850405296203248e-06
4.463603280509083319e-13 -3.658178742237724185e-06
5.210975249761795370e-13 -2.521631351721023706e-06
6.083484876938527483e-13 -1.103254603014146989e-06
7.102084825605576103e-13 6.583212514769780366e-07
8.291236008707030792e-13 2.819988445407380084e-06
9.679494999022061323e-13 5.451588968173777527e-06
1.130019979381865956e-12 8.631846376150852096e-06
1.319227040182585632e-12 1.245059932600527802e-05
1.540114347801966315e-12 1.700911156961868245e-05
1.797986345077649930e-12 2.242095398749706370e-05
2.099035634399103262e-12 2.881216350406881274e-05
2.450491688404323037e-12 3.632015449027718376e-05
2.860794460336902626e-12 4.509271199187349366e-05
3.339797063185915175e-12 5.528640121237396454e-05
3.899002384796200640e-12 6.706288360460105694e-05
4.551839321082753866e-12 8.058369083940300145e-05
5.313985260883110047e-12 9.600326541496419924e-05
6.203742566678738986e-12 1.134600175380301793e-04
7.242478092087429940e-12 1.330654136182402719e-04
8.455136290809773930e-12 1.548904038214558507e-04
9.870838238954650589e-12 1.789506939397478812e-04
1.152358095581660502e-11 2.051928408345598392e-04
1.345305381676715588e-11 2.334811116833776165e-04
1.570559166380298160e-11 2.635862822356169373e-04
1.833528750198626592e-11 2.951811211508400569e-04
2.140529150234429733e-11 3.278387389424415252e-04
2.498932750581072598e-11 3.610535588668686499e-04
2.917346344590923194e-11 3.942315425872690467e-04
3.405817820555169211e-11 4.267308265037397449e-04
3.976077454196711641e-11 4.579586835499831719e-04
4.641819602433850228e-11 4.872556075696428401e-04
5.419031563079053527e-11 5.141899580309874061e-04
6.326377497791982032e-11 5.378166801068514670e-04
7.385646637907313807e-11 5.574977350707994821e-04
8.622276536464944205e-11 5.768043513208640991e-04
1.006596393194616080e-10 5.925889104937847630e-04
1.175137789315003014e-10 5.997518460235788142e-04
1.371899237084945484e-10 6.063975263734780637e-04
1.601605814932871536e-10 6.132521515215963795e-04
1.869773753848908099e-10 6.147553938307087455e-04
2.182842905530278605e-10 6.136563635182898727e-04
2.548331390584311303e-10 6.117531207041814953e-04
2.975016140549877308e-10 6.079861455421963802e-04
3.473143669318045496e-10 6.028170467588926142e-04
4.054676135469421431e-10 5.970216395108905207e-04
4.733578604530760699e-10 5.902383075928373593e-04
5.526154409537600856e-10 5.828485348903541911e-04
6.451436663335847167e-10 5.747657685561996695e-04
7.531645324495526222e-10 5.659069494848424468e-04
8.792720792931695816e-10 5.570986991309365317e-04
1.026494684913118039e-09 5.479763361915597659e-04
1.198367789640172036e-09 5.387255575198170859e-04
1.399018797032174628e-09 5.296597533544708525e-04
1.633266190371373357e-09 5.198174834617377664e-04
1.906735244922410653e-09 5.103886755137053768e-04
2.225993114694106958e-09 5.016510037180866959e-04
2.598706537711882259e-09 4.927262644088209811e-04
3.033825946974910759e-09 4.828494406102696625e-04
3.541800408384062842e-09 4.790837413657911791e-04
4.134828547213676262e-09 4.530922533107755584e-04
4.827151488938263684e-09 5.026801382853923923e-04
5.635394849167511174e-09 3.478627124010882053e-04
6.578967985321884615e-09 5.417943964027981292e-04
7.680530097777369188e-09 1.684605438565778789e-03
8.966534373548470287e-09 7.315386239650216883e-04
1.046786323971219929e-08 -3.462911570402507286e-03
1.222056998170552196e-08 -1.931156260839587621e-04
1.426674453590473493e-08 4.126341812292958974e-03
1.665552424784385954e-08 -1.939756655267574521e-03
1.944427386867210088e-08 6.286616482390535582e-04
2.269996312658075541e-08 3.494508251055419411e-03
2.650077495453999114e-08 -9.540307468532396515e-04
3.093798299473091909e-08 -1.985064509763903758e-03
3.611814346652845809e-08 1.082580076929646768e-03
4.216565403410157696e-08 2.100261003345052502e-03
4.922574112291258076e-08 -1.175871321460271804e-03
5.746794742328061645e-08 -2.105745122719612263e-04
6.709020333078814631e-08 1.322982690808458071e-03
7.832358009611246346e-08 1.725380394424266134e-04
9.143783882760989538e-08 3.471287184603896389e-04
1.067479086017787606e-07 -1.210855820766437718e-05
1.246214492485686762e-07 1.331409999019673822e-03
1.454876804261313332e-07 1.641520557396441548e-03
1.698476890086337374e-07 1.471890364722982722e-03
1.982864623112945752e-07 1.907683012871023119e-03
2.314869361215127985e-07 -9.334055708717193395e-03
2.702463948890242581e-07 -7.788291749330664496e-03
3.154956179133025504e-07 3.613678130882855277e-04
3.683212313095660021e-07 -5.961163498644232901e-04
4.299918025190288878e-07 8.138838014104684236e-04
5.019883040034793458e-07 2.057021469684789348e-04
5.860396776869710552e-07 4.395753972636861316e-04
6.841643541979137196e-07 2.643307417398246296e-04
7.987187239650872324e-07 3.073648056832042549e-04
9.324537241644658704e-07 3.318988615063581810e-04
1.088580900409918425e-06 4.381411642386113907e-04
1.270849529609756532e-06 4.010543262118852759e-04
1.483636656036458054e-06 6.098650008711545105e-04
1.732052202758391104e-06 2.607738775184213764e-05
2.022061682605458095e-06 -1.220423634309672489e-03
2.360629455480410953e-06 1.929777552836134218e-04
2.755885972232774067e-06 1.308231399470692179e-03
3.217323021331058235e-06 2.784530379164639260e-04
3.756021667035978199e-06 3.317185331389539346e-04
4.384918352838299842e-06 3.290893307024895555e-04
5.119115560435905545e-06 3.467684505400747685e-04
5.976244484491856426e-06 2.825165243030597524e-04
6.976888432535764040e-06 4.397482344059709843e-04
8.145077117639072865e-06 -3.976326755344419470e-05
9.508863713931482665e-06 -4.235446588138789756e-04
1.110099853251385282e-05 6.940352792792112667e-04
1.295971549558819977e-05 -4.125719300236739898e-05
1.512965029539151554e-05 -9.103750573286589071e-04
1.766291228682951949e-05 1.343311703368780998e-03
2.062033585450832692e-05 2.139614405446407536e-03
2.407294130480249538e-05 -1.267624790261590289e-03
2.810364036518666356e-05 -4.919923648723412320e-04
3.280922724711595828e-05 1.338892163561547933e-03
3.830270308633527981e-05 -2.880607330751111701e-04
4.471598958030706980e-05 -8.303076443046545144e-04
5.220309698872063156e-05 8.417277257945885056e-04
6.094382257423947225e-05 1.129597725901202842e-03
7.114806829876145283e-05 -2.672517855373882090e-04
8.306088146142867655e-05 -8.929072918510763679e-04
9.696833932551902858e-05 6.447489011545022575e-05
1.132044190491218142e-04 1.088403954540614026e-03
1.321590178958194763e-04 2.438503300010081733e-04
1.542873163247151960e-04 -2.230638347925544343e-05
1.801207088073845074e-04 1.628497947297347787e-04
2.102795648671056832e-04 1.828836701240088049e-04
2.454881267871542668e-04 -2.625813322529281339e-03
2.865919017454318456e-04 -6.271843711067284083e-03
3.345779660344920027e-04 -2.454258662382918874e-03
3.905986689575466678e-04 4.700054583649851923e-04
4.559993056317366710e-04 -4.458300957100582926e-04
5.323504232402441862e-04 7.915223662880955732e-04
6.214855365436373902e-04 5.108027239828613793e-04
7.255451583601472271e-04 1.135766598410288195e-04
8.470282023737639009e-04 2.902338611736761907e-04
9.888519926700379756e-04 2.442288427427718144e-04
1.154422321083499415e-03 2.841798786471366745e-04
1.347715234731295796e-03 1.853576788755756898e-04
1.573372517799283233e-03 1.215928380777844819e-04
1.836813160503906247e-03 2.951342610430702541e-04
2.144363492073374927e-03 2.902583387797952851e-04
2.503409102793895200e-03 1.380367852859558549e-04
2.922572203414902127e-03 1.277053389233664613e-04
3.411918681066107920e-03 1.486696020210165163e-04
3.983199823978909176e-03 1.206933496327292944e-04
4.650134519849713835e-03 3.229467156063304395e-05
5.428738704627021454e-03 -1.456200078987302318e-05
6.337709973187628971e-03 1.136325598812735170e-04
7.398876588038239173e-03 3.320921291623474617e-04
8.637721668649742460e-03 4.112865188183722348e-04
1.008399514943706700e-02 4.976723442466635117e-04
1.177242820209630815e-02 7.166661976975340423e-04
1.374356727861469375e-02 9.725894495504557209e-04
1.604474780387055155e-02 1.240969199411582485e-03
1.873123090031960161e-02 1.475738120775837992e-03
2.186753044235741766e-02 1.641658366849615405e-03
2.552896230857261417e-02 1.726350853961177573e-03
2.980345303601929924e-02 1.795148641791766532e-03
3.479365130998431088e-02 1.186794363263121970e-03
4.061939299508990353e-02 7.074634975663411825e-04
4.742057890360277389e-02 1.516800419279868209e-03
5.536053440839574374e-02 1.745011113871823734e-03
6.462993157914238840e-02 1.090604467906490689e-03
7.545136802890317629e-02 9.388578882456350035e-04
8.808471242866379447e-02 9.867999317350606425e-04
1.028333450583456127e-01 1.146294886213621109e-03
1.200514432564309397e-01 1.399928304977871019e-03
1.401524867228113314e-01 1.771527199460860326e-03
1.636191869233157570e-01 2.125598818183449187e-03
1.910150790431143775e-01 2.314387906857269181e-03
2.229980548610586699e-01 2.295270106581141344e-03
2.603361615267634210e-01 2.120005162513123511e-03
3.039260456362139484e-01 1.878741846639343446e-03
3.548144855265127351e-01 1.645471273898992158e-03
4.142235288716686337e-01 1.449236764461963797e-03
4.835798392398978351e-01 1.260955253477704339e-03
5.645489563479983985e-01 1.027559923632466671e-03
6.590752927470648892e-01 7.626297297330156787e-04
7.694288274299235786e-01 5.481075586752255906e-04
8.982596176722265069e-01 4.225004009467312437e-04
1.048661438168095206e+00 3.664473819950790114e-04
1.224246075706425518e+00 3.569877628054598726e-04
1.429230063518686089e+00 3.618175518664692525e-04
