4.952537249168800131e-14 1.886478190982866776e-19
1.566129790419824970e-13 1.202875101238043112e-18
4.952537249168799248e-13 7.669892586590564606e-18
1.566129790419824970e-12 4.890553660084059852e-17
4.952537249168799652e-12 3.118363762222316193e-16
1.566129790419824889e-11 1.988362306073580339e-15
4.952537249168800136e-11 1.267839470208793777e-14
1.566129790419825019e-10 8.084124896701921029e-14
4.952537249168800007e-10 5.154680610685971867e-13
1.566129790419824915e-09 3.286779031459768946e-12
3.933813962751799886e-09 1.446781958777771762e-11
9.881553117908999810e-09 6.088592755770992334e-11
2.482168066167650184e-08 2.441054461078457070e-10
3.124612660451331381e-08 3.282409974638610925e-10
6.233537723851918373e-08 8.956566483374038340e-10
1.243988713191675034e-07 2.392370685071267537e-09
2.482560254491556392e-07 6.278958802978594283e-09
4.952616027829143434e-07 1.625289137470801158e-08
9.881337893590936638e-07 4.166831905435893370e-08
1.243957541030774934e-06 5.453831214754169976e-08
1.971873096645012567e-06 1.016741937380927309e-07
3.124588003555318517e-06 1.890553301612541095e-07
3.934116182577537338e-06 2.577119373508808919e-07
4.560796609296512675e-06 3.143224307336004111e-07
6.037319665913205982e-06 4.281675684734905912e-07
9.569187525984062723e-06 7.939200395018660556e-07
1.566016637073268708e-05 1.470499695806915559e-06
2.482133623565399593e-05 2.722546550555927062e-06
3.017046428836487582e-05 3.533942817342425721e-06
3.798351780013543632e-05 4.807210805222776044e-06
4.953909156798886964e-05 6.541102212248078075e-06
6.235647561714818842e-05 8.894151385928923722e-06
7.850564708489312282e-05 1.209604588486333653e-05
9.508971239428749248e-05 1.562249889051234728e-05
1.244012114487081289e-04 2.124609917031723154e-05
1.565992869034256278e-04 2.888570709759933687e-05
1.890232902614931139e-04 3.713074147009906301e-05
2.482181019558905898e-04 5.048757232335372068e-05
3.125357532454887304e-04 6.865660718962678555e-05
3.844472621892106100e-04 9.050189129541711655e-05
4.090877015401512564e-04 9.331057068044730138e-05
5.303396193119243405e-04 1.268898931059193088e-04
6.371996827170499627e-04 1.620920080649643246e-04
6.907302163385187904e-04 1.805044618112733095e-04
7.849026174205499902e-04 2.053456705944291683e-04
1.021699744273462567e-03 2.791827308720005053e-04
1.244002361131006087e-03 3.630062067407902591e-04
1.566155531546768688e-03 4.704850045412787359e-04
1.607571058279393811e-03 4.871498355591245290e-04
1.620681019503531287e-03 4.924551188419593181e-04
1.691332589502593693e-03 5.212908938616025653e-04
1.803392749993281254e-03 5.678525565556585310e-04
1.861496914504118727e-03 5.923816898515888362e-04
1.911281023401756362e-03 6.136028229829281009e-04
2.136031695263393773e-03 6.759555053305981148e-04
7.884999999999999648e-03 1.344858104649898330e-03
1.184187499999999997e-02 2.139090219638989897e-03
1.670374999999999985e-02 3.287964918311226531e-03
2.253874999999999976e-02 4.866879638380307120e-03
2.943562499999999998e-02 6.957410912206997249e-03
4.685187500000000116e-02 1.304101046018238050e-02
6.998124999999999485e-02 2.237019507530375526e-02
9.999374999999999236e-02 3.595796178910534713e-02
1.379562500000000025e-01 5.499831141571220883e-02
1.842312499999999853e-01 8.080882666219071919e-02
2.667749999999999844e-01 1.349414406763391749e-01
3.887499999999999845e-01 2.401420874200809186e-01
4.573375000000000079e-01 3.149590647275405941e-01
4.747437499999999644e-01 3.352377298874585909e-01
5.000000000000000000e-01 5.103900000000000103e-01
5.356312500000000032e-01 5.998299999999999743e-01
5.712625000000000064e-01 7.005700000000000260e-01
6.068937500000000096e-01 8.134200000000000319e-01
6.424999999999999600e-01 9.391899999999999693e-01
6.781249999999999778e-01 1.078699999999999992e+00
7.138125000000000719e-01 1.232699999999999907e+00
7.494374999999999787e-01 1.401899999999999924e+00
7.850624999999999964e-01 1.584400000000000031e+00
8.206875000000000142e-01 1.780499999999999972e+00
8.563124999999999210e-01 1.992199999999999971e+00
8.919375000000000497e-01 2.220299999999999940e+00
9.275624999999998455e-01 2.465799999999999770e+00
9.631874999999999742e-01 2.729299999999999837e+00
9.988124999999999920e-01 3.011600000000000055e+00
1.062925423922075341e+00 3.554388615178418309e+00
1.119900204222941564e+00 4.128724888384166292e+00
1.172140716275260619e+00 4.731797448711718701e+00
1.220504039093317505e+00 5.361340484209018875e+00
1.265620058105907608e+00 6.015479427009422508e+00
1.307967219025303551e+00 6.692631328864898421e+00
1.347918725888216818e+00 7.391437322227915274e+00
1.385772129788507501e+00 8.110715033717530886e+00
1.421769053426597429e+00 8.849423943261136571e+00
1.456108785496256663e+00 9.606639550401331107e+00
1.488957918075062725e+00 1.038153403852110834e+01
1.520457346073435634e+00 1.117335882385850709e+01
1.550727458591114605e+00 1.198143528187448759e+01
1.579872060670639566e+00 1.280514729693900833e+01
1.607981384441544259e+00 1.364392241428198282e+01
1.635134434747125054e+00 1.449723798426337673e+01
1.661400840154355185e+00 1.536460901044296179e+01
1.686842330785906841e+00 1.624558528266187452e+01
1.711513930744697154e+00 1.713974595193856842e+01
1.735464929549262347e+00 1.804670167965005945e+01
1.758739680523969673e+00 1.896608289162035987e+01
1.781378262284630809e+00 1.989754469768826795e+01
1.803417030882745520e+00 2.084076078362153339e+01
1.824889083857336614e+00 2.179542695849488609e+01
1.845824652738800919e+00 2.276125032291497874e+01
1.866251437005439051e+00 2.373795380149952194e+01
1.886194889796033003e+00 2.472528530783054634e+01
1.905678463609661311e+00 2.572298774562325718e+01
1.924723822617034896e+00 2.673082751286662173e+01
1.943351026952295779e+00 2.774857812056970374e+01
1.961578693364550707e+00 2.877603088994065672e+01
1.979424135823492525e+00 2.981297015842335796e+01
1.996903489046297109e+00 3.085920256279391438e+01
2.014031817408332259e+00 3.191454485086720183e+01
2.030823211292267949e+00 3.297881110804286209e+01
2.047290872597903100e+00 3.405182942202773688e+01
2.063447190863240355e+00 3.513342919382515106e+01
2.079303811223905729e+00 3.622345286893026639e+01
2.094871695253076371e+00 3.732174644476108938e+01
2.110161175570789194e+00 3.842812787164263000e+01
2.125182004983433792e+00 3.954254235450158461e+01
2.139943400807001961e+00 4.066476519533789968e+01
2.154454084937591052e+00 4.179468908189116405e+01
2.168722320156371453e+00 4.293218668324357878e+01
2.182755943091856832e+00 4.407712978269213977e+01
2.196562394207310476e+00 4.522939801908431434e+01
2.210148745134376647e+00 4.638887440124812400e+01
2.223521723633882896e+00 4.755544546982353182e+01
2.236687736430352125e+00 4.872899572231233378e+01
2.249652890137100236e+00 4.990942530129755994e+01
2.262423010463135764e+00 5.109661622720961560e+01
2.275003659870955541e+00 5.229048986411120836e+01
2.287400153834962868e+00 5.349093438030233472e+01
2.299617575833496463e+00 5.469785282989938224e+01
2.311660791192867936e+00 5.591115304774823613e+01
2.323534459888684900e+00 5.713074799037642748e+01
2.335243048398983667e+00 5.835654451019170352e+01
2.346790840693310898e+00 5.958846380414104971e+01
2.358181948433486941e+00 6.082642517459350984e+01
2.369420320453970774e+00 6.207031493073754547e+01
2.380509751582946976e+00 6.332010654815501027e+01
2.391453890859298603e+00 6.457568680468921229e+01
2.402256249195160454e+00 6.583697991529700744e+01
2.412920206529078015e+00 6.710393941362812598e+01
2.423449018510499986e+00 6.837646250112362623e+01
2.433845822752552124e+00 6.965449364831808055e+01
2.444113644686666031e+00 7.093796470511593100e+01
2.454255403049574458e+00 7.222680532998545289e+01
2.464273915030469553e+00 7.352095101714498071e+01
2.474171901103706883e+00 7.482033245892567663e+01
2.483951989570140295e+00 7.612488901738713309e+01
2.493616720828321753e+00 7.743457272732703700e+01
2.503168551394894692e+00 7.874928083996393013e+01
2.512609857691939119e+00 8.006903493010699435e+01
2.521942939617581203e+00 8.139370561243566726e+01
2.531170023914781630e+00 8.272325147878731855e+01
2.540293267352115247e+00 8.405764942774075621e+01
2.549314759729155444e+00 8.539680091966862108e+01
2.558236526718168591e+00 8.674067424884776756e+01
2.567060532552861929e+00 8.808919624342516386e+01
2.575788682574104538e+00 8.944239265399363603e+01
2.584422825641860211e+00 9.080012664804463896e+01
2.592964756421756611e+00 9.216237720154211388e+01
2.601416217554216370e+00 9.352910324371184458e+01
2.609778901713400767e+00 9.490025927998861732e+01
2.618054453562731254e+00 9.627578170171310035e+01
2.626244471613295328e+00 9.765563933562785337e+01
2.634350509990923239e+00 9.903978487326490665e+01
2.642374080117383173e+00 1.004281755959824380e+02
2.650316652310758858e+00 1.018207357895563518e+02
2.658179657309649890e+00 1.032175185338436592e+02
2.665964487725636545e+00 1.046183837629154141e+02
2.673672499428068949e+00 1.060233323662120313e+02
2.681305012864991344e+00 1.074323112915731571e+02
2.688863314323751919e+00 1.088452891325537024e+02
2.696348657134670646e+00 1.102622234851137506e+02
2.703762262820837758e+00 1.116830718371409432e+02
2.711105322196964096e+00 1.131077841798003902e+02
2.718378996420048210e+00 1.145363635404818012e+02
2.747001018782444515e+00 1.202203783218715927e+02
2.777863673259324262e+00 1.264127056769004014e+02
2.808743482252525236e+00 1.326742007662023184e+02
2.839640275641515998e+00 1.390049876297513833e+02
2.870553887531904103e+00 1.454049907092272917e+02
2.901484154327474307e+00 1.518743978508097427e+02
2.932430916032297219e+00 1.584130396186772884e+02
2.963394016554247390e+00 1.650211552775816415e+02
2.994373302142868454e+00 1.716986446941425584e+02
3.025368621013587056e+00 1.784456186170424701e+02
3.056379824751704444e+00 1.852621026009693139e+02
3.087406769682718544e+00 1.921481028644652156e+02
3.118449334291552244e+00 1.991036917734901976e+02
3.149507322790879194e+00 2.061288434701980918e+02
3.180580641884943383e+00 2.132236568247842854e+02
3.211669150738567513e+00 2.203881578780615769e+02
3.242772714791775091e+00 2.276223546059470095e+02
3.273891203732659960e+00 2.349262702602500781e+02
3.305024488657873238e+00 2.422999756453632756e+02
3.336172444406112270e+00 2.497434847750325559e+02
3.367334948104521608e+00 2.572568325157058098e+02
3.398511877337972109e+00 2.648400494624729617e+02
3.429703114000164810e+00 2.724931551764764208e+02
3.460908541468285637e+00 2.802162045729507440e+02
3.492128042064844617e+00 2.880092370786151150e+02
3.523361505375360636e+00 2.958722609640951760e+02
3.554608820322678664e+00 3.038053159443254003e+02
3.585869875333712375e+00 3.118083749482059375e+02
3.617144560189899938e+00 3.198815311963937233e+02
3.648432772866981644e+00 3.280255324714385097e+02
3.679734404442162266e+00 3.362384263668945437e+02
3.711049356054028969e+00 3.445219945437619913e+02
3.742377528806156040e+00 3.528759164896363245e+02
3.773718823662806088e+00 3.613000326393425325e+02
3.805073129689935385e+00 3.697943739955168780e+02
3.836440361311522995e+00 3.783590406158248811e+02
3.867820425011975871e+00 3.869940515422147769e+02
3.899213222240760945e+00 3.956994091641007003e+02
3.930619036343065975e+00 4.044751283585216015e+02
3.962036652435803052e+00 4.133212727823552655e+02
3.993467106057138505e+00 4.222378487233328883e+02
4.024909933121432637e+00 4.312249486541255692e+02
4.056365053812740484e+00 4.402825029505439716e+02
4.087832359500432666e+00 4.494105780823301188e+02
4.119311788925226203e+00 4.586092042268210776e+02
4.150803252526654497e+00 4.678784276417130172e+02
4.182306666178789101e+00 4.772182581740853493e+02
4.213821948266329720e+00 4.866286878162250673e+02
4.245349022778558634e+00 4.961098245183754329e+02
4.276887815221930289e+00 5.056615795055439548e+02
4.308438224055109345e+00 5.152840932510079028e+02
4.340000196418301925e+00 5.249772820737367738e+02
4.371573650287029267e+00 5.347413232897074522e+02
4.403158511866684499e+00 5.445761371620226328e+02
4.434754694026316280e+00 5.544817357402998823e+02
4.466362155394517863e+00 5.644581857913294698e+02
4.497980783442027786e+00 5.745054738535234264e+02
4.529610553593888866e+00 5.846236931443384037e+02
4.561251365759483534e+00 5.948127895839829762e+02
4.592903141472114648e+00 6.050728466662422989e+02
4.624565837331018336e+00 6.154038971999674459e+02
4.656239371294285334e+00 6.258058600133958862e+02
4.687923693512559886e+00 6.362788426404528082e+02
4.719618707634805510e+00 6.468229186314468961e+02
4.751324378061883458e+00 6.574378804405924939e+02
4.783040628745735212e+00 6.681242206286140117e+02
4.814767401114646184e+00 6.788815250029551862e+02
4.846504628613838683e+00 6.897099495527045292e+02
4.878252251310817300e+00 7.006095070800029134e+02
4.910010208647507923e+00 7.115803201659591650e+02
4.941778424562492944e+00 7.226222900226364345e+02
4.973556884813917556e+00 7.337354656738191352e+02
5.005345485391218041e+00 7.449198965445810927e+02
5.037144184120179169e+00 7.561756273899615053e+02
5.068952922739538458e+00 7.675025838178895583e+02
5.100771640972933341e+00 7.789009053094036972e+02
5.132600294934798413e+00 7.903705236074426921e+02
5.164438817662722947e+00 8.019115536722972593e+02
5.196287170547907230e+00 8.135240173803373409e+02
5.228145256822077869e+00 8.252083270653814679e+02
5.260013075348866529e+00 8.369629010462758743e+02
5.291890537376313652e+00 8.487896024438998666e+02
5.323777613320276991e+00 8.606877326254493710e+02
5.355674235509191305e+00 8.726577702499395173e+02
5.387580361303204946e+00 8.846986333245496326e+02
5.419495937059710222e+00 8.968112155498401989e+02
5.451420911249243773e+00 9.089953261352829941e+02
5.483355241329142871e+00 9.212512457067867899e+02
5.515298879546999267e+00 9.335784756349781901e+02
5.547251753836206944e+00 9.459775040792592335e+02
5.579213816106054935e+00 9.584481475773471857e+02
5.611185085864512700e+00 9.709904189876134524e+02
5.643165444921619311e+00 9.836044005354925730e+02
5.675154866666405340e+00 9.962903591179855312e+02
5.707153305315865843e+00 1.009047463123140233e+03
5.739160717576453408e+00 1.021876547951327098e+03
5.771177059755113525e+00 1.034777436219075526e+03
5.803202283717226351e+00 1.047750077097873600e+03
5.835236345307030170e+00 1.060794555209770579e+03
5.867279203571524882e+00 1.073910835270180542e+03
