4.952537249168800131e-14 1.886478190982866776e-19
1.566129790419824970e-13 1.202875101238043112e-18
4.952537249168799248e-13 7.669892586590564606e-18
1.566129790419824970e-12 4.890553660084059852e-17
4.952537249168799652e-12 3.118363762222316193e-16
1.566129790419824889e-11 1.988362306073580339e-15
4.952537249168800136e-11 1.267839470208793777e-14
1.566129790419825019e-10 8.084124896701921029e-14
4.952537249168800007e-10 5.154680610685971867e-13
1.566129790419824915e-09 3.286779031459768946e-12
3.933813962751799886e-09 1.446781958777771762e-11
9.881553117908999810e-09 6.088592755770992334e-11
2.482168066167650184e-08 2.441054461078457070e-10
3.124612660451331381e-08 3.282409974638610925e-10
6.233537723851918373e-08 8.956566483374038340e-10
1.243988713191675034e-07 2.392370685071267537e-09
2.482560254491556392e-07 6.278958802978594283e-09
4.952616027829143434e-07 1.625289137470801158e-08
9.881337893590936638e-07 4.166831905435893370e-08
1.243957541030774934e-06 5.453831214754169976e-08
1.971873096645012567e-06 1.016741937380927309e-07
3.124588003555318517e-06 1.890553301612541095e-07
3.934116182577537338e-06 2.577119373508808919e-07
4.560796609296512675e-06 3.143224307336004111e-07
6.037319665913205982e-06 4.281675684734905912e-07
9.569187525984062723e-06 7.939200395018660556e-07
1.566016637073268708e-05 1.470499695806915559e-06
2.482133623565399593e-05 2.722546550555927062e-06
3.017046428836487582e-05 3.533942817342425721e-06
3.798351780013543632e-05 4.807210805222776044e-06
4.953909156798886964e-05 6.541102212248078075e-06
6.235647561714818842e-05 8.894151385928923722e-06
7.850564708489312282e-05 1.209604588486333653e-05
9.508971239428749248e-05 1.562249889051234728e-05
1.244012114487081289e-04 2.124609917031723154e-05
1.565992869034256278e-04 2.888570709759933687e-05
1.890232902614931139e-04 3.713074147009906301e-05
2.482181019558905898e-04 5.048757232335372068e-05
3.125357532454887304e-04 6.865660718962678555e-05
3.844472621892106100e-04 9.050189129541711655e-05
4.090877015401512564e-04 9.331057068044730138e-05
5.303396193119243405e-04 1.268898931059193088e-04
6.371996827170499627e-04 1.620920080649643246e-04
6.907302163385187904e-04 1.805044618112733095e-04
7.849026174205499902e-04 2.053456705944291683e-04
1.021699744273462567e-03 2.791827308720005053e-04
1.244002361131006087e-03 3.630062067407902591e-04
1.566155531546768688e-03 4.704850045412787359e-04
1.607571058279393811e-03 4.871498355591245290e-04
1.620681019503531287e-03 4.924551188419593181e-04
1.691332589502593693e-03 5.212908938616025653e-04
1.803392749993281254e-03 5.678525565556585310e-04
1.861496914504118727e-03 5.923816898515888362e-04
1.911281023401756362e-03 6.136028229829281009e-04
2.136031695263393773e-03 6.759555053305981148e-04
7.884999999999999648e-03 1.344858104649898330e-03
1.184187499999999997e-02 2.139090219638989897e-03
1.670374999999999985e-02 3.287964918311226531e-03
2.253874999999999976e-02 4.866879638380307120e-03
2.943562499999999998e-02 6.957410912206997249e-03
4.685187500000000116e-02 1.304101046018238050e-02
6.998124999999999485e-02 2.237019507530375526e-02
9.999374999999999236e-02 3.595796178910534713e-02
1.379562500000000025e-01 5.499831141571220883e-02
1.842312499999999853e-01 8.080882666219071919e-02
2.667749999999999844e-01 1.349414406763391749e-01
3.887499999999999845e-01 2.401420874200809186e-01
4.573375000000000079e-01 3.149590647275405941e-01
4.747437499999999644e-01 3.352377298874585909e-01
5.000000000000000000e-01 5.103900000000000103e-01
5.356312500000000032e-01 5.998299999999999743e-01
5.712625000000000064e-01 7.005700000000000260e-01
6.068937500000000096e-01 8.134200000000000319e-01
6.424999999999999600e-01 9.391899999999999693e-01
6.781249999999999778e-01 1.078699999999999992e+00
7.138125000000000719e-01 1.232699999999999907e+00
7.494374999999999787e-01 1.401899999999999924e+00
7.850624999999999964e-01 1.584400000000000031e+00
8.206875000000000142e-01 1.780499999999999972e+00
8.563124999999999210e-01 1.992199999999999971e+00
8.919375000000000497e-01 2.220299999999999940e+00
9.275624999999998455e-01 2.465799999999999770e+00
9.631874999999999742e-01 2.729299999999999837e+00
9.988124999999999920e-01 3.011600000000000055e+00
1.082991182015731857e+00 3.727990756256518878e+00
1.159365694139887104e+00 4.499191206923620179e+00
1.230370524503617169e+00 5.321078957437720192e+00
1.296899912062940974e+00 6.190268032719645319e+00
1.359621404844712611e+00 7.103909593789236254e+00
1.419049260573830740e+00 8.059561253082673460e+00
1.475589821426730230e+00 9.055097239900794293e+00
1.529570933342918160e+00 1.008864428680719172e+01
1.581261777737669405e+00 1.115853446095662349e+01
1.630886680849646497e+00 1.226326955696827525e+01
1.678634997193279244e+00 1.340149259488844713e+01
1.724668351783012143e+00 1.457197150407409225e+01
1.769126056512853484e+00 1.577356938030366251e+01
1.812129234173904813e+00 1.700525122692683766e+01
1.853784008528028826e+00 1.826604691236402189e+01
1.894184006927190911e+00 1.955506326910462889e+01
1.933412348543489534e+00 2.087146563778767216e+01
1.971543241994804907e+00 2.221447382534504555e+01
2.008643282391725293e+00 2.358335398003373484e+01
2.044772514273759167e+00 2.497742047488960893e+01
2.079985310186991843e+00 2.639602565296589631e+01
2.114331102612251545e+00 2.783855243657840717e+01
2.147854998154725692e+00 2.930441927690109694e+01
2.180598296395848124e+00 3.079307997996238910e+01
2.212598930934091435e+00 3.230400610578905685e+01
2.243891846451982364e+00 3.383669550116722036e+01
2.274509322826108182e+00 3.539068719394605722e+01
2.304481255119946059e+00 3.696551221613085403e+01
2.333835396604110546e+00 3.856074043624636971e+01
2.362597570618998333e+00 4.017595343636565275e+01
2.390791856041856622e+00 4.181076125007641764e+01
2.418440750282350837e+00 4.346477280173986912e+01
2.445565313058272849e+00 4.513761636955702272e+01
2.472185293660254857e+00 4.682895125872171604e+01
2.498319243973677661e+00 4.853842778901474730e+01
2.523984619165994037e+00 5.026572124098207439e+01
2.549197867652179816e+00 5.201050903841627360e+01
2.573974511707143975e+00 5.377249086686984469e+01
2.598329219891633901e+00 5.555137365706445252e+01
2.622275872289713483e+00 5.734685487484546229e+01
2.645827619414875986e+00 5.915868873489650070e+01
2.668996935523370695e+00 6.098658473022899074e+01
2.691795666973415546e+00 6.283028946904693868e+01
2.714235076184259743e+00 6.468955480472563124e+01
2.736325881677200478e+00 6.656413446658632438e+01
2.758078294619246140e+00 6.845379516155092858e+01
2.779502052237615040e+00 7.035829834873976552e+01
2.800606448428236028e+00 7.227743424458822119e+01
2.821400361842541393e+00 7.421097419663084338e+01
2.841892281703276346e+00 7.615871862262996217e+01
2.862090331571216506e+00 7.812045234497924184e+01
2.882002291259189608e+00 8.009598203061197808e+01
2.901635617067930717e+00 8.208511866810320612e+01
2.920997460499445086e+00 8.408766375187479980e+01
2.940094685586017498e+00 8.610343176023734202e+01
2.958933884959212612e+00 8.813225246637027510e+01
2.977521394769578666e+00 9.017393852764536177e+01
2.995863308556617532e+00 9.222833155746191380e+01
3.013965490158581062e+00 9.429527137484943466e+01
3.031833585742601755e+00 9.637453444766474320e+01
3.049473035027817414e+00 9.846605855263420892e+01
3.066889081767211422e+00 1.005696228213779904e+02
3.084086783547488775e+00 1.026850758914923176e+02
3.101071020960894931e+00 1.048123177379017079e+02
3.117846506197809120e+00 1.069511479396692408e+02
3.134417791104535223e+00 1.091014477331597732e+02
3.150789274746744528e+00 1.112630888791890555e+02
3.166965210515349405e+00 1.134359179123965475e+02
3.182949712808571974e+00 1.156198102220323989e+02
3.198746763320776676e+00 1.178146214735659498e+02
3.214360216966360984e+00 1.200202370935075180e+02
3.229793807464324651e+00 1.222365480901514587e+02
3.245051152607279832e+00 1.244633547498254984e+02
3.260135759236493680e+00 1.267006886479506420e+02
3.275051027943005622e+00 1.289482944125597044e+02
3.289800257513121551e+00 1.312060972120423799e+02
3.304386649135236720e+00 1.334740245859355525e+02
3.318813310383600168e+00 1.357518837819471855e+02
3.333083258993374987e+00 1.380396193921156396e+02
3.347199426440385039e+00 1.403371271296686302e+02
3.361164661337801451e+00 1.426442798174394397e+02
3.374981732661212153e+00 1.449610307835604033e+02
3.388653332812601615e+00 1.472872030426669028e+02
3.402182080533126207e+00 1.496227374774686893e+02
3.415570523673671310e+00 1.519675403515025209e+02
3.428821141831765562e+00 1.543214914003978890e+02
3.441936348862638884e+00 1.566845020572546616e+02
3.454918495271791290e+00 1.590564916008573846e+02
3.467769870495858164e+00 1.614373723663300950e+02
3.480492705078180204e+00 1.638270555639359145e+02
3.493089172744958670e+00 1.662254310174864145e+02
3.505561392387559483e+00 1.686323915115380885e+02
3.517911429956181557e+00 1.710479693993490002e+02
3.530141300269647786e+00 1.734719740384467457e+02
3.542252968745885244e+00 1.759043419943349988e+02
3.554248353057421372e+00 1.783450009498414488e+02
3.566129324715710425e+00 1.807938541533239629e+02
3.577897710588099578e+00 1.832508108452919089e+02
3.589555294351001624e+00 1.857158674502913698e+02
3.627349998576308909e+00 1.937988524496676348e+02
3.662435436572063274e+00 2.013743213933811376e+02
3.697537688325135630e+00 2.090227575573633771e+02
3.732656633666167068e+00 2.167440891217082708e+02
3.767792057378605453e+00 2.245385008293802684e+02
3.802943901165582119e+00 2.324060214306164198e+02
3.838111995779545094e+00 2.403465367568883266e+02
3.873296231942735979e+00 2.483601994607170127e+02
3.908496411747499621e+00 2.564475003863492475e+02
3.943712471458356017e+00 2.646069104722275256e+02
3.978944268472938361e+00 2.728400542913581717e+02
4.014191657839360161e+00 2.811464520632334825e+02
4.049454535321692639e+00 2.895261217655607879e+02
4.084732773561039032e+00 2.979794396746041798e+02
4.120026251925045457e+00 3.065054249814883178e+02
4.155334856912660690e+00 3.151051333049919094e+02
4.190658466447966468e+00 3.237782764050607511e+02
4.225996968934106590e+00 3.325247572452981899e+02
4.261350251767382247e+00 3.413447237179638591e+02
4.296718213763080385e+00 3.502381502800774911e+02
4.332100730445467285e+00 3.592051756825374014e+02
4.367497705038754674e+00 3.682457472227573589e+02
4.402909030423819203e+00 3.773598933951632262e+02
4.438334600823392151e+00 3.865476491551636400e+02
4.473774314841060473e+00 3.958090530826401618e+02
4.509228072195753612e+00 4.051441024996323677e+02
4.544695771471161549e+00 4.145528505216285566e+02
4.580177318042868428e+00 4.240353179316764454e+02
4.615672800816854604e+00 4.335916035527110353e+02
4.651181560524742409e+00 4.432216396269744791e+02
4.686704068994540506e+00 4.529254998578080063e+02
4.722240039822716007e+00 4.627031636212035437e+02
4.757789397282097710e+00 4.725547327371900224e+02
4.793352032702363097e+00 4.824802389792683925e+02
4.828927868499753195e+00 4.924796150295009625e+02
4.864516810689504034e+00 5.025529803175246002e+02
4.900118782477859369e+00 5.127003051187650726e+02
4.935733684798646159e+00 5.229216694599368793e+02
4.971361463658841018e+00 5.332170385161775812e+02
5.007001975712098485e+00 5.435863382321040262e+02
5.042655194940209640e+00 5.540299504135937241e+02
5.078321003424851376e+00 5.645475834513723612e+02
5.113999386883204323e+00 5.751398623194826314e+02
5.149690190420289859e+00 5.858053430178201779e+02
5.185393393765154180e+00 5.965454873864499632e+02
5.221108846677592119e+00 6.073598768842153959e+02
5.256836540420589010e+00 6.182484121236898318e+02
5.292576383807546136e+00 6.292112951965093544e+02
5.328328296774590633e+00 6.402484561947587736e+02
5.364092207730262629e+00 6.513599318169920025e+02
5.399868047979704322e+00 6.625457635565350074e+02
5.435655738174470564e+00 6.738059288718854987e+02
5.471455216833462032e+00 6.851405058003265367e+02
5.507266408927974588e+00 6.965495152829961398e+02
5.543089250804452028e+00 7.080330017609226161e+02
5.578923669041952138e+00 7.195908637396896665e+02
5.614769602753744593e+00 7.312232396121471538e+02
5.650626984855142254e+00 7.429301496791991894e+02
5.686495742970911316e+00 7.547115832462719709e+02
5.722375816183565611e+00 7.665675911560482518e+02
5.758267143259456766e+00 7.784981131547592668e+02
5.794169662123966447e+00 7.905033886157989400e+02
5.830083303297658226e+00 8.025832256294017952e+02
5.866008063744859946e+00 8.147377066628125704e+02
5.901943724117260537e+00 8.269668908755553502e+02
5.937890372474086575e+00 8.392707772806322737e+02
5.973847912457648235e+00 8.516494033081664838e+02
6.009816273689603250e+00 8.641026904408098517e+02
6.045795416158392221e+00 8.766307652923052274e+02
6.081785257463928396e+00 8.892336009203174854e+02
6.117785749826345487e+00 9.019113313126683806e+02
6.153796836061619757e+00 9.146638419592098899e+02
6.189818464956824862e+00 9.274911654009418953e+02
6.225850577904203931e+00 9.403934697166816932e+02
6.261893117421587718e+00 9.533706485306726108e+02
6.297946041268289719e+00 9.664223256239356488e+02
6.334009277705801466e+00 9.795497680763899098e+02
6.370082789246987787e+00 9.927517680684302377e+02
6.406166515943185757e+00 1.006028707978684906e+03
6.442260415005667262e+00 1.019380708958142918e+03
6.478364413159709123e+00 1.032807728014018039e+03
6.514478482388982528e+00 1.046309802002186188e+03
6.550602533664067195e+00 1.059886913673438357e+03
6.586736610795281166e+00 1.073539146665631051e+03
6.622880557513119548e+00 1.087266446621685645e+03
6.659034400945368581e+00 1.101068877803247233e+03
6.695198040516848970e+00 1.114946517095525905e+03
6.731371449066967827e+00 1.128899314158585867e+03
6.767554584836707576e+00 1.142927240685476136e+03
6.803747395096761075e+00 1.157030264234580272e+03
6.839949834728474620e+00 1.171208878064086321e+03
6.876161919193511274e+00 1.185462529891417262e+03
6.912383420469525142e+00 1.199791494009570897e+03
6.948614466222934105e+00 1.214195514633543780e+03
6.984854967053154340e+00 1.228675271209094717e+03
7.021104871626353550e+00 1.243230191070751971e+03
7.057364195160181986e+00 1.257860429096666621e+03
7.093629812469358420e+00 1.272566028891006454e+03
7.129910574439089821e+00 1.287346983962743934e+03
7.166197662215830100e+00 1.302203356329099051e+03
