4.952537249168800131e-14 1.886478190982866776e-19
1.566129790419824970e-13 1.202875101238043112e-18
4.952537249168799248e-13 7.669892586590564606e-18
1.566129790419824970e-12 4.890553660084059852e-17
4.952537249168799652e-12 3.118363762222316193e-16
1.566129790419824889e-11 1.988362306073580339e-15
4.952537249168800136e-11 1.267839470208793777e-14
1.566129790419825019e-10 8.084124896701921029e-14
4.952537249168800007e-10 5.154680610685971867e-13
1.566129790419824915e-09 3.286779031459768946e-12
3.933813962751799886e-09 1.446781958777771762e-11
9.881553117908999810e-09 6.088592755770992334e-11
2.482168066167650184e-08 2.441054461078457070e-10
3.124612660451331381e-08 3.282409974638610925e-10
6.233537723851918373e-08 8.956566483374038340e-10
1.243988713191675034e-07 2.392370685071267537e-09
2.482560254491556392e-07 6.278958802978594283e-09
4.952616027829143434e-07 1.625289137470801158e-08
9.881337893590936638e-07 4.166831905435893370e-08
1.243957541030774934e-06 5.453831214754169976e-08
1.971873096645012567e-06 1.016741937380927309e-07
3.124588003555318517e-06 1.890553301612541095e-07
3.934116182577537338e-06 2.577119373508808919e-07
4.560796609296512675e-06 3.143224307336004111e-07
6.037319665913205982e-06 4.281675684734905912e-07
9.569187525984062723e-06 7.939200395018660556e-07
1.566016637073268708e-05 1.470499695806915559e-06
2.482133623565399593e-05 2.722546550555927062e-06
3.017046428836487582e-05 3.533942817342425721e-06
3.798351780013543632e-05 4.807210805222776044e-06
4.953909156798886964e-05 6.541102212248078075e-06
6.235647561714818842e-05 8.894151385928923722e-06
7.850564708489312282e-05 1.209604588486333653e-05
9.508971239428749248e-05 1.562249889051234728e-05
1.244012114487081289e-04 2.124609917031723154e-05
1.565992869034256278e-04 2.888570709759933687e-05
1.890232902614931139e-04 3.713074147009906301e-05
2.482181019558905898e-04 5.048757232335372068e-05
3.125357532454887304e-04 6.865660718962678555e-05
3.844472621892106100e-04 9.050189129541711655e-05
4.090877015401512564e-04 9.331057068044730138e-05
5.303396193119243405e-04 1.268898931059193088e-04
6.371996827170499627e-04 1.620920080649643246e-04
6.907302163385187904e-04 1.805044618112733095e-04
7.849026174205499902e-04 2.053456705944291683e-04
1.021699744273462567e-03 2.791827308720005053e-04
1.244002361131006087e-03 3.630062067407902591e-04
1.566155531546768688e-03 4.704850045412787359e-04
1.607571058279393811e-03 4.871498355591245290e-04
1.620681019503531287e-03 4.924551188419593181e-04
1.691332589502593693e-03 5.212908938616025653e-04
1.803392749993281254e-03 5.678525565556585310e-04
1.861496914504118727e-03 5.923816898515888362e-04
1.911281023401756362e-03 6.136028229829281009e-04
2.136031695263393773e-03 6.759555053305981148e-04
7.884999999999999648e-03 1.344858104649898330e-03
1.184187499999999997e-02 2.139090219638989897e-03
1.670374999999999985e-02 3.287964918311226531e-03
2.253874999999999976e-02 4.866879638380307120e-03
2.943562499999999998e-02 6.957410912206997249e-03
4.685187500000000116e-02 1.304101046018238050e-02
6.998124999999999485e-02 2.237019507530375526e-02
9.999374999999999236e-02 3.595796178910534713e-02
1.379562500000000025e-01 5.499831141571220883e-02
1.842312499999999853e-01 8.080882666219071919e-02
2.667749999999999844e-01 1.349414406763391749e-01
3.887499999999999845e-01 2.401420874200809186e-01
4.573375000000000079e-01 3.149590647275405941e-01
4.747437499999999644e-01 3.352377298874585909e-01
5.000000000000000000e-01 5.103900000000000103e-01
5.356312500000000032e-01 5.998299999999999743e-01
5.712625000000000064e-01 7.005700000000000260e-01
6.068937500000000096e-01 8.134200000000000319e-01
6.424999999999999600e-01 9.391899999999999693e-01
6.781249999999999778e-01 1.078699999999999992e+00
7.138125000000000719e-01 1.232699999999999907e+00
7.494374999999999787e-01 1.401899999999999924e+00
7.850624999999999964e-01 1.584400000000000031e+00
8.206875000000000142e-01 1.780499999999999972e+00
8.563124999999999210e-01 1.992199999999999971e+00
8.919375000000000497e-01 2.220299999999999940e+00
9.275624999999998455e-01 2.465799999999999770e+00
9.631874999999999742e-01 2.729299999999999837e+00
9.988124999999999920e-01 3.011600000000000055e+00
1.145361206286671818e+00 4.269528872547893705e+00
1.285785173013850091e+00 5.695027392307997260e+00
1.421825316785297666e+00 7.282630170223040267e+00
1.553908177512898003e+00 9.027446413062012454e+00
1.682374082425609485e+00 1.092503497882971253e+01
1.807502023030707505e+00 1.297131786201236459e+01
1.929525731809579314e+00 1.516251768611643413e+01
2.048644536919405290e+00 1.749511102226561121e+01
2.165030958691127605e+00 1.996579244228672323e+01
2.278836187531694701e+00 2.257144186646222295e+01
2.390194135754736049e+00 2.530912188995180045e+01
2.499224500813652217e+00 2.817602652996942325e+01
2.606035125593263224e+00 3.116948308035027537e+01
2.710723847697398714e+00 3.428695929121704467e+01
2.813379969961869786e+00 3.752600808009746203e+01
2.914085445317164957e+00 4.088429767166933715e+01
3.012915842881510375e+00 4.435958419461698554e+01
3.109941144165209170e+00 4.794971146037183729e+01
3.205226405679727275e+00 5.165259639673324443e+01
3.298832315286282402e+00 5.546623506969235251e+01
3.390815663140536174e+00 5.938870516148458734e+01
3.481229743336915927e+00 6.341812538296166935e+01
3.570124698822444653e+00 6.755267261354127584e+01
3.657547819491056007e+00 7.179060158217298238e+01
3.743543801344864086e+00 7.613021910696276962e+01
3.828154973053146115e+00 8.056986307289925264e+01
3.911421495031162987e+00 8.510795823981462149e+01
3.993381535213658129e+00 8.974292672717781727e+01
4.074071424951251075e+00 9.447326232088215647e+01
4.153525797861151503e+00 9.929748112934173321e+01
4.231777713986963008e+00 1.042142079447490914e+02
4.308858771236066865e+00 1.092219975128960670e+02
4.384799205749867035e+00 1.143195041491649135e+02
4.459627982605737451e+00 1.195054162299906011e+02
4.533372878038419707e+00 1.247784498203672996e+02
4.606060554194433720e+00 1.301373455702554622e+02
4.677716627287969331e+00 1.355808668553100631e+02
4.748365729905361654e+00 1.411078322884761178e+02
4.818031568103940288e+00 1.467170932306932798e+02
4.886736973865022371e+00 1.524074168324111724e+02
4.954503953388270432e+00 1.581778426657489263e+02
5.021353731652928865e+00 1.640271698904328161e+02
5.087306793618981082e+00 1.699543744098830587e+02
5.152382922395694287e+00 1.759584045964774646e+02
5.216601234666722320e+00 1.820382263943099019e+02
5.279980213627259999e+00 1.881929023357942867e+02
5.342537739659583451e+00 1.944213802594417189e+02
5.404291118948746586e+00 2.007227656318438278e+02
5.465257110217634384e+00 2.070960989379132968e+02
5.525451949742008040e+00 2.135404867402358775e+02
5.584891374789138219e+00 2.200550141514748361e+02
5.643590645609134704e+00 2.266388091354642143e+02
5.701564566094704745e+00 2.332910264518823169e+02
5.758827503214771326e+00 2.400108160370930932e+02
5.815393405315220754e+00 2.467973367174387818e+02
5.871275819373799720e+00 2.536497970863560454e+02
5.926487907285781453e+00 2.605673884181142057e+02
5.981042461251401043e+00 2.675493544976981184e+02
6.034951918329200637e+00 2.745949714699872288e+02
6.088228374213842997e+00 2.817032652721421755e+02
6.140883596291898172e+00 2.888738327163293320e+02
6.192929036024577449e+00 2.961057325795916881e+02
6.244375840702229397e+00 3.033983440792002284e+02
6.295234864611848558e+00 3.107509218126539849e+02
6.345516679655303527e+00 3.181627937905890349e+02
6.395231585453295509e+00 3.256333043224967128e+02
6.444389618966952504e+00 3.331618014861867323e+02
6.493000563666853076e+00 3.407475949741022987e+02
6.541073958276726330e+00 3.483901279730341685e+02
6.588619105117262897e+00 3.560886881019205248e+02
6.635645078073470593e+00 3.638426954126382498e+02
6.682160730207304056e+00 3.716516093822516495e+02
6.728174701035914751e+00 3.795143282233991044e+02
6.773695423494071832e+00 3.874315206286603939e+02
6.818731130598576051e+00 3.954015979157968559e+02
6.863289861830609517e+00 4.034238046688716963e+02
6.907379469251546666e+00 4.114982955839321335e+02
6.951007623366141530e+00 4.196241234408161631e+02
6.994181818746519674e+00 4.278008585196625972e+02
7.036909379429302724e+00 4.360279053907245839e+02
7.079197464097490844e+00 4.443048648599986450e+02
7.121053071057938055e+00 4.526311913755102410e+02
7.162483043024749918e+00 4.610063055872724931e+02
7.203494071717972069e+00 4.694297819022805811e+02
7.244092702286806684e+00 4.779011454992950121e+02
7.284285337565522767e+00 4.864198196682735897e+02
7.324078242170328323e+00 4.949854426568498980e+02
7.363477546444463506e+00 5.035974033305888042e+02
7.402489250258650344e+00 5.122554163404736300e+02
7.441119226673594156e+00 5.209588872024156672e+02
7.479373225470813402e+00 5.297075442844513873e+02
7.517256876557564915e+00 5.385007801033095802e+02
7.554775693251734481e+00 5.473382373764649174e+02
7.591935075451809567e+00 5.562195593250854699e+02
7.628740312697019021e+00 5.651441264271695673e+02
7.665196587122307115e+00 5.741122352206297137e+02
7.701308976312770227e+00 5.831218560325937688e+02
7.737082456061713742e+00 5.921738968205949050e+02
7.772521903036332169e+00 6.012682339594191490e+02
7.854359384999785476e+00 6.225206755153858467e+02
7.902178459229958207e+00 6.350367412956427415e+02
7.950012008697382448e+00 6.476288298495052231e+02
7.997859947346827703e+00 6.602966259541026375e+02
8.045722205932818838e+00 6.730409399935878128e+02
8.093598713034221959e+00 6.858612015538653850e+02
8.141489369166098555e+00 6.987572395370513050e+02
8.189394124880100989e+00 7.117295076884828404e+02
8.237312889283519013e+00 7.247782168163981851e+02
8.285245600006271971e+00 7.379024841793282121e+02
8.333192183707367917e+00 7.511033508520959003e+02
8.381152558567444899e+00 7.643803141586007541e+02
8.429126658904042557e+00 7.777334760359086658e+02
8.477114420983737020e+00 7.911628585737863659e+02
8.525115766135831663e+00 8.046685770198948831e+02
8.573130630296487809e+00 8.182505784584207049e+02
8.621158942713181617e+00 8.319086662418703781e+02
8.669200651548164771e+00 8.456430946813815126e+02
8.717255650946803769e+00 8.594539114225250387e+02
8.765323910116133987e+00 8.733412515430220537e+02
8.813405359026070585e+00 8.873047268760668658e+02
8.861499926362618851e+00 9.013447071778734880e+02
8.909607534177085952e+00 9.154602082268124832e+02
8.957728148271304036e+00 9.296538315354472388e+02
9.005861689856150321e+00 9.439230525759481907e+02
9.054008085369030567e+00 9.582687647952706129e+02
9.102167318307984090e+00 9.726910151316074007e+02
9.150339229632999505e+00 9.871897926298322545e+02
9.198523882651441497e+00 1.001765135427658265e+03
9.246721163522693132e+00 1.016416926609319717e+03
9.294930965476051909e+00 1.031145392909285647e+03
9.343153303471311233e+00 1.045950166112600073e+03
9.391388092634960216e+00 1.060832304507738627e+03
9.439635242613105603e+00 1.075790188660885406e+03
9.487894750456362658e+00 1.090824999380401550e+03
9.536166521279261232e+00 1.105936969998134145e+03
9.584450519472186514e+00 1.121125417603527467e+03
9.632746684541897864e+00 1.136390401824020728e+03
9.681054958449104575e+00 1.151732184437585374e+03
9.729375291274903859e+00 1.167150649964723698e+03
9.777707619310664455e+00 1.182646015773633962e+03
9.826051902108549285e+00 1.198218146476156562e+03
9.874408173286385093e+00 1.213867104757159268e+03
9.922776082879837034e+00 1.229592776986157787e+03
9.971155903954738164e+00 1.245395370547918219e+03
1.001954744368789108e+01 1.261274869801336081e+03
1.006795069246980745e+01 1.277231300703991565e+03
1.011636557002110237e+01 1.293264569419242889e+03
1.016479201797748289e+01 1.309374781765371154e+03
1.021323003830033116e+01 1.325561959121061818e+03
1.026167954478129474e+01 1.341826078006363559e+03
1.031014045299215809e+01 1.358167099705131704e+03
1.035861278871798774e+01 1.374585290109783955e+03
1.040709645128705851e+01 1.391080352720962992e+03
1.045559141996716868e+01 1.407652550314887094e+03
1.050409776000739726e+01 1.424301621409550989e+03
1.055261504996711075e+01 1.441027965244534926e+03
1.060114363176782604e+01 1.457831275004611825e+03
1.064968330719189993e+01 1.474711689180303892e+03
1.069823405316176945e+01 1.491669309830906741e+03
1.074679580514693278e+01 1.508704023368100252e+03
1.079536855649663529e+01 1.525815888320161093e+03
1.084395222579508378e+01 1.543004900242740632e+03
1.089254675069340017e+01 1.560271070310660434e+03
1.094115217867677359e+01 1.577614659385802952e+03
1.098976837807428097e+01 1.595035371568101255e+03
1.103839534430511726e+01 1.612533244664960648e+03
1.108703299108348972e+01 1.630108661190510929e+03
1.113568132972286051e+01 1.647760933089538185e+03
1.118434029216680692e+01 1.665490696487188188e+03
1.123300984561109317e+01 1.683297779155966737e+03
1.128168994998659436e+01 1.701182216373518713e+03
1.133038054203469791e+01 1.719144083079751681e+03
1.137908161433874987e+01 1.737183137402554166e+03
1.142779310536327309e+01 1.755299536857756266e+03
1.147651496860404841e+01 1.773493372766455195e+03
1.152524720795635105e+01 1.791764688829071474e+03
1.157398978034104076e+01 1.810113390360159656e+03
1.162274251385983170e+01 1.828538747833957132e+03
1.167150548541676969e+01 1.847043178090568517e+03
1.172027873819716426e+01 1.865624251228514368e+03
1.176906211841098049e+01 1.884282975751927779e+03
1.181785556183821306e+01 1.903018981085063388e+03
1.186665911159851206e+01 1.921832825224357975e+03
1.191547273947336905e+01 1.940724134848037011e+03
1.196429627643418847e+01 1.959692392364568377e+03
1.201312981892659870e+01 1.978738975567955322e+03
1.206197329290316311e+01 1.997862688263950076e+03
1.211082666293795818e+01 2.017064732482217551e+03
1.215968988066818746e+01 2.036343244797869829e+03
1.220856291921714210e+01 2.055700058913543671e+03
1.225744576464272662e+01 2.075136904079543456e+03
1.230633831785826970e+01 2.094647981427585819e+03
1.235524060651925460e+01 2.114237459609701091e+03
1.240415257597835463e+01 2.133904484593071174e+03
1.245307418970204338e+01 2.153649191251607135e+03
1.250200551576683594e+01 2.173472376316727150e+03
1.255094621969383617e+01 2.193372629065059300e+03
1.259989658771378807e+01 2.213351150455137031e+03
1.264885641763000024e+01 2.233408204702428066e+03
