4.952537249168800131e-14 1.886478190982866776e-19
1.566129790419824970e-13 1.202875101238043112e-18
4.952537249168799248e-13 7.669892586590564606e-18
1.566129790419824970e-12 4.890553660084059852e-17
4.952537249168799652e-12 3.118363762222316193e-16
1.566129790419824889e-11 1.988362306073580339e-15
4.952537249168800136e-11 1.267839470208793777e-14
1.566129790419825019e-10 8.084124896701921029e-14
4.952537249168800007e-10 5.154680610685971867e-13
1.566129790419824915e-09 3.286779031459768946e-12
3.933813962751799886e-09 1.446781958777771762e-11
9.881553117908999810e-09 6.088592755770992334e-11
2.482168066167650184e-08 2.441054461078457070e-10
3.124612660451331381e-08 3.282409974638610925e-10
6.233537723851918373e-08 8.956566483374038340e-10
1.243988713191675034e-07 2.392370685071267537e-09
2.482560254491556392e-07 6.278958802978594283e-09
4.952616027829143434e-07 1.625289137470801158e-08
9.881337893590936638e-07 4.166831905435893370e-08
1.243957541030774934e-06 5.453831214754169976e-08
1.971873096645012567e-06 1.016741937380927309e-07
3.124588003555318517e-06 1.890553301612541095e-07
3.934116182577537338e-06 2.577119373508808919e-07
4.560796609296512675e-06 3.143224307336004111e-07
6.037319665913205982e-06 4.281675684734905912e-07
9.569187525984062723e-06 7.939200395018660556e-07
1.566016637073268708e-05 1.470499695806915559e-06
2.482133623565399593e-05 2.722546550555927062e-06
3.017046428836487582e-05 3.533942817342425721e-06
3.798351780013543632e-05 4.807210805222776044e-06
4.953909156798886964e-05 6.541102212248078075e-06
6.235647561714818842e-05 8.894151385928923722e-06
7.850564708489312282e-05 1.209604588486333653e-05
9.508971239428749248e-05 1.562249889051234728e-05
1.244012114487081289e-04 2.124609917031723154e-05
1.565992869034256278e-04 2.888570709759933687e-05
1.890232902614931139e-04 3.713074147009906301e-05
2.482181019558905898e-04 5.048757232335372068e-05
3.125357532454887304e-04 6.865660718962678555e-05
3.844472621892106100e-04 9.050189129541711655e-05
4.090877015401512564e-04 9.331057068044730138e-05
5.303396193119243405e-04 1.268898931059193088e-04
6.371996827170499627e-04 1.620920080649643246e-04
6.907302163385187904e-04 1.805044618112733095e-04
7.849026174205499902e-04 2.053456705944291683e-04
1.021699744273462567e-03 2.791827308720005053e-04
1.244002361131006087e-03 3.630062067407902591e-04
1.566155531546768688e-03 4.704850045412787359e-04
1.607571058279393811e-03 4.871498355591245290e-04
1.620681019503531287e-03 4.924551188419593181e-04
1.691332589502593693e-03 5.212908938616025653e-04
1.803392749993281254e-03 5.678525565556585310e-04
1.861496914504118727e-03 5.923816898515888362e-04
1.911281023401756362e-03 6.136028229829281009e-04
2.136031695263393773e-03 6.759555053305981148e-04
7.884999999999999648e-03 1.344858104649898330e-03
1.184187499999999997e-02 2.139090219638989897e-03
1.670374999999999985e-02 3.287964918311226531e-03
2.253874999999999976e-02 4.866879638380307120e-03
2.943562499999999998e-02 6.957410912206997249e-03
4.685187500000000116e-02 1.304101046018238050e-02
6.998124999999999485e-02 2.237019507530375526e-02
9.999374999999999236e-02 3.595796178910534713e-02
1.379562500000000025e-01 5.499831141571220883e-02
1.842312499999999853e-01 8.080882666219071919e-02
2.667749999999999844e-01 1.349414406763391749e-01
3.887499999999999845e-01 2.401420874200809186e-01
4.573375000000000079e-01 3.149590647275405941e-01
4.747437499999999644e-01 3.352377298874585909e-01
5.000000000000000000e-01 5.103900000000000103e-01
5.356312500000000032e-01 5.998299999999999743e-01
5.712625000000000064e-01 7.005700000000000260e-01
6.068937500000000096e-01 8.134200000000000319e-01
6.424999999999999600e-01 9.391899999999999693e-01
6.781249999999999778e-01 1.078699999999999992e+00
7.138125000000000719e-01 1.232699999999999907e+00
7.494374999999999787e-01 1.401899999999999924e+00
7.850624999999999964e-01 1.584400000000000031e+00
8.206875000000000142e-01 1.780499999999999972e+00
8.563124999999999210e-01 1.992199999999999971e+00
8.919375000000000497e-01 2.220299999999999940e+00
9.275624999999998455e-01 2.465799999999999770e+00
9.631874999999999742e-01 2.729299999999999837e+00
9.988124999999999920e-01 3.011600000000000055e+00
1.103415034312372089e+00 3.904987942250264243e+00
1.200140954523798431e+00 4.883382177887811260e+00
1.291314875163684484e+00 5.941583512661278377e+00
1.377767893300082758e+00 7.075228715018125669e+00
1.460131101880393301e+00 8.280575592481685732e+00
1.538898297305647755e+00 9.554359729221376440e+00
1.614465291248663448e+00 1.089369455509987006e+01
1.687155724239907562e+00 1.229599907219021482e+01
1.757238669787555496e+00 1.375894400432371611e+01
1.824941024611909102e+00 1.528041083283966195e+01
1.890456465259005236e+00 1.685845813464634091e+01
1.953952072721675703e+00 1.849130332949873790e+01
2.015573330662841833e+00 2.017728552069113590e+01
2.075447962834471749e+00 2.191487647653292115e+01
2.133688925009184167e+00 2.370263209825538908e+01
2.190396769915178066e+00 2.553921025661083277e+01
2.245661539681729213e+00 2.742334649547104775e+01
2.299564297060825435e+00 2.935385017971302091e+01
2.352178376872096521e+00 3.132959248344164394e+01
2.403570418179481027e+00 3.334951198170681153e+01
2.453801222761225365e+00 3.541259482476688447e+01
2.502926474603960560e+00 3.751787485807447098e+01
2.550997347195303799e+00 3.966444414335935420e+01
2.598061019470877753e+00 4.185141166376235589e+01
2.644161116817437485e+00 4.407795167287115845e+01
2.689338090145950044e+00 4.634325327715184528e+01
2.733629543445545540e+00 4.864656868834166659e+01
2.777070518211063987e+00 5.098714021222556880e+01
2.819693741558975564e+00 5.336426511435908537e+01
2.861529843601811507e+00 5.577724578304285075e+01
2.902607548663056924e+00 5.822547740454555765e+01
2.942953844123792351e+00 6.070827606112124641e+01
2.982594130055604253e+00 6.322504301890560185e+01
3.021552352278325859e+00 6.577519744392982659e+01
3.059851121060582990e+00 6.835816470567530700e+01
3.097511817336314977e+00 7.097339786324000954e+01
3.134554688026284452e+00 7.362035429358081728e+01
3.170998931818324262e+00 7.629852501434639578e+01
3.206862776564143314e+00 7.900741404069465545e+01
3.242163549286869451e+00 8.174650499285721139e+01
3.276917739656036943e+00 8.451537930527049980e+01
3.311141057670740295e+00 8.731353887225699850e+01
3.344848486193848558e+00 9.014055020216225955e+01
3.378054328896429759e+00 9.299596376224522487e+01
3.410772254101126499e+00 9.587941856201544510e+01
3.443015334951577966e+00 9.879044427529929351e+01
3.474796086283814756e+00 1.017286607490257779e+02
3.506126498529708257e+00 1.046936836696583413e+02
3.537018068944410842e+00 1.076851288826052553e+02
3.567481830415768052e+00 1.107026405175587485e+02
3.597528378084629885e+00 1.137458462377010591e+02
3.627167893979531321e+00 1.168144040276522588e+02
3.656410169846938896e+00 1.199079775596909059e+02
3.685264628339137705e+00 1.230262277294770996e+02
3.713740342704046959e+00 1.261688183057245283e+02
3.741846055107273639e+00 1.293354502666753945e+02
3.769590193702636149e+00 1.325257930607000674e+02
3.796980888556078515e+00 1.357395627267264899e+02
3.824025986517487929e+00 1.389764746444882917e+02
3.850733065125846455e+00 1.422361378418131892e+02
3.877109445624729034e+00 1.455184276924970561e+02
3.903162205158265063e+00 1.488230633345808087e+02
3.928898188210827591e+00 1.521494841441236474e+02
3.954324017348231024e+00 1.554977474718834856e+02
3.979446103312816341e+00 1.588674673590898863e+02
4.004270654520258432e+00 1.622584024988270244e+02
4.028803686001760198e+00 1.656703053702969726e+02
4.053051027831449993e+00 1.691029181645812969e+02
4.077018333075490553e+00 1.725560591327786426e+02
4.100711085296373959e+00 1.760293843349318195e+02
4.124134605642977291e+00 1.795227287196222221e+02
4.147294059554625711e+00 1.830358892008742089e+02
4.170194463105032057e+00 1.865685132750322452e+02
4.192840689009927679e+00 1.901206364724120306e+02
4.215237472320415790e+00 1.936918001147402038e+02
4.237389415822295113e+00 1.972818882820015745e+02
4.259300995160003822e+00 2.008907511298592965e+02
4.280976563702656001e+00 2.045180469859199093e+02
4.302420357168081466e+00 2.081636948520970805e+02
4.323636498019662433e+00 2.118274521784437354e+02
4.344628999649880363e+00 2.155091301946017666e+02
4.365401770363209089e+00 2.192085962326646040e+02
4.385958617170309992e+00 2.229255751180475329e+02
4.406303249404517786e+00 2.266599354701222353e+02
4.426439282170902878e+00 2.304115036580295737e+02
4.446370239637419175e+00 2.341800728205816426e+02
4.466099558177168305e+00 2.379655060464746157e+02
4.485630589370023458e+00 2.417675268244853726e+02
4.504966602871358639e+00 2.455861449791542555e+02
4.524110789155119328e+00 2.494210774760582581e+02
4.543066262138175659e+00 2.532722101450984269e+02
4.561836061692168265e+00 2.571393348056802779e+02
4.580423156048754940e+00 2.610223580580096154e+02
4.598830444103988668e+00 2.649210877908157613e+02
4.617060757626923362e+00 2.688353787653178415e+02
4.635116863377386487e+00 2.727650920524026219e+02
4.653001465137625914e+00 2.767099777592340502e+02
4.670717205661953031e+00 2.806685460026044439e+02
4.688266668548597416e+00 2.846450825437260619e+02
4.737629790104445071e+00 2.959562155213940855e+02
4.777039053151202808e+00 3.050672521396336379e+02
4.816464541762263352e+00 3.142537639526164526e+02
4.855906188693944969e+00 3.235158157741315108e+02
4.895363863381457570e+00 3.328533104434860661e+02
4.934837448825702744e+00 3.422664880354922730e+02
4.974326820571131513e+00 3.517553167669686331e+02
5.013831879275115533e+00 3.613197592770605411e+02
5.053352505645849924e+00 3.709598223168297295e+02
5.092888576219697150e+00 3.806757052205238097e+02
5.132440031946535974e+00 3.904671272479534991e+02
5.172006756724775833e+00 4.003344807623925590e+02
5.211588541938308339e+00 4.102774482504383400e+02
5.251185406675454637e+00 4.202964382022373684e+02
5.290797200761023333e+00 4.303910170950930478e+02
5.330423834532166616e+00 4.405617923673585778e+02
5.370065188246234023e+00 4.508083506480234632e+02
5.409721201597428752e+00 4.611307875580403675e+02
5.449391744637167356e+00 4.715291796174420256e+02
5.489076736298015291e+00 4.820035709577373950e+02
5.528776072068154690e+00 4.925539957934821018e+02
5.568489670334806796e+00 5.031805314659054034e+02
5.608217438204954775e+00 5.138831153410957313e+02
5.647959280942905558e+00 5.246617069826010038e+02
5.687715122721497707e+00 5.355164439343358254e+02
5.727484825426675918e+00 5.464473862033615887e+02
5.767268375188189466e+00 5.574544242718569649e+02
5.807065636871470815e+00 5.685377471867714121e+02
5.846876536968491855e+00 5.796973056217381099e+02
5.886701010380724242e+00 5.909331110169910062e+02
5.926538951049526105e+00 6.022451826158622907e+02
5.966390290988069722e+00 6.136335820117124058e+02
6.006254938894238116e+00 6.250983201397622224e+02
6.046132882057682068e+00 6.366393420448466713e+02
6.086023858396679920e+00 6.482568123295151281e+02
6.125927975098701239e+00 6.599506726871659339e+02
6.165845091805078226e+00 6.717209855418734605e+02
6.205775150241031213e+00 6.835677503177460039e+02
6.245718028562582624e+00 6.954909771771841633e+02
6.285673696109548736e+00 7.074907585895437023e+02
6.325642067453798312e+00 7.195671045419634311e+02
6.365623072355004908e+00 7.317198851034171412e+02
6.405616636453683732e+00 7.439493430544767989e+02
6.445622783590337690e+00 7.562553659666862131e+02
6.485641158786931371e+00 7.686379978519389624e+02
6.525671975416162951e+00 7.810973104881534255e+02
6.565715076526889682e+00 7.936333765607486157e+02
6.605770402664457919e+00 8.062460189142616400e+02
6.645837874216592667e+00 8.189354505861448388e+02
6.685917415317018886e+00 8.317015657618142086e+02
6.726008988374325703e+00 8.445445700178545394e+02
6.766112498106001460e+00 8.574644215148188096e+02
6.806227913307672850e+00 8.704608083562519596e+02
6.846355134501092898e+00 8.835350860713659813e+02
6.886494128355540312e+00 8.966844370477499524e+02
6.926644796437285478e+00 9.099127493846665402e+02
6.966807159176771513e+00 9.232155436988142583e+02
7.006981075285518834e+00 9.365970979166218058e+02
7.047166510364688108e+00 9.500542897115947198e+02
7.087363404290869084e+00 9.635899814484660055e+02
7.127571704672677200e+00 9.772011583981649210e+02
7.167791347723317941e+00 9.908901481308390657e+02
7.208022278129790905e+00 1.004656009179150828e+03
7.248264447930342413e+00 1.018499060708869251e+03
7.288517776004890258e+00 1.032419135277600617e+03
7.328782231028078797e+00 1.046416293836190789e+03
7.369057755321550829e+00 1.060490585955159986e+03
7.409344270985235070e+00 1.074642039325813812e+03
7.449641754694964924e+00 1.088870654784702765e+03
7.489950140081454322e+00 1.103176341873527008e+03
7.530269371561843172e+00 1.117559419146472010e+03
7.570599403819342932e+00 1.132019685786326818e+03
7.610939737079280398e+00 1.146557118575375853e+03
7.651291648212585450e+00 1.161171911298704117e+03
7.691653762122540705e+00 1.175863883682759706e+03
7.732026468105710038e+00 1.190633270062893189e+03
7.772409715884678327e+00 1.205479892492823410e+03
7.812803462058205639e+00 1.220403935639302972e+03
7.853207647644704359e+00 1.235405342381972559e+03
7.893622227997077800e+00 1.250484051575620470e+03
7.934047166980715993e+00 1.265640285943611161e+03
7.974482400662292747e+00 1.280873932751346047e+03
8.014927888384571375e+00 1.296184947633915499e+03
8.055383593460783587e+00 1.311573502487664655e+03
8.095849438943758969e+00 1.327039549154781071e+03
8.136325430846017781e+00 1.342583140679751750e+03
8.176811457052703958e+00 1.358204166929533358e+03
8.217307522228130878e+00 1.373902760885730231e+03
8.257813572637443755e+00 1.389678976172584044e+03
8.298329484990397020e+00 1.405532687961177771e+03
8.338855438771258122e+00 1.421463859931501929e+03
8.379391169611791312e+00 1.437472701505609621e+03
8.419936720161611987e+00 1.453559705977312206e+03
8.460492004072449390e+00 1.469723920904921215e+03
8.501057027668005972e+00 1.485965990509808989e+03
8.541631736753961590e+00 1.502285612655220575e+03
8.582216078894180811e+00 1.518682996404239248e+03
8.622810020814132059e+00 1.535158019795843529e+03
8.663413522657611665e+00 1.551710950080869679e+03
8.704026543386653714e+00 1.568341601011109333e+03
