4.952537249168800131e-14 1.886478190982866776e-19
1.566129790419824970e-13 1.202875101238043112e-18
4.952537249168799248e-13 7.669892586590564606e-18
1.566129790419824970e-12 4.890553660084059852e-17
4.952537249168799652e-12 3.118363762222316193e-16
1.566129790419824889e-11 1.988362306073580339e-15
4.952537249168800136e-11 1.267839470208793777e-14
1.566129790419825019e-10 8.084124896701921029e-14
4.952537249168800007e-10 5.154680610685971867e-13
1.566129790419824915e-09 3.286779031459768946e-12
3.933813962751799886e-09 1.446781958777771762e-11
9.881553117908999810e-09 6.088592755770992334e-11
2.482168066167650184e-08 2.441054461078457070e-10
3.124612660451331381e-08 3.282409974638610925e-10
6.233537723851918373e-08 8.956566483374038340e-10
1.243988713191675034e-07 2.392370685071267537e-09
2.482560254491556392e-07 6.278958802978594283e-09
4.952616027829143434e-07 1.625289137470801158e-08
9.881337893590936638e-07 4.166831905435893370e-08
1.243957541030774934e-06 5.453831214754169976e-08
1.971873096645012567e-06 1.016741937380927309e-07
3.124588003555318517e-06 1.890553301612541095e-07
3.934116182577537338e-06 2.577119373508808919e-07
4.560796609296512675e-06 3.143224307336004111e-07
6.037319665913205982e-06 4.281675684734905912e-07
9.569187525984062723e-06 7.939200395018660556e-07
1.566016637073268708e-05 1.470499695806915559e-06
2.482133623565399593e-05 2.722546550555927062e-06
3.017046428836487582e-05 3.533942817342425721e-06
3.798351780013543632e-05 4.807210805222776044e-06
4.953909156798886964e-05 6.541102212248078075e-06
6.235647561714818842e-05 8.894151385928923722e-06
7.850564708489312282e-05 1.209604588486333653e-05
9.508971239428749248e-05 1.562249889051234728e-05
1.244012114487081289e-04 2.124609917031723154e-05
1.565992869034256278e-04 2.888570709759933687e-05
1.890232902614931139e-04 3.713074147009906301e-05
2.482181019558905898e-04 5.048757232335372068e-05
3.125357532454887304e-04 6.865660718962678555e-05
3.844472621892106100e-04 9.050189129541711655e-05
4.090877015401512564e-04 9.331057068044730138e-05
5.303396193119243405e-04 1.268898931059193088e-04
6.371996827170499627e-04 1.620920080649643246e-04
6.907302163385187904e-04 1.805044618112733095e-04
7.849026174205499902e-04 2.053456705944291683e-04
1.021699744273462567e-03 2.791827308720005053e-04
1.244002361131006087e-03 3.630062067407902591e-04
1.566155531546768688e-03 4.704850045412787359e-04
1.607571058279393811e-03 4.871498355591245290e-04
1.620681019503531287e-03 4.924551188419593181e-04
1.691332589502593693e-03 5.212908938616025653e-04
1.803392749993281254e-03 5.678525565556585310e-04
1.861496914504118727e-03 5.923816898515888362e-04
1.911281023401756362e-03 6.136028229829281009e-04
2.136031695263393773e-03 6.759555053305981148e-04
7.884999999999999648e-03 1.344858104649898330e-03
1.184187499999999997e-02 2.139090219638989897e-03
1.670374999999999985e-02 3.287964918311226531e-03
2.253874999999999976e-02 4.866879638380307120e-03
2.943562499999999998e-02 6.957410912206997249e-03
4.685187500000000116e-02 1.304101046018238050e-02
6.998124999999999485e-02 2.237019507530375526e-02
9.999374999999999236e-02 3.595796178910534713e-02
1.379562500000000025e-01 5.499831141571220883e-02
1.842312499999999853e-01 8.080882666219071919e-02
2.667749999999999844e-01 1.349414406763391749e-01
3.887499999999999845e-01 2.401420874200809186e-01
4.573375000000000079e-01 3.149590647275405941e-01
4.747437499999999644e-01 3.352377298874585909e-01
5.000000000000000000e-01 5.103900000000000103e-01
5.356312500000000032e-01 5.998299999999999743e-01
5.712625000000000064e-01 7.005700000000000260e-01
6.068937500000000096e-01 8.134200000000000319e-01
6.424999999999999600e-01 9.391899999999999693e-01
6.781249999999999778e-01 1.078699999999999992e+00
7.138125000000000719e-01 1.232699999999999907e+00
7.494374999999999787e-01 1.401899999999999924e+00
7.850624999999999964e-01 1.584400000000000031e+00
8.206875000000000142e-01 1.780499999999999972e+00
8.563124999999999210e-01 1.992199999999999971e+00
8.919375000000000497e-01 2.220299999999999940e+00
9.275624999999998455e-01 2.465799999999999770e+00
9.631874999999999742e-01 2.729299999999999837e+00
9.988124999999999920e-01 3.011600000000000055e+00
1.043211831348194618e+00 3.384093627454390241e+00
1.081704842253472076e+00 3.771482691889262995e+00
1.116511752112420153e+00 4.172234909844801720e+00
1.148348150668387468e+00 4.585136728402788187e+00
1.177732217949079008e+00 5.009199520602384936e+00
1.205052360649036647e+00 5.443599937390660060e+00
1.230607917823477671e+00 5.887640010201027785e+00
1.254634923539101665e+00 6.340719377155039638e+00
1.277323095932845876e+00 6.802315288286589379e+00
1.298827430435226749e+00 7.271967842183387987e+00
1.319276343239033089e+00 7.749268985667697507e+00
1.338777535310388789e+00 8.233852984362346916e+00
1.357422306890917030e+00 8.725390794088172086e+00
1.375288792366659019e+00 9.223586252340366443e+00
1.392444426405842650e+00 9.728165835088512736e+00
1.408947852125618017e+00 1.023888174598967993e+01
1.424850417268289204e+00 1.075550549657747368e+01
1.440197361461736936e+00 1.127782631593293949e+01
1.455028768613157331e+00 1.180564827818944273e+01
1.469380338471800496e+00 1.233879144598381750e+01
1.483284017356597539e+00 1.287708551598808704e+01
1.496768518039344187e+00 1.342037297005072816e+01
1.509859751540962192e+00 1.396850435609956520e+01
1.522581188299748201e+00 1.452134270975814268e+01
1.534954162241653819e+00 1.507875547939886118e+01
1.546998128336482203e+00 1.564061817937843557e+01
1.558730881991581052e+00 1.620681857360279210e+01
1.570168746926673409e+00 1.677724164972575238e+01
1.581326736854982151e+00 1.735178403095120103e+01
1.592218695269064010e+00 1.793034572007456973e+01
1.602857416824499337e+00 1.851283475568624937e+01
1.613254753177442602e+00 1.909915668399411004e+01
1.623421705625227141e+00 1.968922689532414694e+01
1.633368506492853589e+00 2.028296615510011236e+01
1.643104690880670349e+00 2.088029310855335297e+01
1.652639160122825857e+00 2.148113384883709998e+01
1.661980238089390882e+00 2.208541479126602169e+01
1.671135721287426934e+00 2.269306627447214098e+01
1.680112923569839989e+00 2.330402677773684061e+01
1.688918716139740539e+00 2.391822606789609296e+01
1.697559563437178287e+00 2.453560935315067582e+01
1.706041555410980237e+00 2.515611280566754715e+01
1.714370436607814296e+00 2.577968056289737575e+01
1.722551632451144732e+00 2.640625899116961861e+01
1.730590273032544646e+00 2.703579364964081577e+01
1.738491214695148113e+00 2.766823491011477998e+01
1.746259059652837120e+00 2.830353274853999679e+01
1.753898173857746379e+00 2.894163920675414303e+01
1.761412703302136729e+00 2.958250694918957890e+01
1.768806588917907652e+00 3.022609469859191478e+01
1.776083580217374225e+00 3.087235163730075271e+01
1.783247247801940993e+00 3.152124858633521853e+01
1.790300994850611005e+00 3.217273585922665546e+01
1.797248067687476913e+00 3.282677474705199216e+01
1.804091565516215523e+00 3.348329308829710271e+01
1.810834449399857382e+00 3.414235711762842840e+01
1.817479550555715084e+00 3.480382624435950589e+01
1.824029578027593468e+00 3.546770276138030908e+01
1.830487125791299574e+00 3.613395336829469073e+01
1.836854679343265850e+00 3.680253144642525598e+01
1.843134621817240859e+00 3.747342598014569148e+01
1.849329239669402991e+00 3.814659149122075377e+01
1.855440727968286074e+00 3.882199614353817907e+01
1.861471195322337291e+00 3.949962313522761548e+01
1.867422668474770120e+00 4.017942846924988487e+01
1.873297096592567490e+00 4.086139086034745560e+01
1.879096355273994545e+00 4.154547911759537726e+01
1.884822250296682933e+00 4.223167565983361982e+01
1.890476521126408294e+00 4.291994297002310077e+01
1.896060844204824125e+00 4.361025656530749472e+01
1.901576836032817130e+00 4.430259471391440229e+01
1.907026056064697883e+00 4.499693576992141431e+01
1.912410009427114144e+00 4.569323770500135140e+01
1.917730149475393553e+00 4.639151207216222872e+01
1.922987880198975486e+00 4.709170516026208020e+01
1.928184558486569999e+00 4.779379878058553288e+01
1.933321496260880679e+00 4.849779043283937341e+01
1.938399962491851536e+00 4.920363246363355358e+01
1.943421185096769088e+00 4.991131742815723271e+01
1.948386352734794436e+00 5.062082358882215516e+01
1.953296616502980143e+00 5.133213442306737306e+01
1.958153091540263180e+00 5.204522255279512422e+01
1.962956858545401584e+00 5.276007023079014857e+01
1.967708965214399752e+00 5.347666319476222441e+01
1.972410427602558247e+00 5.419498165393265765e+01
1.977062231415865901e+00 5.491500279855813460e+01
1.981665333236147797e+00 5.563670594223255250e+01
1.986220661684040767e+00 5.636008227339549848e+01
1.990729118523595798e+00 5.708511105465206725e+01
1.995191579711990792e+00 5.781175816721339800e+01
1.999608896397676583e+00 5.854006059488545333e+01
2.003981895869947571e+00 5.926994575172198410e+01
2.008311382462814709e+00 6.000141758320098262e+01
2.012598138415801152e+00 6.073446328337165312e+01
2.016842924694125738e+00 6.146906223393588675e+01
2.021046481770592429e+00 6.220520283864492939e+01
2.025209530371309796e+00 6.294286240345962113e+01
2.029332772187271150e+00 6.368202587989817687e+01
2.033416890553663148e+00 6.442271652602352106e+01
2.054826893857240044e+00 6.834742280134312864e+01
2.081659194308953520e+00 7.332122482436642485e+01
2.108508798431556475e+00 7.835958974133562549e+01
2.135375512297116973e+00 8.346254321938720011e+01
2.162259135930651333e+00 8.863012759234823079e+01
2.189159483740694245e+00 9.386237269972816932e+01
2.216076368585689238e+00 9.915934358109385016e+01
2.243009618563235996e+00 1.045210726884196930e+02
2.269959034335814696e+00 1.099475495918835293e+02
2.296924464679091837e+00 1.154388849319846884e+02
2.323905732773058119e+00 1.209950871879518530e+02
2.350902675008825327e+00 1.266161869575771419e+02
2.377915125134657526e+00 1.323022146019972922e+02
2.404942928457906692e+00 1.380532577619023300e+02
2.431985927361948185e+00 1.438693076957990229e+02
2.459043988453554874e+00 1.497503873132943113e+02
2.486116908592722829e+00 1.556965695766680824e+02
2.513204597122570938e+00 1.617078837442716406e+02
2.540306892466459132e+00 1.677843294612796967e+02
2.567423644064465993e+00 1.739259930593215415e+02
2.594554736880620549e+00 1.801328933469678759e+02
2.621700020347754734e+00 1.864050456690112867e+02
2.648859357717483931e+00 1.927424924878067429e+02
2.676032629460310286e+00 1.991452681917825203e+02
2.703219704559434611e+00 2.056133306889747132e+02
2.730420458159549479e+00 2.121469520223376719e+02
2.757634768028249805e+00 2.187459215485955326e+02
2.784862513262413408e+00 2.254103563916128792e+02
2.812103575022057544e+00 2.321402796709678000e+02
2.839357838065889261e+00 2.389357394259821490e+02
2.866625188757408349e+00 2.457967669457464694e+02
2.893905512088569054e+00 2.527231973717882454e+02
2.921198701054846580e+00 2.597155743981322757e+02
2.948504646773562055e+00 2.667734344679003016e+02
2.975823241525334950e+00 2.738970007293566482e+02
3.003154382346882034e+00 2.810862748744768282e+02
3.030497965653036196e+00 2.883412765463954202e+02
3.057853890464255375e+00 2.956620713954312691e+02
3.085222043215241960e+00 3.030486462284221147e+02
3.112602368723416557e+00 3.105010635812183750e+02
3.139994727846190159e+00 3.180193322666661402e+02
3.167399040916336617e+00 3.256034094277366080e+02
3.194815214037269424e+00 3.332535842870313445e+02
3.222243155902119849e+00 3.409695977979977783e+02
3.249682801791262676e+00 3.487516069126129423e+02
3.277133986933262744e+00 3.565996019227684997e+02
3.304596699854735142e+00 3.645136311857762053e+02
3.332070822636512553e+00 3.724937297745352680e+02
3.359556287975482114e+00 3.805399165832392896e+02
3.387052996135939242e+00 3.886522061438856213e+02
3.414560870280079818e+00 3.968306049930267250e+02
3.442079829352282072e+00 4.050752027096281154e+02
3.469609797611601376e+00 4.133859807834766684e+02
3.497150677480689751e+00 4.217629962597750364e+02
3.524702432347874392e+00 4.302063348643568474e+02
3.552264932406822506e+00 4.387158526352544072e+02
3.579838143962970509e+00 4.472915754064654266e+02
3.607421975060707275e+00 4.559337058112974432e+02
3.635016357901731610e+00 4.646421880630177270e+02
3.662621221803660010e+00 4.734170493446341084e+02
3.690236487864023029e+00 4.822583080912527294e+02
3.717862087497838530e+00 4.911659867673184863e+02
3.745497959894855455e+00 5.001401123488196276e+02
3.773144029484430728e+00 5.091807053469116227e+02
3.800800231395143225e+00 5.182878118777903182e+02
3.828466500597554223e+00 5.274614044141873137e+02
3.856142768785237873e+00 5.367015688854952487e+02
3.883828977223517498e+00 5.460083093495354660e+02
3.911525057560570673e+00 5.553816178037235431e+02
3.939230932509965033e+00 5.648215601188690016e+02
3.966946564580640988e+00 5.743281107154365372e+02
3.994671880209542891e+00 5.839013727600936363e+02
4.022406822185630837e+00 5.935413094860834917e+02
4.050151328610790635e+00 6.032479445824370714e+02
4.077905340287816927e+00 6.130213187551186138e+02
4.105668801408387303e+00 6.228614492329210179e+02
4.133441653958389139e+00 6.327684088363888577e+02
4.161223843139790546e+00 6.427420677118237791e+02
4.189015298496898687e+00 6.527826008360005972e+02
4.216815983039891691e+00 6.628899757966719335e+02
4.244625834305689516e+00 6.730640898703301218e+02
4.272444800894122707e+00 6.833053364708450772e+02
4.300272823621724250e+00 6.936133788377048859e+02
4.328109854452106831e+00 7.039883602687144730e+02
4.355955841451065069e+00 7.144302942750113061e+02
4.383810742378527081e+00 7.249391879829837535e+02
4.411674473734770174e+00 7.355151127800839959e+02
4.439547043370528634e+00 7.461580340101605771e+02
4.467428315158165297e+00 7.568680069990610946e+02
4.495318309501322496e+00 7.676450354629332651e+02
4.523216970374109636e+00 7.784891483760850406e+02
4.551124235869372647e+00 7.894003339342522167e+02
4.579040045921979996e+00 8.003786671258420711e+02
4.606964380452473584e+00 8.114241473439152514e+02
4.634897178124103512e+00 8.225367870085356117e+02
4.662838398325933831e+00 8.337165959807999798e+02
4.690787985621208911e+00 8.449635903681850095e+02
4.718745905926528650e+00 8.562778286411842146e+02
4.746712111096771380e+00 8.676593569500993226e+02
4.774686559105584038e+00 8.791081277286102704e+02
