0.000000000000000000e+00 7.160815089516077148e-01
2.560000000000000000e+02 7.159690293959779517e-01
5.119999999999999432e+02 7.155543910023623999e-01
7.679999999999998863e+02 7.148667643377891734e-01
1.023999999999999886e+03 7.139014413969825279e-01
1.280000000000000000e+03 7.120827200671928647e-01
1.536000000000000000e+03 7.091733506799724474e-01
1.792000000000000000e+03 6.827167522719063131e-01
2.047999999999999773e+03 7.327492305860022759e-01
2.304000000000000000e+03 8.994671828653839629e-01
2.560000000000000000e+03 9.371638476956688502e-01
2.816000000000000000e+03 9.533031106549227918e-01
3.072000000000000000e+03 9.681684977547411197e-01
3.328000000000000000e+03 9.732095433123416628e-01
3.584000000000000000e+03 9.745575422844584557e-01
3.840000000000000000e+03 9.753203672510076805e-01
4.096000000000000000e+03 9.756412413648148929e-01
4.351999999999999091e+03 9.757810567625290199e-01
4.607999999999999091e+03 9.758007052068047305e-01
4.863999999999999091e+03 9.757932549781814791e-01
5.119999999999999091e+03 9.757828143496408702e-01
5.375999999999999091e+03 9.758229690613738905e-01
5.631999999999999091e+03 9.759051170017147836e-01
