0.000000000000000000e+00 7.606790831375599415e-01
2.560000000000000000e+02 7.594718135696315597e-01
5.119999999999999432e+02 7.591861169363371964e-01
7.679999999999998863e+02 7.598458728363619574e-01
1.023999999999999886e+03 7.578903865349956304e-01
1.280000000000000000e+03 7.581097261364777573e-01
1.536000000000000000e+03 7.562896544140235155e-01
1.792000000000000000e+03 7.527267102284352918e-01
2.047999999999999773e+03 7.111719335846627965e-01
2.304000000000000000e+03 7.970726224115988190e-01
2.560000000000000000e+03 8.172948879785583154e-01
2.816000000000000000e+03 8.958788414133610489e-01
3.072000000000000000e+03 9.249683299960185234e-01
3.328000000000000000e+03 9.370361078134844535e-01
3.584000000000000000e+03 9.608310307836788189e-01
3.840000000000000000e+03 9.684534881602199219e-01
4.096000000000000000e+03 9.730255312878387519e-01
4.351999999999999091e+03 9.744846067662533695e-01
4.607999999999999091e+03 9.756080493454718505e-01
4.863999999999999091e+03 9.758110902336873949e-01
5.119999999999999091e+03 9.758828633716362111e-01
