0.000000000000000000e+00 6.088534034591516209e-01
2.560000000000000000e+02 6.070982530532199606e-01
5.119999999999999432e+02 6.078560123486819178e-01
7.679999999999998863e+02 6.289561448011440348e-01
1.023999999999999886e+03 6.062515631042317832e-01
1.280000000000000000e+03 6.074169503428528127e-01
1.536000000000000000e+03 6.051347751491799043e-01
1.792000000000000000e+03 6.053994740874582003e-01
2.047999999999999773e+03 6.044708538595946479e-01
2.304000000000000000e+03 5.959522252974325252e-01
2.560000000000000000e+03 6.644546533119357612e-01
2.816000000000000000e+03 6.749727231260015392e-01
3.072000000000000000e+03 8.761607328300036190e-01
3.328000000000000000e+03 8.235557324729181339e-01
3.584000000000000000e+03 9.118884324285058129e-01
3.840000000000000000e+03 8.940373185702943371e-01
4.096000000000000000e+03 9.273300541115656603e-01
4.351999999999999091e+03 9.420270422226413309e-01
4.607999999999999091e+03 9.521352878102110617e-01
4.863999999999999091e+03 9.655887203967583599e-01
