0.000000000000000000e+00 6.969022966069662317e-01
2.560000000000000000e+02 6.965492374709437717e-01
5.119999999999999432e+02 6.957977024980800396e-01
7.679999999999998863e+02 6.952526570901932379e-01
1.023999999999999886e+03 6.949477237628228776e-01
1.280000000000000000e+03 6.940317952665425727e-01
1.536000000000000000e+03 6.925006797609550846e-01
1.792000000000000000e+03 6.893870108142158282e-01
2.047999999999999773e+03 6.895869328717894042e-01
2.304000000000000000e+03 7.258787412459946076e-01
2.560000000000000000e+03 7.887622546151827896e-01
2.816000000000000000e+03 8.355118257268737691e-01
3.072000000000000000e+03 8.882489701481459665e-01
3.328000000000000000e+03 8.971837837477097954e-01
3.584000000000000000e+03 9.162597614359964115e-01
3.840000000000000000e+03 9.243647477896170805e-01
4.096000000000000000e+03 9.314879674941047849e-01
4.351999999999999091e+03 9.442653130562039809e-01
4.607999999999999091e+03 9.464427721051429376e-01
4.863999999999999091e+03 9.441399605132336781e-01
5.119999999999999091e+03 9.419188502679087804e-01
5.375999999999999091e+03 9.447468907340642597e-01
5.631999999999999091e+03 9.466684362916893969e-01
