0.000000000000000000e+00 6.336594755522884093e-01
2.560000000000000000e+02 6.328143644355866959e-01
5.119999999999999432e+02 6.326565690148531207e-01
7.679999999999998863e+02 6.327143115697932974e-01
1.023999999999999886e+03 6.318623264770790726e-01
1.280000000000000000e+03 7.531402611780934064e-01
1.536000000000000000e+03 6.310475070082341986e-01
1.792000000000000000e+03 6.301015284987411258e-01
2.047999999999999773e+03 6.281708678201358698e-01
2.304000000000000000e+03 5.878784146542269662e-01
2.560000000000000000e+03 6.828821640460023268e-01
2.816000000000000000e+03 7.079275473015811393e-01
3.072000000000000000e+03 8.167160667137767227e-01
3.328000000000000000e+03 8.351560033913085768e-01
3.584000000000000000e+03 8.605102691287032091e-01
3.840000000000000000e+03 8.681834913829854505e-01
4.096000000000000000e+03 8.841982179232188432e-01
4.351999999999999091e+03 8.918236793717471134e-01
4.607999999999999091e+03 8.977430114563871300e-01
4.863999999999999091e+03 9.026202259298655717e-01
5.119999999999999091e+03 9.067917621862986444e-01
5.375999999999999091e+03 9.110127935494344298e-01
5.631999999999999091e+03 9.130272847537233005e-01
5.887999999999999091e+03 9.137921925824300518e-01
