0.000000000000000000e+00 6.779041825995931747e-01
2.560000000000000000e+02 6.777399487190592930e-01
5.119999999999999432e+02 6.773474275434431258e-01
7.679999999999998863e+02 6.766725396039239282e-01
1.023999999999999886e+03 6.763361192669361532e-01
1.280000000000000000e+03 6.758789582188876599e-01
1.536000000000000000e+03 6.749728263258885086e-01
1.792000000000000000e+03 6.739035383116437350e-01
2.047999999999999773e+03 6.689375214417714322e-01
2.304000000000000000e+03 8.056244217471499880e-01
2.560000000000000000e+03 6.669066216175556505e-01
2.816000000000000000e+03 8.326509977371594484e-01
3.072000000000000000e+03 8.229275209010582515e-01
3.328000000000000000e+03 8.465370062360206838e-01
3.584000000000000000e+03 8.634394134342862070e-01
3.840000000000000000e+03 8.720931880800991687e-01
4.096000000000000000e+03 8.755508524030986006e-01
4.351999999999999091e+03 8.832344025842296942e-01
4.607999999999999091e+03 8.872145669431998893e-01
4.863999999999999091e+03 8.876917675492124182e-01
5.119999999999999091e+03 8.916303628276268656e-01
5.375999999999999091e+03 8.908275445499220790e-01
5.631999999999999091e+03 8.907007110284558271e-01
