0.000000000000000000e+00 7.992165161333284473e-01
2.560000000000000000e+02 7.985457953322226965e-01
5.119999999999999432e+02 7.985414551109563108e-01
7.679999999999998863e+02 7.982687034780987512e-01
1.023999999999999886e+03 7.968818082259790936e-01
1.280000000000000000e+03 7.960793491935109767e-01
1.536000000000000000e+03 7.852115716558788483e-01
1.792000000000000000e+03 8.172201451227593116e-01
2.047999999999999773e+03 7.976307311456820592e-01
2.304000000000000000e+03 9.572307649750831926e-01
2.560000000000000000e+03 9.767169790788826633e-01
2.816000000000000000e+03 9.767248725757216032e-01
3.072000000000000000e+03 9.766222912188055050e-01
3.328000000000000000e+03 9.765408113989009209e-01
3.584000000000000000e+03 9.764858144747380342e-01
3.840000000000000000e+03 9.766212701639277460e-01
4.096000000000000000e+03 9.766712904186949373e-01
4.351999999999999091e+03 9.765807262078375350e-01
4.607999999999999091e+03 9.765075948968924280e-01
4.863999999999999091e+03 9.764558354086790848e-01
5.119999999999999091e+03 9.764252943071769497e-01
5.375999999999999091e+03 9.764576098548553018e-01
5.631999999999999091e+03 9.764793444366887121e-01
