0.000000000000000000e+00 6.722273747684511802e-01
2.560000000000000000e+02 6.702565913632022587e-01
5.119999999999999432e+02 6.702267417672490568e-01
7.679999999999998863e+02 6.711967748291799429e-01
1.023999999999999886e+03 6.690033454567058113e-01
1.280000000000000000e+03 6.700105132563447530e-01
1.536000000000000000e+03 6.672585639077097674e-01
1.792000000000000000e+03 6.648090371640437146e-01
2.047999999999999773e+03 9.580264960879892877e-01
2.304000000000000000e+03 8.099505060562915970e-01
2.560000000000000000e+03 8.840935428006542196e-01
2.816000000000000000e+03 9.652116811383378847e-01
3.072000000000000000e+03 9.754785052161422110e-01
3.328000000000000000e+03 9.754654146396232184e-01
3.584000000000000000e+03 9.756839527294844938e-01
3.840000000000000000e+03 9.766318879467895675e-01
4.096000000000000000e+03 9.766870793490881608e-01
4.351999999999999091e+03 9.766303126339995755e-01
4.607999999999999091e+03 9.764997208328225486e-01
4.863999999999999091e+03 9.766010763696146846e-01
5.119999999999999091e+03 9.765477182408049961e-01
5.375999999999999091e+03 9.765818390575429220e-01
5.631999999999999091e+03 9.765736044779591563e-01
5.887999999999999091e+03 9.765490179852136521e-01
6.143999999999999091e+03 9.765213658288443010e-01
