1.000000000000000021e-03 5.250571834579215516e-03
1.470558407448009641e-03 5.250571540142882562e-03
6.176142481928105846e-03 5.250562426954704515e-03
1.617614248192810605e-02 5.250505815496126286e-03
2.617614248192810800e-02 5.250398550364568026e-03
3.617614248192810994e-02 5.250240631878708847e-03
4.617614248192811188e-02 5.250032060507668283e-03
5.617614248192811383e-02 5.249772836871054865e-03
6.617614248192811577e-02 5.249462961738934896e-03
7.617614248192811077e-02 5.249102436031851532e-03
8.617614248192810578e-02 5.248691260820823046e-03
9.617614248192810078e-02 5.248229437327332422e-03
1.061761424819280958e-01 5.247716966923334295e-03
1.161761424819280908e-01 5.247153851131249741e-03
1.261761424819280997e-01 5.246540091623959345e-03
1.361761424819281086e-01 5.245875690224817076e-03
1.461761424819281174e-01 5.245160648907624262e-03
1.561761424819281263e-01 5.244394969796655620e-03
1.661761424819281352e-01 5.243578655166628022e-03
1.761761424819281441e-01 5.242711707442723051e-03
1.861761424819281530e-01 5.241794129200564450e-03
1.961761424819281618e-01 5.240825923166225059e-03
2.061761424819281707e-01 5.239807092216216405e-03
2.161761424819281796e-01 5.238737639377499117e-03
2.261761424819281885e-01 5.237617567827463835e-03
2.361761424819281974e-01 5.236446880893934688e-03
2.461761424819282063e-01 5.235225582055164084e-03
2.561761424819282151e-01 5.233953674939827508e-03
2.661761424819282240e-01 5.232631163327021787e-03
2.761761424819282329e-01 5.231258051146254681e-03
2.861761424819282418e-01 5.229834342477455295e-03
2.961761424819282507e-01 5.228360041550944581e-03
3.061761424819282595e-01 5.226835152747452695e-03
3.161761424819282684e-01 5.225259680598094703e-03
3.261761424819282773e-01 5.223633629784387930e-03
3.361761424819282862e-01 5.221957005138224209e-03
3.461761424819282951e-01 5.220229811641869874e-03
3.561761424819283040e-01 5.218452054427972706e-03
3.661761424819283128e-01 5.216623738779541108e-03
3.761761424819283217e-01 5.214744870129940646e-03
3.861761424819283306e-01 5.212815454062890569e-03
3.961761424819283395e-01 5.210835496312456877e-03
4.061761424819283484e-01 5.208805002763043646e-03
4.161761424819283572e-01 5.206723979449386086e-03
4.261761424819283661e-01 5.204592432556543607e-03
4.361761424819283750e-01 5.202410368419889408e-03
4.461761424819283839e-01 5.200177793525108741e-03
4.561761424819283928e-01 5.197894714508188505e-03
4.661761424819284017e-01 5.195561138155405101e-03
4.761761424819284105e-01 5.193177071403326170e-03
4.861761424819284194e-01 5.190742521338788037e-03
4.961761424819284283e-01 5.188257495198902655e-03
5.061761424819284372e-01 5.185722000371036783e-03
5.161761424819284461e-01 5.183136044392810254e-03
5.261761424819284549e-01 5.180499634952080365e-03
5.361761424819284638e-01 5.177812779886940137e-03
5.461761424819284727e-01 5.175075487185704440e-03
5.561761424819284816e-01 5.172287764986896116e-03
5.661761424819284905e-01 5.169449621579252918e-03
5.761761424819284994e-01 5.166561065401692812e-03
5.861761424819285082e-01 5.163622105043329594e-03
5.961761424819285171e-01 5.160632749243441661e-03
6.061761424819285260e-01 5.157593006891472015e-03
6.161761424819285349e-01 5.154502887027016117e-03
6.261761424819285438e-01 5.151362398839809745e-03
6.361761424819285526e-01 5.148171551669725524e-03
6.461761424819285615e-01 5.144930355006741701e-03
6.561761424819285704e-01 5.141638818490957760e-03
6.661761424819285793e-01 5.138296951912570132e-03
6.761761424819285882e-01 5.134904765211847910e-03
6.861761424819285971e-01 5.131462268479141525e-03
6.961761424819286059e-01 5.127969471954861927e-03
7.061761424819286148e-01 5.124426386029468442e-03
7.161761424819286237e-01 5.120833021243460098e-03
7.261761424819286326e-01 5.117189388287356547e-03
7.361761424819286415e-01 5.113495498001696324e-03
7.461761424819286503e-01 5.109751361377002157e-03
7.561761424819286592e-01 5.105956989553801784e-03
7.661761424819286681e-01 5.102112393822577641e-03
7.761761424819286770e-01 5.098217585623791154e-03
7.861761424819286859e-01 5.094272576547832429e-03
7.961761424819286947e-01 5.090277378335039335e-03
8.061761424819287036e-01 5.086232002875655869e-03
8.161761424819287125e-01 5.082136462209842567e-03
8.261761424819287214e-01 5.077990768527647011e-03
8.361761424819287303e-01 5.073794934168989954e-03
8.461761424819287392e-01 5.069548971623661845e-03
8.561761424819287480e-01 5.065252893531295084e-03
8.661761424819287569e-01 5.060906712681360539e-03
8.761761424819287658e-01 5.056510442013148476e-03
8.861761424819287747e-01 5.052064094615752940e-03
8.961761424819287836e-01 5.047567683728054408e-03
9.061761424819287924e-01 5.043021222738711118e-03
9.161761424819288013e-01 5.038424725186129577e-03
9.261761424819288102e-01 5.033778204758473235e-03
9.361761424819288191e-01 5.029081675293620851e-03
9.461761424819288280e-01 5.024335150779171699e-03
9.561761424819288369e-01 5.019538645352412606e-03
9.661761424819288457e-01 5.014692173300314484e-03
9.761761424819288546e-01 5.009795749059508044e-03
9.861761424819288635e-01 5.004849387216271650e-03
9.961761424819288724e-01 4.999853102506515712e-03
1.006176142481928881e+00 4.994806909815758394e-03
1.016176142481928890e+00 4.989710824179115212e-03
1.026176142481928899e+00 4.984564860781288617e-03
1.036176142481928908e+00 4.979369034956535045e-03
1.046176142481928917e+00 4.974123362188654501e-03
1.056176142481928926e+00 4.968827858110978421e-03
1.066176142481928935e+00 4.963482538506347116e-03
1.076176142481928943e+00 4.958087419307094165e-03
1.086176142481928952e+00 4.952642516595029062e-03
1.096176142481928961e+00 4.947147846601407731e-03
1.106176142481928970e+00 4.941603425706937724e-03
1.116176142481928979e+00 4.936009270441738331e-03
1.126176142481928988e+00 4.930365397485330162e-03
1.136176142481928997e+00 4.924671823666616072e-03
1.146176142481929006e+00 4.918928565963872485e-03
1.156176142481929014e+00 4.913135641504709494e-03
1.166176142481929023e+00 4.907293067566067396e-03
1.176176142481929032e+00 4.901400861574201073e-03
1.186176142481929041e+00 4.895459041104640099e-03
1.196176142481929050e+00 4.889467623882197411e-03
1.206176142481929059e+00 4.883426627780925941e-03
1.216176142481929068e+00 4.877336070824115147e-03
1.226176142481929077e+00 4.871195971184258053e-03
1.236176142481929086e+00 4.865006347183044311e-03
1.246176142481929094e+00 4.858767217291330709e-03
1.256176142481929103e+00 4.852478600129127295e-03
1.266176142481929112e+00 4.846140514465566151e-03
1.276176142481929121e+00 4.839752979218903128e-03
1.286176142481929130e+00 4.833316013456474478e-03
1.296176142481929139e+00 4.826829636394686443e-03
1.306176142481929148e+00 4.820293867398996179e-03
1.316176142481929157e+00 4.813708725983885731e-03
1.326176142481929165e+00 4.807074231812844683e-03
1.336176142481929174e+00 4.800390404698352820e-03
1.346176142481929183e+00 4.793657264601847157e-03
1.356176142481929192e+00 4.786874831633708069e-03
1.366176142481929201e+00 4.780043126053247146e-03
1.376176142481929210e+00 4.773162168268663824e-03
1.386176142481929219e+00 4.766231978837047120e-03
1.396176142481929228e+00 4.759252578464340938e-03
1.406176142481929237e+00 4.752223988005318048e-03
1.416176142481929245e+00 4.745146228463569676e-03
1.426176142481929254e+00 4.738019320991477754e-03
1.436176142481929263e+00 4.730843286890188890e-03
1.446176142481929272e+00 4.723618147609607437e-03
1.456176142481929281e+00 4.716343924748352123e-03
1.466176142481929290e+00 4.709020640053749110e-03
1.476176142481929299e+00 4.701648315421802504e-03
1.486176142481929308e+00 4.694226972897168337e-03
1.496176142481929316e+00 4.686756634673144156e-03
1.506176142481929325e+00 4.679237323091632594e-03
1.516176142481929334e+00 4.671669060643130963e-03
1.526176142481929343e+00 4.664051869966698294e-03
1.536176142481929352e+00 4.656385773849931048e-03
1.546176142481929361e+00 4.648670795228952712e-03
1.556176142481929370e+00 4.640906957188373899e-03
1.566176142481929379e+00 4.633094282961278468e-03
1.576176142481929388e+00 4.625232795929204443e-03
1.586176142481929396e+00 4.617322519622111057e-03
1.596176142481929405e+00 4.609363477718352725e-03
1.606176142481929414e+00 4.601355694044665171e-03
1.616176142481929423e+00 4.593299192576139403e-03
1.626176142481929432e+00 4.585193997436188759e-03
1.636176142481929441e+00 4.577040132896535024e-03
1.646176142481929450e+00 4.568837623377180676e-03
1.656176142481929459e+00 4.560586493446384601e-03
1.666176142481929467e+00 4.552286767820630867e-03
1.676176142481929476e+00 4.543938471364618314e-03
1.686176142481929485e+00 4.535541629091222396e-03
1.696176142481929494e+00 4.527096266161484764e-03
1.706176142481929503e+00 4.518602407884569905e-03
1.716176142481929512e+00 4.510060079717756465e-03
1.726176142481929521e+00 4.501469307266400821e-03
1.736176142481929530e+00 4.492830116283921468e-03
1.746176142481929539e+00 4.484142532671769529e-03
1.756176142481929547e+00 4.475406582479400999e-03
1.766176142481929556e+00 4.466622291904261133e-03
1.776176142481929565e+00 4.457789687291744546e-03
1.786176142481929574e+00 4.448908795135181338e-03
1.796176142481929583e+00 4.439979642075807600e-03
1.806176142481929592e+00 4.431002254902735929e-03
1.816176142481929601e+00 4.421976660552939808e-03
1.826176142481929610e+00 4.412902886111220654e-03
1.836176142481929618e+00 4.403780958810174853e-03
1.846176142481929627e+00 4.394610906030188557e-03
1.856176142481929636e+00 4.385392755299389114e-03
1.866176142481929645e+00 4.376126534293631187e-03
1.876176142481929654e+00 4.366812270836474205e-03
1.886176142481929663e+00 4.357449992899145932e-03
1.896176142481929672e+00 4.348039728600516449e-03
1.906176142481929681e+00 4.338581506207084271e-03
1.916176142481929690e+00 4.329075354132934719e-03
1.926176142481929698e+00 4.319521300939726041e-03
1.936176142481929707e+00 4.309919375336651245e-03
1.946176142481929716e+00 4.300269606180417287e-03
1.956176142481929725e+00 4.290572022475229452e-03
1.966176142481929734e+00 4.280826653372741056e-03
1.976176142481929743e+00 4.271033528172041294e-03
1.986176142481929752e+00 4.261192676319630959e-03
1.996176142481929761e+00 4.251304127409387748e-03
2.006176142481929769e+00 4.241367911182540237e-03
2.016176142481929556e+00 4.231384057527645334e-03
2.026176142481929343e+00 4.221352596480553582e-03
2.036176142481929130e+00 4.211273558224393546e-03
2.046176142481928917e+00 4.201146973089528447e-03
2.056176142481928704e+00 4.190972871553550957e-03
2.066176142481928490e+00 4.180751284241227689e-03
2.076176142481928277e+00 4.170482241924497457e-03
2.086176142481928064e+00 4.160165775522426182e-03
2.096176142481927851e+00 4.149801916101191271e-03
2.106176142481927638e+00 4.139390694874045193e-03
2.116176142481927425e+00 4.128932143201292926e-03
2.126176142481927211e+00 4.118426292590260732e-03
2.136176142481926998e+00 4.107873174695271870e-03
2.146176142481926785e+00 4.097272821317613639e-03
2.156176142481926572e+00 4.086625264405513089e-03
2.166176142481926359e+00 4.075930536054114470e-03
2.176176142481926146e+00 4.065188668505437600e-03
2.186176142481925933e+00 4.054399694148355313e-03
2.196176142481925719e+00 4.043563645518574376e-03
2.206176142481925506e+00 4.032680555298599062e-03
2.216176142481925293e+00 4.021750456317696454e-03
2.226176142481925080e+00 4.010773381551886035e-03
2.236176142481924867e+00 3.999749364123887652e-03
2.246176142481924654e+00 3.988678437303116303e-03
2.256176142481924440e+00 3.977560634505637044e-03
2.266176142481924227e+00 3.966395989294140695e-03
2.276176142481924014e+00 3.955184535377926497e-03
2.286176142481923801e+00 3.943926306612850069e-03
2.296176142481923588e+00 3.932621337001321674e-03
2.306176142481923375e+00 3.921269660692252440e-03
2.316176142481923161e+00 3.909871311981045691e-03
2.326176142481922948e+00 3.898426325309549672e-03
2.336176142481922735e+00 3.886934735266051478e-03
2.346176142481922522e+00 3.875396576585225013e-03
2.356176142481922309e+00 3.863811884148110175e-03
2.366176142481922096e+00 3.852180692982090735e-03
2.376176142481921882e+00 3.840503038260854440e-03
2.386176142481921669e+00 3.828778955304373930e-03
2.396176142481921456e+00 3.817008479578872047e-03
2.406176142481921243e+00 3.805191646694541536e-03
2.416176142481921030e+00 3.793328492380418446e-03
2.426176142481920817e+00 3.781419052492224816e-03
2.436176142481920603e+00 3.769463363030466172e-03
2.446176142481920390e+00 3.757461460140742917e-03
2.456176142481920177e+00 3.745413380113722570e-03
2.466176142481919964e+00 3.733319159385142371e-03
2.476176142481919751e+00 3.721178834535783259e-03
2.486176142481919538e+00 3.708992442291478547e-03
2.496176142481919324e+00 3.696760019523086162e-03
2.506176142481919111e+00 3.684481603246488653e-03
2.516176142481918898e+00 3.672157230622594918e-03
2.526176142481918685e+00 3.659786938957307247e-03
2.536176142481918472e+00 3.647370765701533468e-03
2.546176142481918259e+00 3.634908748451174797e-03
2.556176142481918045e+00 3.622400924947113705e-03
2.566176142481917832e+00 3.609847333075212172e-03
2.576176142481917619e+00 3.597248010866304756e-03
2.586176142481917406e+00 3.584602996496193388e-03
2.596176142481917193e+00 3.571912328285639562e-03
2.606176142481916980e+00 3.559176044700360000e-03
2.616176142481916767e+00 3.546394184351027521e-03
2.626176142481916553e+00 3.533566785993259764e-03
2.636176142481916340e+00 3.520693888527616586e-03
2.646176142481916127e+00 3.507775530999602664e-03
2.656176142481915914e+00 3.494811752599659687e-03
2.666176142481915701e+00 3.481802592663165493e-03
2.676176142481915488e+00 3.468748090670436667e-03
2.686176142481915274e+00 3.455648286246719002e-03
2.696176142481915061e+00 3.442503219162195739e-03
2.706176142481914848e+00 3.429312929331978892e-03
2.716176142481914635e+00 3.416077456816119223e-03
2.726176142481914422e+00 3.402796841819602340e-03
2.736176142481914209e+00 3.389471124692343060e-03
2.746176142481913995e+00 3.376100345929198849e-03
2.756176142481913782e+00 3.362684546169964189e-03
2.766176142481913569e+00 3.349223766199383150e-03
2.776176142481913356e+00 3.335718046947136819e-03
2.786176142481913143e+00 3.322167429487861510e-03
2.796176142481912930e+00 3.308571955041148330e-03
2.806176142481912716e+00 3.294931664971543616e-03
2.816176142481912503e+00 3.281246600788563245e-03
2.826176142481912290e+00 3.267516804146696104e-03
2.836176142481912077e+00 3.253742316845400617e-03
2.846176142481911864e+00 3.239923180829127301e-03
2.856176142481911651e+00 3.226059438187318766e-03
2.866176142481911437e+00 3.212151131154410144e-03
2.876176142481911224e+00 3.198198302109851211e-03
2.886176142481911011e+00 3.184200993578113325e-03
2.896176142481910798e+00 3.170159248228690725e-03
2.906176142481910585e+00 3.156073108876122219e-03
2.916176142481910372e+00 3.141942618479984239e-03
2.926176142481910158e+00 3.127767820144929881e-03
2.936176142481909945e+00 3.113548757120673284e-03
2.946176142481909732e+00 3.099285472802017823e-03
2.956176142481909519e+00 3.084978010728871723e-03
2.966176142481909306e+00 3.070626414586245453e-03
2.976176142481909093e+00 3.056230728204285124e-03
2.986176142481908879e+00 3.041790995558269883e-03
2.996176142481908666e+00 3.027307260768645741e-03
3.006176142481908453e+00 3.012779568101027743e-03
3.016176142481908240e+00 2.998207961966221653e-03
3.026176142481908027e+00 2.983592486920239994e-03
3.036176142481907814e+00 2.968933187664320704e-03
3.046176142481907601e+00 2.954230109044946647e-03
3.056176142481907387e+00 2.939483296053857324e-03
3.066176142481907174e+00 2.924692793828081398e-03
3.076176142481906961e+00 2.909858647649947536e-03
3.086176142481906748e+00 2.894980902947106097e-03
3.096176142481906535e+00 2.880059605292551676e-03
3.106176142481906322e+00 2.865094800404646529e-03
3.116176142481906108e+00 2.850086534147139652e-03
3.126176142481905895e+00 2.835034852529196275e-03
3.136176142481905682e+00 2.819939801705411298e-03
3.146176142481905469e+00 2.804801427975845297e-03
3.156176142481905256e+00 2.789619777786040127e-03
3.166176142481905043e+00 2.774394897727048420e-03
3.176176142481904829e+00 2.759126834535460468e-03
3.186176142481904616e+00 2.743815635093431113e-03
3.196176142481904403e+00 2.728461346428704467e-03
3.206176142481904190e+00 2.713064015714644270e-03
3.216176142481903977e+00 2.697623690270260777e-03
3.226176142481903764e+00 2.682140417560239382e-03
3.236176142481903550e+00 2.666614245194975311e-03
3.246176142481903337e+00 2.651045220930597478e-03
3.256176142481903124e+00 2.635433392669001874e-03
3.266176142481902911e+00 2.619778808457884963e-03
3.276176142481902698e+00 2.604081516490777508e-03
3.286176142481902485e+00 2.588341565107070592e-03
3.296176142481902271e+00 2.572559002792052917e-03
3.306176142481902058e+00 2.556733878176947229e-03
3.316176142481901845e+00 2.540866240038942847e-03
3.326176142481901632e+00 2.524956137301229055e-03
3.336176142481901419e+00 2.509003619033031100e-03
3.346176142481901206e+00 2.493008734449652253e-03
3.356176142481900992e+00 2.476971532912504177e-03
3.366176142481900779e+00 2.460892063929148547e-03
3.376176142481900566e+00 2.444770377153333493e-03
3.386176142481900353e+00 2.428606522385032187e-03
3.396176142481900140e+00 2.412400549570484914e-03
3.406176142481899927e+00 2.396152508802235938e-03
3.416176142481899713e+00 2.379862450319177297e-03
3.426176142481899500e+00 2.363530424506587405e-03
3.436176142481899287e+00 2.347156481896174422e-03
3.446176142481899074e+00 2.330740673166118750e-03
3.456176142481898861e+00 2.314283049141117703e-03
3.466176142481898648e+00 2.297783660792423240e-03
3.476176142481898435e+00 2.281242559237894440e-03
3.486176142481898221e+00 2.264659795742035228e-03
3.496176142481898008e+00 2.248035421716043820e-03
3.506176142481897795e+00 2.231369488717859558e-03
3.516176142481897582e+00 2.214662048452208445e-03
3.526176142481897369e+00 2.197913152770648252e-03
3.536176142481897156e+00 2.181122853671619687e-03
3.546176142481896942e+00 2.164291203300491070e-03
3.556176142481896729e+00 2.147418253949610802e-03
3.566176142481896516e+00 2.130504058058355944e-03
3.576176142481896303e+00 2.113548668213185121e-03
3.586176142481896090e+00 2.096552137147680156e-03
3.596176142481895877e+00 2.079514517742608523e-03
3.606176142481895663e+00 2.062435863025970616e-03
3.616176142481895450e+00 2.045316226173047452e-03
3.626176142481895237e+00 2.028155660506464428e-03
3.636176142481895024e+00 2.010954219496232515e-03
3.646176142481894811e+00 1.993711956759813310e-03
3.656176142481894598e+00 1.976428926062169349e-03
3.666176142481894384e+00 1.959105181315814407e-03
3.676176142481894171e+00 1.941740776580879423e-03
3.686176142481893958e+00 1.924335766065162368e-03
3.696176142481893745e+00 1.906890204124183762e-03
3.706176142481893532e+00 1.889404145261249120e-03
3.716176142481893319e+00 1.871877644127504462e-03
3.726176142481893105e+00 1.854310755521993564e-03
3.736176142481892892e+00 1.836703534391721272e-03
3.746176142481892679e+00 1.819056035831709446e-03
3.756176142481892466e+00 1.801368315085059412e-03
3.766176142481892253e+00 1.783640427543007473e-03
3.776176142481892040e+00 1.765872428744992562e-03
3.786176142481891826e+00 1.748064374378716090e-03
3.796176142481891613e+00 1.730216320280201364e-03
3.806176142481891400e+00 1.712328322433860801e-03
3.816176142481891187e+00 1.694400436972556649e-03
3.826176142481890974e+00 1.676432720177660398e-03
3.836176142481890761e+00 1.658425228479127808e-03
3.846176142481890547e+00 1.640378018455553553e-03
3.856176142481890334e+00 1.622291146834243646e-03
3.866176142481890121e+00 1.604164670491272249e-03
3.876176142481889908e+00 1.585998646451554969e-03
3.886176142481889695e+00 1.567793131888918241e-03
3.896176142481889482e+00 1.549548184126154846e-03
3.906176142481889269e+00 1.531263860635105004e-03
3.916176142481889055e+00 1.512940219036714275e-03
3.926176142481888842e+00 1.494577317101105978e-03
3.936176142481888629e+00 1.476175212747651670e-03
3.946176142481888416e+00 1.457733964045037278e-03
3.956176142481888203e+00 1.439253629211333140e-03
3.966176142481887990e+00 1.420734266614065997e-03
3.976176142481887776e+00 1.402175934770290115e-03
3.986176142481887563e+00 1.383578692335933700e-03
3.996176142481887350e+00 1.364942598036894593e-03
4.006176142481887581e+00 1.346267710710207649e-03
4.016176142481887368e+00 1.327554089337559372e-03
4.026176142481887155e+00 1.308801793045489582e-03
4.036176142481886941e+00 1.290010881105388809e-03
4.046176142481886728e+00 1.271181412933496124e-03
4.056176142481886515e+00 1.252313448090892206e-03
4.066176142481886302e+00 1.233407046283496733e-03
4.076176142481886089e+00 1.214462267362067084e-03
4.086176142481885876e+00 1.195479171322189884e-03
4.096176142481885663e+00 1.176457818304281651e-03
4.106176142481885449e+00 1.157398268593578172e-03
4.116176142481885236e+00 1.138300582620132770e-03
4.126176142481885023e+00 1.119164820958815218e-03
4.136176142481884810e+00 1.099991044329297427e-03
4.146176142481884597e+00 1.080779313596055835e-03
4.156176142481884384e+00 1.061529689768366848e-03
4.166176142481884170e+00 1.042242234000292315e-03
4.176176142481883957e+00 1.022917007590682997e-03
4.186176142481883744e+00 1.003554071983168375e-03
4.196176142481883531e+00 9.841534887661523151e-04
4.206176142481883318e+00 9.647153196728013545e-04
4.216176142481883105e+00 9.452396265810449234e-04
4.226176142481882891e+00 9.257264715135658014e-04
4.236176142481882678e+00 9.061759166377890591e-04
4.246176142481882465e+00 8.865880242658811909e-04
4.256176142481882252e+00 8.669628568547394897e-04
4.266176142481882039e+00 8.473004770059820723e-04
4.276176142481881826e+00 8.276009474659409403e-04
4.286176142481881612e+00 8.078643311256556922e-04
4.296176142481881399e+00 7.880906910208635482e-04
4.306176142481881186e+00 7.682800903319880748e-04
4.316176142481880973e+00 7.484325923841318121e-04
4.326176142481880760e+00 7.285482606470706363e-04
4.336176142481880547e+00 7.086271587352331591e-04
4.346176142481880333e+00 6.886693504077024634e-04
4.356176142481880120e+00 6.686748995681970203e-04
4.366176142481879907e+00 6.486438702650654860e-04
4.376176142481879694e+00 6.285763266912715221e-04
4.386176142481879481e+00 6.084723331843810024e-04
4.396176142481879268e+00 5.883319542265561582e-04
4.406176142481879054e+00 5.681552544445412668e-04
4.416176142481878841e+00 5.479422986096437864e-04
4.426176142481878628e+00 5.276931516377300190e-04
4.436176142481878415e+00 5.074078785892065712e-04
4.446176142481878202e+00 4.870865446690089695e-04
4.456176142481877989e+00 4.667292152265826869e-04
4.466176142481877775e+00 4.463359557558762040e-04
4.476176142481877562e+00 4.259068318953229031e-04
4.486176142481877349e+00 4.054419094278200342e-04
4.496176142481877136e+00 3.849412542807214514e-04
4.506176142481876923e+00 3.644049325258170123e-04
4.516176142481876710e+00 3.438330103793188096e-04
4.526176142481876497e+00 3.232255542018353661e-04
4.536176142481876283e+00 3.025826304983671904e-04
4.546176142481876070e+00 2.819043059182789121e-04
4.556176142481875857e+00 2.611906472552807425e-04
4.566176142481875644e+00 2.404417214474192585e-04
4.576176142481875431e+00 2.196575955770448769e-04
4.586176142481875218e+00 1.988383368708025300e-04
4.596176142481875004e+00 1.779840126996016332e-04
4.606176142481874791e+00 1.570946905786045926e-04
4.616176142481874578e+00 1.361704381671988325e-04
4.626176142481874365e+00 1.152113232689759787e-04
4.636176142481874152e+00 9.421741383171093349e-05
4.646176142481873939e+00 7.318877794733639683e-05
4.656176142481873725e+00 5.212548385191998965e-05
4.666176142481873512e+00 3.102759992563828726e-05
4.676176142481873299e+00 9.895194692758604773e-06
4.686176142481873086e+00 -1.127166317839824530e-05
4.696176142481872873e+00 -3.247290487546944555e-05
4.706176142481872660e+00 -5.370846144209196968e-05
4.716176142481872446e+00 -7.497826377791873709e-05
4.726176142481872233e+00 -9.628224263865341583e-05
4.736176142481872020e+00 -1.176203286360736787e-04
4.746176142481871807e+00 -1.389924522380634039e-04
4.756176142481871594e+00 -1.603985437686431415e-04
4.766176142481871381e+00 -1.818385334079977060e-04
4.776176142481871167e+00 -2.033123511925108711e-04
4.786176142481870954e+00 -2.248199270147981392e-04
4.796176142481870741e+00 -2.463611906237341996e-04
4.806176142481870528e+00 -2.679360716244878933e-04
4.816176142481870315e+00 -2.895444994785615700e-04
4.826176142481870102e+00 -3.111864035038189248e-04
4.836176142481869888e+00 -3.328617128745220508e-04
4.846176142481869675e+00 -3.545703566213731267e-04
4.856176142481869462e+00 -3.763122636315423351e-04
4.866176142481869249e+00 -3.980873626487140492e-04
4.876176142481869036e+00 -4.198955822731217989e-04
4.886176142481868823e+00 -4.440013592453208487e-04
4.896176142481868609e+00 -4.712151122298665479e-04
4.906176142481868396e+00 -4.984698030114083182e-04
4.916176142481868183e+00 -5.257653420481112755e-04
4.926176142481867970e+00 -5.531016396199306580e-04
4.936176142481867757e+00 -5.804786058286660368e-04
4.946176142481867544e+00 -6.078961505980094542e-04
4.956176142481867331e+00 -6.353541836736039707e-04
4.966176142481867117e+00 -6.628526146231069824e-04
4.976176142481866904e+00 -6.903913528362383596e-04
4.986176142481866691e+00 -7.179703075248489684e-04
4.996176142481866478e+00 -7.455893877229748806e-04
5.006176142481866265e+00 -7.732485022869019925e-04
5.016176142481866052e+00 -8.009475598952319440e-04
5.026176142481865838e+00 -8.286864690489380639e-04
5.036176142481865625e+00 -8.564651380718046880e-04
5.046176142481865412e+00 -8.842834751838354532e-04
5.056176142481865199e+00 -9.121413885926792954e-04
5.066176142481864986e+00 -9.400387863390891399e-04
5.076176142481864773e+00 -9.679755762719848174e-04
5.086176142481864559e+00 -9.959516660481579440e-04
5.096176142481864346e+00 -1.023966963131975935e-03
5.106176142481864133e+00 -1.052021374795071703e-03
5.116176142481863920e+00 -1.080114808116055050e-03
5.126176142481863707e+00 -1.108247169980209950e-03
5.136176142481863494e+00 -1.136418367079188377e-03
5.146176142481863280e+00 -1.164628305910716914e-03
5.156176142481863067e+00 -1.192876892778294050e-03
5.166176142481862854e+00 -1.221164033790889201e-03
5.176176142481862641e+00 -1.249489634862646723e-03
5.186176142481862428e+00 -1.277853601712580604e-03
5.196176142481862215e+00 -1.306255839864278474e-03
5.206176142481862001e+00 -1.334696254645601496e-03
5.216176142481861788e+00 -1.363174751188379061e-03
5.226176142481861575e+00 -1.391691234428119517e-03
5.236176142481861362e+00 -1.420245609103700304e-03
5.246176142481861149e+00 -1.448837779757077395e-03
5.256176142481860936e+00 -1.477467650732979540e-03
5.266176142481860722e+00 -1.506135126178616843e-03
5.276176142481860509e+00 -1.534840110043378478e-03
5.286176142481860296e+00 -1.563582506078534757e-03
5.296176142481860083e+00 -1.592362217836941572e-03
5.306176142481859870e+00 -1.621179148672738770e-03
5.316176142481859657e+00 -1.650033201741060241e-03
5.326176142481859443e+00 -1.678924279997736626e-03
5.336176142481859230e+00 -1.707852286198992178e-03
5.346176142481859017e+00 -1.736817122901159610e-03
5.356176142481858804e+00 -1.765818692460380214e-03
5.366176142481858591e+00 -1.794856897032309599e-03
5.376176142481858378e+00 -1.823931638571832121e-03
5.386176142481858165e+00 -1.853042818832755997e-03
5.396176142481857951e+00 -1.882190339367529469e-03
5.406176142481857738e+00 -1.911374101526950448e-03
5.416176142481857525e+00 -1.940594006459872480e-03
5.426176142481857312e+00 -1.969849955112915919e-03
5.436176142481857099e+00 -1.999141848230179090e-03
5.446176142481856886e+00 -2.028469586352958133e-03
5.456176142481856672e+00 -2.057833069819446463e-03
5.466176142481856459e+00 -2.087232198764458081e-03
5.476176142481856246e+00 -2.116666873119142644e-03
5.486176142481856033e+00 -2.146136992610696639e-03
5.496176142481855820e+00 -2.175642456762084086e-03
5.506176142481855607e+00 -2.205183164891753346e-03
5.516176142481855393e+00 -2.234759016113361738e-03
5.526176142481855180e+00 -2.264369909335484099e-03
5.536176142481854967e+00 -2.294015743261349112e-03
5.546176142481854754e+00 -2.323696416388549603e-03
5.556176142481854541e+00 -2.353411827008774094e-03
5.566176142481854328e+00 -2.383161873207531416e-03
5.576176142481854114e+00 -2.412946452863878356e-03
5.586176142481853901e+00 -2.442765463650143840e-03
5.596176142481853688e+00 -2.472618803031660477e-03
5.606176142481853475e+00 -2.502506368266497853e-03
5.616176142481853262e+00 -2.532428056405196248e-03
5.626176142481853049e+00 -2.562383764290492982e-03
5.636176142481852835e+00 -2.592373388557069579e-03
5.646176142481852622e+00 -2.622396825631278551e-03
5.656176142481852409e+00 -2.652453971730891428e-03
5.666176142481852196e+00 -2.682544722864833343e-03
5.676176142481851983e+00 -2.712668974832929333e-03
5.686176142481851770e+00 -2.742826623225644994e-03
5.696176142481851556e+00 -2.773017563423838417e-03
5.706176142481851343e+00 -2.803241690598501281e-03
5.716176142481851130e+00 -2.833498899710511221e-03
5.726176142481850917e+00 -2.863789085510388532e-03
5.736176142481850704e+00 -2.894112142538045503e-03
5.746176142481850491e+00 -2.907534055850417853e-03
5.756176142481850277e+00 -2.898448847305571709e-03
5.766176142481850064e+00 -2.889353906255043552e-03
5.776176142481849851e+00 -2.880249264480694814e-03
5.786176142481849638e+00 -2.871134953827709970e-03
5.796176142481849425e+00 -2.862011006204667231e-03
5.806176142481849212e+00 -2.852877453583605762e-03
5.816176142481848999e+00 -2.843734328000097674e-03
5.826176142481848785e+00 -2.834581661553311777e-03
5.836176142481848572e+00 -2.825419486406082967e-03
5.846176142481848359e+00 -2.816247834784977276e-03
5.856176142481848146e+00 -2.807066738980356496e-03
5.866176142481847933e+00 -2.797876231327367340e-03
5.876176142481847720e+00 -2.788676344101035775e-03
5.886176142481847506e+00 -2.779467109591828109e-03
5.896176142481847293e+00 -2.770248560154575830e-03
5.906176142481847080e+00 -2.761020728208799999e-03
5.916176142481846867e+00 -2.751783646238821837e-03
5.926176142481846654e+00 -2.742537346793867681e-03
5.936176142481846441e+00 -2.733281862488174362e-03
5.946176142481846227e+00 -2.724017226001099364e-03
5.956176142481846014e+00 -2.714743470077221870e-03
5.966176142481845801e+00 -2.705460627526445980e-03
5.976176142481845588e+00 -2.696168731224106094e-03
5.986176142481845375e+00 -2.686867814111067090e-03
5.996176142481845162e+00 -2.677557909193829279e-03
6.006176142481844948e+00 -2.668239049544625548e-03
6.016176142481844735e+00 -2.658911268301521538e-03
6.026176142481844522e+00 -2.649574598668514962e-03
6.036176142481844309e+00 -2.640229073915634477e-03
6.046176142481844096e+00 -2.630874727379033367e-03
6.056176142481843883e+00 -2.621511592461088849e-03
6.066176142481843669e+00 -2.612139702630494886e-03
6.076176142481843456e+00 -2.602759091422358895e-03
6.086176142481843243e+00 -2.593369792438289349e-03
6.096176142481843030e+00 -2.583971839346492928e-03
6.106176142481842817e+00 -2.574565265881863414e-03
6.116176142481842604e+00 -2.565150105846071039e-03
6.126176142481842390e+00 -2.555726393107651817e-03
6.136176142481842177e+00 -2.546294161602094715e-03
6.146176142481841964e+00 -2.536853445331929257e-03
6.156176142481841751e+00 -2.527404278366809226e-03
6.166176142481841538e+00 -2.517946694843598530e-03
6.176176142481841325e+00 -2.508480728966454472e-03
6.186176142481841111e+00 -2.499006415006906241e-03
6.196176142481840898e+00 -2.489523787303941221e-03
6.206176142481840685e+00 -2.480032880264080447e-03
6.216176142481840472e+00 -2.470533728361456668e-03
6.226176142481840259e+00 -2.461026366137895015e-03
6.236176142481840046e+00 -2.451510828202984986e-03
6.246176142481839832e+00 -2.441987149234156780e-03
6.256176142481839619e+00 -2.432455363976754152e-03
6.266176142481839406e+00 -2.422915507244105537e-03
6.276176142481839193e+00 -2.413367613917597344e-03
6.286176142481838980e+00 -2.403811718946737702e-03
6.296176142481838767e+00 -2.394247857349231061e-03
6.306176142481838554e+00 -2.384676064211038900e-03
6.316176142481838340e+00 -2.375096374686447818e-03
6.326176142481838127e+00 -2.365508823998131987e-03
6.336176142481837914e+00 -2.355913447437215161e-03
6.346176142481837701e+00 -2.346310280363333566e-03
6.356176142481837488e+00 -2.336699358204690109e-03
6.366176142481837275e+00 -2.327080716458117694e-03
6.376176142481837061e+00 -2.317454390689131696e-03
6.386176142481836848e+00 -2.307820416531986343e-03
6.396176142481836635e+00 -2.298178829689726324e-03
6.406176142481836422e+00 -2.288529665934239260e-03
6.416176142481836209e+00 -2.278872961106305148e-03
6.426176142481835996e+00 -2.269208751115646232e-03
6.436176142481835782e+00 -2.259537071940969939e-03
6.446176142481835569e+00 -2.249857959630017883e-03
6.456176142481835356e+00 -2.240171450299607066e-03
6.466176142481835143e+00 -2.230477580135671514e-03
6.476176142481834930e+00 -2.220776385393303468e-03
6.486176142481834717e+00 -2.211067902396788958e-03
6.496176142481834503e+00 -2.201352167539648991e-03
6.506176142481834290e+00 -2.191629217284666881e-03
6.516176142481834077e+00 -2.181899088163929447e-03
6.526176142481833864e+00 -2.172161816778850861e-03
6.536176142481833651e+00 -2.162417439800208216e-03
6.546176142481833438e+00 -2.152665993989147288e-03
6.556176142481833224e+00 -2.142907516283773864e-03
6.566176142481833011e+00 -2.133142043721113733e-03
6.576176142481832798e+00 -2.123369613401110672e-03
6.586176142481832585e+00 -2.113590262486473789e-03
6.596176142481832372e+00 -2.103804028202584282e-03
6.606176142481832159e+00 -2.094010947837403498e-03
6.616176142481831945e+00 -2.084211058741374054e-03
6.626176142481831732e+00 -2.074404398327323127e-03
6.636176142481831519e+00 -2.064591004070361405e-03
6.646176142481831306e+00 -2.054770913507782040e-03
6.656176142481831093e+00 -2.044944164238956998e-03
6.666176142481830880e+00 -2.035110793925229075e-03
6.676176142481830666e+00 -2.025270840289806508e-03
6.686176142481830453e+00 -2.015424341117655858e-03
6.696176142481830240e+00 -2.005571334255384051e-03
6.706176142481830027e+00 -1.995711857611130822e-03
6.716176142481829814e+00 -1.985845949154451187e-03
6.726176142481829601e+00 -1.975973646916199221e-03
6.736176142481829388e+00 -1.966094988988408357e-03
6.746176142481829174e+00 -1.956210013524170392e-03
6.756176142481828961e+00 -1.946318758737512322e-03
6.766176142481828748e+00 -1.936421262903270787e-03
6.776176142481828535e+00 -1.926517564356967395e-03
6.786176142481828322e+00 -1.916607701494676443e-03
6.796176142481828109e+00 -1.906691712772895682e-03
6.806176142481827895e+00 -1.896769636708414480e-03
6.816176142481827682e+00 -1.886841511878174608e-03
6.826176142481827469e+00 -1.876907376919136668e-03
6.836176142481827256e+00 -1.866967270528140013e-03
6.846176142481827043e+00 -1.857021231461759630e-03
6.856176142481826830e+00 -1.847069298536165635e-03
6.866176142481826616e+00 -1.837111510626975378e-03
6.876176142481826403e+00 -1.827147906669107300e-03
6.886176142481826190e+00 -1.817178525656628274e-03
6.896176142481825977e+00 -1.807203406642605504e-03
6.906176142481825764e+00 -1.797222588738949965e-03
6.916176142481825551e+00 -1.787236111116261798e-03
6.926176142481825337e+00 -1.777244013003669845e-03
6.936176142481825124e+00 -1.767246333688671841e-03
6.946176142481824911e+00 -1.757243112516973516e-03
6.956176142481824698e+00 -1.747234388892321411e-03
6.966176142481824485e+00 -1.737220202276335695e-03
6.976176142481824272e+00 -1.727200592188342116e-03
6.986176142481824058e+00 -1.717175598205199390e-03
6.996176142481823845e+00 -1.707145259961125950e-03
7.006176142481823632e+00 -1.697109617147523220e-03
7.016176142481823419e+00 -1.687068709512796940e-03
7.026176142481823206e+00 -1.677022576862177618e-03
7.036176142481822993e+00 -1.666971259057537739e-03
7.046176142481822779e+00 -1.656914796017203975e-03
7.056176142481822566e+00 -1.646853227715772876e-03
7.066176142481822353e+00 -1.636786594183919615e-03
7.076176142481822140e+00 -1.626714935508204781e-03
7.086176142481821927e+00 -1.616638291830882262e-03
7.096176142481821714e+00 -1.606556703349699966e-03
7.106176142481821500e+00 -1.596470210317701846e-03
7.116176142481821287e+00 -1.586378853043071994e-03
7.126176142481821074e+00 -1.576282671900805206e-03
7.136176142481820861e+00 -1.566181707363985568e-03
7.146176142481820648e+00 -1.556076000002739332e-03
7.156176142481820435e+00 -1.545965590482881614e-03
7.166176142481820222e+00 -1.535850519566132801e-03
7.176176142481820008e+00 -1.525730828110332792e-03
7.186176142481819795e+00 -1.515606557069645692e-03
7.196176142481819582e+00 -1.505477747494762342e-03
7.206176142481819369e+00 -1.495344440533101981e-03
7.216176142481819156e+00 -1.485206677429000682e-03
7.226176142481818943e+00 -1.475064499523902383e-03
7.236176142481818729e+00 -1.464917948256541907e-03
7.246176142481818516e+00 -1.454767065163124718e-03
7.256176142481818303e+00 -1.444611891877498229e-03
7.266176142481818090e+00 -1.434452470131323751e-03
7.276176142481817877e+00 -1.424288841754237393e-03
7.286176142481817664e+00 -1.414121048674010523e-03
7.296176142481817450e+00 -1.403949132916703507e-03
7.306176142481817237e+00 -1.393773136606813378e-03
7.316176142481817024e+00 -1.383593101967416084e-03
7.326176142481816811e+00 -1.373029356246672139e-03
7.336176142481816598e+00 -1.362332769537685480e-03
7.346176142481816385e+00 -1.351632076513744739e-03
7.356176142481816171e+00 -1.340927321921178304e-03
7.366176142481815958e+00 -1.330218550610482754e-03
7.376176142481815745e+00 -1.319505807536441909e-03
7.386176142481815532e+00 -1.308789137758236331e-03
7.396176142481815319e+00 -1.298068586439548710e-03
7.406176142481815106e+00 -1.287344198848662091e-03
7.416176142481814892e+00 -1.276616020358552466e-03
7.426176142481814679e+00 -1.265884096446978331e-03
7.436176142481814466e+00 -1.255148472696558312e-03
7.446176142481814253e+00 -1.244409194794848360e-03
7.456176142481814040e+00 -1.233666308534408541e-03
7.466176142481813827e+00 -1.222919859812867868e-03
7.476176142481813613e+00 -1.212169894632976561e-03
7.486176142481813400e+00 -1.201416459102660258e-03
7.496176142481813187e+00 -1.190659599435060344e-03
7.506176142481812974e+00 -1.179899361948573205e-03
7.516176142481812761e+00 -1.169135793066878627e-03
7.526176142481812548e+00 -1.158368939318965606e-03
7.536176142481812334e+00 -1.147598847339149474e-03
7.546176142481812121e+00 -1.136825563867081878e-03
7.556176142481811908e+00 -1.126049135747757713e-03
7.566176142481811695e+00 -1.115269609931508190e-03
7.576176142481811482e+00 -1.104487033473997579e-03
7.586176142481811269e+00 -1.093701453536201742e-03
7.596176142481811056e+00 -1.082912917384388834e-03
7.606176142481810842e+00 -1.072121472390088299e-03
7.616176142481810629e+00 -1.061327166031042577e-03
7.626176142481810416e+00 -1.050530046068223929e-03
7.636176142481810203e+00 -1.039730160694592176e-03
7.646176142481809990e+00 -1.028927558210488043e-03
7.656176142481809777e+00 -1.018122286980998204e-03
7.666176142481809563e+00 -1.007314395435488863e-03
7.676176142481809350e+00 -9.965039320671293527e-04
7.686176142481809137e+00 -9.856909454324153021e-04
7.696176142481808924e+00 -9.748754841506863857e-04
7.706176142481808711e+00 -9.640575969036399486e-04
7.716176142481808498e+00 -9.532373324348400803e-04
7.726176142481808284e+00 -9.424147395492245196e-04
7.736176142481808071e+00 -9.315898671126048372e-04
7.746176142481807858e+00 -9.207627640511640166e-04
7.756176142481807645e+00 -9.099334793509494812e-04
7.766176142481807432e+00 -8.991020620573620011e-04
7.776176142481807219e+00 -8.882685612746400467e-04
7.786176142481807005e+00 -8.774330261653413236e-04
7.796176142481806792e+00 -8.665955059498182348e-04
7.806176142481806579e+00 -8.557560499056913930e-04
7.816176142481806366e+00 -8.449147073673159754e-04
7.826176142481806153e+00 -8.340715277252469962e-04
7.836176142481805940e+00 -8.232265604256993729e-04
7.846176142481805726e+00 -8.123798549700017059e-04
7.856176142481805513e+00 -8.015314609140502741e-04
7.866176142481805300e+00 -7.906814278677543571e-04
7.876176142481805087e+00 -7.798298054944798226e-04
7.886176142481804874e+00 -7.689766435104890274e-04
7.896176142481804661e+00 -7.581219916843750812e-04
7.906176142481804447e+00 -7.472658998364913388e-04
7.916176142481804234e+00 -7.364084178383798092e-04
7.926176142481804021e+00 -7.255495956121924082e-04
7.936176142481803808e+00 -7.146894831301096093e-04
7.946176142481803595e+00 -7.038281304137541071e-04
7.956176142481803382e+00 -6.929655875336010115e-04
7.966176142481803168e+00 -6.821019046083828374e-04
7.976176142481802955e+00 -6.712371318044926512e-04
7.986176142481802742e+00 -6.603713193353798454e-04
7.996176142481802529e+00 -6.495045174609445030e-04
8.006176142481802316e+00 -6.386367764869263410e-04
8.016176142481802103e+00 -6.277681467642899681e-04
8.026176142481801890e+00 -6.168986786886050460e-04
8.036176142481801676e+00 -6.060284226994247167e-04
8.046176142481801463e+00 -5.951574292796564395e-04
8.056176142481801250e+00 -5.842857489716218444e-04
8.066176142481801037e+00 -5.734134327805106950e-04
8.076176142481800824e+00 -5.625405322437504203e-04
8.086176142481800611e+00 -5.516670990437427596e-04
8.096176142481800397e+00 -5.407931849882942387e-04
8.106176142481800184e+00 -5.299188420104346741e-04
8.116176142481799971e+00 -5.190441221682265708e-04
8.126176142481799758e+00 -5.081690776445609665e-04
8.136176142481799545e+00 -4.972937607469423262e-04
8.146176142481799332e+00 -4.864182239072605343e-04
8.156176142481799118e+00 -4.755425196815516115e-04
8.166176142481798905e+00 -4.646667007497467215e-04
8.176176142481798692e+00 -4.537908199154071925e-04
8.186176142481798479e+00 -4.429149301054501053e-04
8.196176142481798266e+00 -4.320390843698584862e-04
8.206176142481798053e+00 -4.211633358813814164e-04
8.216176142481797839e+00 -4.102877379352210235e-04
8.226176142481797626e+00 -3.994123439487078705e-04
8.236176142481797413e+00 -3.885372074609617097e-04
8.246176142481797200e+00 -3.776623821325424775e-04
8.256176142481796987e+00 -3.667879217450861111e-04
8.266176142481796774e+00 -3.559138802009299569e-04
8.276176142481796560e+00 -3.450403115227239749e-04
8.286176142481796347e+00 -3.341672698530301269e-04
8.296176142481796134e+00 -3.232948094539078851e-04
8.306176142481795921e+00 -3.124229847064882498e-04
8.316176142481795708e+00 -3.015518501105345387e-04
8.326176142481795495e+00 -2.906814602839889738e-04
8.336176142481795281e+00 -2.798118699625082089e-04
8.346176142481795068e+00 -2.689431339989849798e-04
8.356176142481794855e+00 -2.580753073630559849e-04
8.366176142481794642e+00 -2.472084451405979480e-04
8.376176142481794429e+00 -2.363426025332099117e-04
8.386176142481794216e+00 -2.254778348576825207e-04
8.396176142481794002e+00 -2.146141975454535352e-04
8.406176142481793789e+00 -2.037517461420503342e-04
8.416176142481793576e+00 -1.928905363065213600e-04
8.426176142481793363e+00 -1.820306238108496187e-04
8.436176142481793150e+00 -1.711720645393573453e-04
8.446176142481792937e+00 -1.603149145847162799e-04
8.456176142481792724e+00 -1.494592308874576514e-04
8.466176142481792510e+00 -1.386050708158706153e-04
8.476176142481792297e+00 -1.277524918237502027e-04
8.486176142481792084e+00 -1.169015514471168494e-04
8.496176142481791871e+00 -1.060523073033089732e-04
8.506176142481791658e+00 -9.520481709006622635e-05
8.516176142481791445e+00 -8.435913858460239488e-05
8.526176142481791231e+00 -7.351532964266891844e-05
8.536176142481791018e+00 -6.267344819760518361e-05
8.546176142481790805e+00 -5.183355225938117341e-05
8.556176142481790592e+00 -4.099569991362737734e-05
8.566176142481790379e+00 -3.015994932065651580e-05
8.576176142481790166e+00 -1.932635871447257927e-05
8.586176142481789952e+00 -8.494986401771193948e-06
8.596176142481789739e+00 2.334109239070908913e-06
8.606176142481789526e+00 1.316086975901862091e-05
8.616176142481789313e+00 2.398523663940817750e-05
8.626176142481789100e+00 3.480715129298994365e-05
8.636176142481788887e+00 4.562655506498160783e-05
8.646176142481788673e+00 5.644338923412877567e-05
8.656176142481788460e+00 6.725759501378041723e-05
8.666176142481788247e+00 7.806911355296984362e-05
8.676176142481788034e+00 8.887788593751053731e-05
8.686176142481787821e+00 9.968385319109883988e-05
8.696176142481787608e+00 1.104869562764282409e-04
8.706176142481787394e+00 1.212871360963135327e-04
8.716176142481787181e+00 1.320843334948266210e-04
8.726176142481786968e+00 1.428784892584398158e-04
8.736176142481786755e+00 1.536695441171819973e-04
8.746176142481786542e+00 1.644574387458034833e-04
8.756176142481786329e+00 1.752421137649500297e-04
8.766176142481786115e+00 1.860235097423494632e-04
8.776176142481785902e+00 1.968015671940062010e-04
8.786176142481785689e+00 2.075762265710973391e-04
8.796176142481785476e+00 2.183474273738621586e-04
8.806176142481785263e+00 2.291151077153927892e-04
8.816176142481785050e+00 2.398792055174603073e-04
8.826176142481784836e+00 2.506396586209132704e-04
8.836176142481784623e+00 2.613964047870213415e-04
8.846176142481784410e+00 2.721493816988313549e-04
8.856176142481784197e+00 2.819460754646120311e-04
8.866176142481783984e+00 2.876904620737485724e-04
8.876176142481783771e+00 2.934327334611471156e-04
8.886176142481783558e+00 2.991728561524411526e-04
8.896176142481783344e+00 3.049107966351856944e-04
8.906176142481783131e+00 3.106465213596270539e-04
8.916176142481782918e+00 3.163799967394800025e-04
8.926176142481782705e+00 3.221111891527129491e-04
8.936176142481782492e+00 3.278400649423388654e-04
8.946176142481782279e+00 3.335665904172157529e-04
8.956176142481782065e+00 3.392907318528523130e-04
8.966176142481781852e+00 3.450124554922219663e-04
8.976176142481781639e+00 3.507317275465832683e-04
8.986176142481781426e+00 3.564485141963086735e-04
8.996176142481781213e+00 3.621627815917192626e-04
9.006176142481781000e+00 3.678744958539271678e-04
9.016176142481780786e+00 3.735836230756842862e-04
9.026176142481780573e+00 3.792901293222395581e-04
9.036176142481780360e+00 3.849939806322023178e-04
9.046176142481780147e+00 3.906951430184117148e-04
9.056176142481779934e+00 3.963935824688143757e-04
9.066176142481779721e+00 4.020892649473488964e-04
9.076176142481779507e+00 4.077821563948362971e-04
9.086176142481779294e+00 4.134722227298781756e-04
9.096176142481779081e+00 4.191594298259226871e-04
9.106176142481778868e+00 4.248437430478583751e-04
9.116176142481778655e+00 4.305251272273349114e-04
9.126176142481778442e+00 4.362035470770438475e-04
9.136176142481778228e+00 4.418789672079650186e-04
9.146176142481778015e+00 4.475513521302725570e-04
9.156176142481777802e+00 4.532206662542573317e-04
9.166176142481777589e+00 4.588868738912695532e-04
9.176176142481777376e+00 4.645499392546784557e-04
9.186176142481777163e+00 4.702098264608504095e-04
9.196176142481776949e+00 4.758664995301451405e-04
9.206176142481776736e+00 4.815199223879309230e-04
9.216176142481776523e+00 4.871700588656170108e-04
9.226176142481776310e+00 4.928168727017040668e-04
9.236176142481776097e+00 4.984603275428542164e-04
9.246176142481775884e+00 5.041003869449773092e-04
9.256176142481775670e+00 5.097370143743364806e-04
9.266176142481775457e+00 5.153701732086716017e-04
9.276176142481775244e+00 5.209998267383408356e-04
9.286176142481775031e+00 5.266259381674795416e-04
9.296176142481774818e+00 5.322484706151779351e-04
9.306176142481774605e+00 5.378673871166764209e-04
9.316176142481774392e+00 5.434826506245785983e-04
9.326176142481774178e+00 5.490942240100823730e-04
9.336176142481773965e+00 5.547020700642287406e-04
9.346176142481773752e+00 5.603061514991686774e-04
9.356176142481773539e+00 5.659064309494474861e-04
9.366176142481773326e+00 5.715028709733058383e-04
9.376176142481773113e+00 5.770954339134570484e-04
9.386176142481772899e+00 5.826840809310970901e-04
9.396176142481772686e+00 5.882687726448609326e-04
9.406176142481772473e+00 5.938494696728672476e-04
9.416176142481772260e+00 5.994261326383654772e-04
9.426176142481772047e+00 6.049987221712808212e-04
9.436176142481771834e+00 6.105671989097630203e-04
9.446176142481771620e+00 6.161315235017421864e-04
9.456176142481771407e+00 6.216916566064897278e-04
9.466176142481771194e+00 6.272475588961849138e-04
9.476176142481770981e+00 6.327991910574863165e-04
9.486176142481770768e+00 6.383465137931091087e-04
9.496176142481770555e+00 6.438894878234075652e-04
9.506176142481770341e+00 6.494280738879615756e-04
9.516176142481770128e+00 6.549622327471691209e-04
9.526176142481769915e+00 6.604919251838427610e-04
9.536176142481769702e+00 6.660171120048104590e-04
9.546176142481769489e+00 6.715377540425220438e-04
9.556176142481769276e+00 6.770538121566587082e-04
9.566176142481769062e+00 6.825652472357470607e-04
9.576176142481768849e+00 6.880720201987772970e-04
9.586176142481768636e+00 6.935740919968254922e-04
9.596176142481768423e+00 6.990714236146787107e-04
9.606176142481768210e+00 7.045639760724652133e-04
9.616176142481767997e+00 7.100517104272862897e-04
9.626176142481767783e+00 7.155345876166880389e-04
9.636176142481767570e+00 7.210125671826797707e-04
9.646176142481767357e+00 7.264856078697204010e-04
9.656176142481767144e+00 7.319536683338839257e-04
9.666176142481766931e+00 7.374167071517351334e-04
9.676176142481766718e+00 7.428746828224564846e-04
9.686176142481766504e+00 7.483275537699980847e-04
9.696176142481766291e+00 7.537752783452522686e-04
9.706176142481766078e+00 7.592178148282486758e-04
9.716176142481765865e+00 7.646551214303743717e-04
9.726176142481765652e+00 7.700871562966147849e-04
9.736176142481765439e+00 7.755138775078182804e-04
9.746176142481765226e+00 7.809352430829816574e-04
9.756176142481765012e+00 7.863512109815584163e-04
9.766176142481764799e+00 7.917617391057882748e-04
9.776176142481764586e+00 7.971667853030483695e-04
9.786176142481764373e+00 8.025663073682255981e-04
9.796176142481764160e+00 8.079602630461103210e-04
9.806176142481763947e+00 8.133486100338101210e-04
9.816176142481763733e+00 8.187313059831851378e-04
9.826176142481763520e+00 8.241083085033023767e-04
9.836176142481763307e+00 8.294795751629118093e-04
9.846176142481763094e+00 8.348450634921873855e-04
9.856176142481762881e+00 8.402047304534817664e-04
9.866176142481762668e+00 8.455585312301028191e-04
9.876176142481762454e+00 8.509064206457803755e-04
9.886176142481762241e+00 8.562483535292455834e-04
9.896176142481762028e+00 8.615842847169938876e-04
9.906176142481761815e+00 8.669141690560617803e-04
9.916176142481761602e+00 8.722379614068165614e-04
9.926176142481761389e+00 8.775556166457581337e-04
9.936176142481761175e+00 8.828670896683332671e-04
9.946176142481760962e+00 8.828958029609391359e-04
9.956176142481760749e+00 8.823476116643400686e-04
9.966176142481760536e+00 8.818000739164365233e-04
9.976176142481760323e+00 8.812531943726250108e-04
9.986176142481760110e+00 8.807069776848681572e-04
9.996176142481759896e+00 8.801614285013968728e-04
1.000617614248175968e+01 8.796165514664115465e-04
1.001617614248175947e+01 8.790723512197819384e-04
1.002617614248175926e+01 8.785288323967462053e-04
1.003617614248175904e+01 8.779859996276091674e-04
1.004617614248175883e+01 8.774438575374397071e-04
1.005617614248175862e+01 8.769024107496386621e-04
1.006617614248175840e+01 8.763616639893697605e-04
1.007617614248175819e+01 8.758216221102023717e-04
1.008617614248175798e+01 8.752822899943655567e-04
1.009617614248175776e+01 8.747436725467740062e-04
1.010617614248175755e+01 8.742057746945324512e-04
1.011617614248175734e+01 8.736686013864333527e-04
1.012617614248175713e+01 8.731321575924490611e-04
1.013617614248175691e+01 8.725964483032177957e-04
1.014617614248175670e+01 8.720614785295231200e-04
1.015617614248175649e+01 8.715272533017681027e-04
1.016617614248175627e+01 8.709937776694433005e-04
1.017617614248175606e+01 8.704610567005885598e-04
1.018617614248175585e+01 8.699290954812500479e-04
1.019617614248175563e+01 8.693978991149301297e-04
1.020617614248175542e+01 8.688674727220331226e-04
1.021617614248175521e+01 8.683378214393043309e-04
1.022617614248175499e+01 8.678089504192643090e-04
1.023617614248175478e+01 8.672808648296371613e-04
1.024617614248175457e+01 8.667535698760123197e-04
1.025617614248175435e+01 8.662270709980974962e-04
1.026617614248175414e+01 8.657013737533425903e-04
1.027617614248175393e+01 8.651764836850891040e-04
1.028617614248175371e+01 8.646524063207011940e-04
1.029617614248175350e+01 8.641291471711150772e-04
1.030617614248175329e+01 8.636067117303888700e-04
1.031617614248175308e+01 8.630851054752530782e-04
1.032617614248175286e+01 8.625643338646620624e-04
1.033617614248175265e+01 8.620444023393468045e-04
1.034617614248175244e+01 8.615253163213678917e-04
1.035617614248175222e+01 8.610070812136700171e-04
1.036617614248175201e+01 8.604897023996378909e-04
1.037617614248175180e+01 8.599731852426525849e-04
1.038617614248175158e+01 8.594575350856497199e-04
1.039617614248175137e+01 8.589427572506790629e-04
1.040617614248175116e+01 8.584288570384656421e-04
1.041617614248175094e+01 8.579158397420357830e-04
1.042617614248175073e+01 8.574037108351986085e-04
1.043617614248175052e+01 8.568924759625848233e-04
1.044617614248175030e+01 8.563821408106245953e-04
1.045617614248175009e+01 8.558727111036763032e-04
1.046617614248174988e+01 8.553641926029713913e-04
1.047617614248174966e+01 8.548565911055482731e-04
1.048617614248174945e+01 8.543499124431751766e-04
1.049617614248174924e+01 8.538441624812635571e-04
1.050617614248174903e+01 8.533393471177694745e-04
1.051617614248174881e+01 8.528354722820862986e-04
1.052617614248174860e+01 8.523325439339264620e-04
1.053617614248174839e+01 8.518305680621932399e-04
1.054617614248174817e+01 8.513295506838438557e-04
1.055617614248174796e+01 8.508294978427415273e-04
1.056617614248174775e+01 8.503304156085001418e-04
1.057617614248174753e+01 8.498323101502803676e-04
1.058617614248174732e+01 8.493351879470203590e-04
1.059617614248174711e+01 8.488390555380679551e-04
1.060617614248174689e+01 8.483439194440253565e-04
1.061617614248174668e+01 8.454594367544336284e-04
1.062617614248174647e+01 8.392793957310691827e-04
1.063617614248174625e+01 8.331120845935142700e-04
1.064617614248174604e+01 8.269575840141767716e-04
1.065617614248174583e+01 8.208159743771563464e-04
1.066617614248174561e+01 8.146873357676093826e-04
1.067617614248174540e+01 8.085717479611336835e-04
1.068617614248174519e+01 8.024692904131752692e-04
1.069617614248174498e+01 7.963800422484615263e-04
1.070617614248174476e+01 7.903040822504616781e-04
1.071617614248174455e+01 7.842414893135599141e-04
1.072617614248174434e+01 7.781923464922575534e-04
1.073617614248174412e+01 7.721567395009770263e-04
1.074617614248174391e+01 7.661347544576167356e-04
1.075617614248174370e+01 7.601264778376581877e-04
1.076617614248174348e+01 7.541319964520384021e-04
1.077617614248174327e+01 7.481513974248938433e-04
1.078617614248174306e+01 7.421847681711780421e-04
1.079617614248174284e+01 7.362321963741615821e-04
1.080617614248174263e+01 7.302937699628174852e-04
1.081617614248174242e+01 7.243695770891001289e-04
1.082617614248174220e+01 7.184597061051219234e-04
1.083617614248174199e+01 7.125642455402343613e-04
1.084617614248174178e+01 7.066832841444234273e-04
1.085617614248174156e+01 7.008169118475208233e-04
1.086617614248174135e+01 6.949652204706217645e-04
1.087617614248174114e+01 6.891283035363389734e-04
1.088617614248174092e+01 6.833062562168942247e-04
1.089617614248174071e+01 6.774991752855345946e-04
1.090617614248174050e+01 6.717071590674988761e-04
1.091617614248174029e+01 6.659303073905402295e-04
1.092617614248174007e+01 6.601687215350108152e-04
1.093617614248173986e+01 6.544225041835182756e-04
1.094617614248173965e+01 6.486917593701601367e-04
1.095617614248173943e+01 6.429765924293476221e-04
1.096617614248173922e+01 6.372771106856978075e-04
1.097617614248173901e+01 6.315934285780178646e-04
1.098617614248173879e+01 6.259256628333816552e-04
1.099617614248173858e+01 6.202739287155563516e-04
1.100617614248173837e+01 6.146383399811780092e-04
1.101617614248173815e+01 6.090190088688292053e-04
1.102617614248173794e+01 6.034160460884814038e-04
1.103617614248173773e+01 5.978295608113090923e-04
1.104617614248173751e+01 5.929129675014773891e-04
1.105617614248173730e+01 5.894875624531722286e-04
1.106617614248173709e+01 5.860725175468236301e-04
1.107617614248173687e+01 5.826678968359022374e-04
1.108617614248173666e+01 5.792737677337508623e-04
1.109617614248173645e+01 5.758902004980363766e-04
1.110617614248173624e+01 5.725172671495388534e-04
1.111617614248173602e+01 5.691550414053443306e-04
1.112617614248173581e+01 5.658035986164032223e-04
1.113617614248173560e+01 5.624630157046156933e-04
1.114617614248173538e+01 5.591333710994518015e-04
1.115617614248173517e+01 5.558147446741183370e-04
1.116617614248173496e+01 5.525072176812864493e-04
1.117617614248173474e+01 5.492108726922850358e-04
1.118617614248173453e+01 5.459257937079016508e-04
1.119617614248173432e+01 5.426520664103508728e-04
1.120617614248173410e+01 5.393897781404895795e-04
1.121617614248173389e+01 5.361390178191878953e-04
1.122617614248173368e+01 5.328998758681392821e-04
1.123617614248173346e+01 5.296724441301824127e-04
1.124617614248173325e+01 5.264568157891601988e-04
1.125617614248173304e+01 5.232530852893425366e-04
1.126617614248173282e+01 5.200613490665140226e-04
1.127617614248173261e+01 5.168817099131873313e-04
1.128617614248173240e+01 5.137142729286631442e-04
1.129617614248173219e+01 5.105591430270288618e-04
1.130617614248173197e+01 5.074164248665268429e-04
1.131617614248173176e+01 5.042862227913180034e-04
1.132617614248173155e+01 5.011686407734187781e-04
1.133617614248173133e+01 4.980637823548483096e-04
1.134617614248173112e+01 4.986714532417476373e-04
1.135617614248173091e+01 5.042973992825685019e-04
1.136617614248173069e+01 5.098995043363085738e-04
1.137617614248173048e+01 5.154775547062379450e-04
1.138617614248173027e+01 5.210313311569047742e-04
1.139617614248173005e+01 5.265606092361273943e-04
1.140617614248172984e+01 5.320651595988447422e-04
1.141617614248172963e+01 5.375447483279695120e-04
1.142617614248172941e+01 5.429991346094094036e-04
1.143617614248172920e+01 5.484280647949356944e-04
1.144617614248172899e+01 5.538312789936958389e-04
1.145617614248172877e+01 5.592085130685819265e-04
1.146617614248172856e+01 5.645594990144808464e-04
1.147617614248172835e+01 5.698839653378557453e-04
1.148617614248172814e+01 5.751816374155077670e-04
1.149617614248172792e+01 5.804522342533105072e-04
1.150617614248172771e+01 5.856954599258268161e-04
1.151617614248172750e+01 5.909110037184007579e-04
1.152617614248172728e+01 5.960985412275576550e-04
1.153617614248172707e+01 6.012577352206720021e-04
1.154617614248172686e+01 6.063882364941750687e-04
1.155617614248172664e+01 6.114896827291985875e-04
1.156617614248172643e+01 6.184636261476612580e-04
1.157617614248172622e+01 6.257571152499794877e-04
1.158617614248172600e+01 6.330068581142392565e-04
1.159617614248172579e+01 6.402122409789222845e-04
1.160617614248172558e+01 6.473726299593779649e-04
1.161617614248172536e+01 6.544873435875181748e-04
1.162617614248172515e+01 6.615556637593043333e-04
1.163617614248172494e+01 6.685768591491744826e-04
1.164617614248172472e+01 6.755501874555340817e-04
1.165617614248172451e+01 6.824748958051180979e-04
1.166617614248172430e+01 6.893501934759345244e-04
1.167617614248172409e+01 6.961752143734559932e-04
1.168617614248172387e+01 7.029490177693537185e-04
1.169617614248172366e+01 7.096705938860346698e-04
1.170617614248172345e+01 7.163388406297141247e-04
1.171617614248172323e+01 7.111737006428909841e-04
1.172617614248172302e+01 7.057111868931615706e-04
1.173617614248172281e+01 7.002960743915760070e-04
1.174617614248172259e+01 6.949293898412216416e-04
1.175617614248172238e+01 6.896122967698351978e-04
1.176617614248172217e+01 6.843461238248372755e-04
1.177617614248172195e+01 6.791323624657192659e-04
1.178617614248172174e+01 6.739726777621577077e-04
1.179617614248172153e+01 6.688687965115648008e-04
1.180617614248172131e+01 6.618648877261990460e-04
1.181617614248172110e+01 6.357250994592216365e-04
1.182617614248172089e+01 6.099096095397361266e-04
1.183617614248172067e+01 5.844322902108713570e-04
1.184617614248172046e+01 5.593089979775863179e-04
1.185617614248172025e+01 5.345573642961825873e-04
1.186617614248172003e+01 5.101981025325434465e-04
1.187617614248171982e+01 4.776166348302270581e-04
1.188617614248171961e+01 4.372899715567901452e-04
1.189617614248171940e+01 3.977795371639662085e-04
1.190617614248171918e+01 3.591507533514961235e-04
1.191617614248171897e+01 3.214800126633396882e-04
1.192617614248171876e+01 2.914107502651527696e-04
1.193617614248171854e+01 2.637202151079636706e-04
1.194617614248171833e+01 2.375025892980863796e-04
1.195617614248171812e+01 1.988608008547917744e-04
1.196617614248171790e+01 1.205907364928593298e-04
1.197617614248171769e+01 5.083796812589005758e-05
1.198617614248171748e+01 -7.773502240177110207e-06
1.199617614248171726e+01 -2.220495462604884368e-04
1.200617614248171705e+01 -4.554418611103777247e-04
1.201617614248171684e+01 -6.757574303883505298e-04
1.202617614248171662e+01 -8.080298046491212437e-04
1.203617614248171641e+01 -6.919722142613324257e-04
1.204617614248171620e+01 -5.812873250729975929e-04
1.205617614248171598e+01 -4.755966552539841064e-04
1.206617614248171577e+01 -3.205804909701720669e-04
1.207617614248171556e+01 2.820287263919799090e-04
1.208617614248171535e+01 8.611364987869576763e-04
1.209617614248171513e+01 1.417714854149002652e-03
1.210617614248171492e+01 1.952248767703587077e-03
1.211617614248171471e+01 1.531784610253810169e-03
1.212617614248171449e+01 1.099382752585712159e-04
1.213617614248171428e+01 -1.488808630959722072e-03
1.214617614248171407e+01 -3.094971257795805716e-03
1.215617614248171385e+01 -2.722263827960647899e-03
1.216617614248171364e+01 -2.019063445883145704e-03
1.217617614248171343e+01 -1.348325993563687314e-03
1.218617614248171321e+01 -7.099685609880387405e-04
1.219617614248171300e+01 -4.613142899792070910e-04
1.220617614248171279e+01 -2.565233393625152318e-04
1.221617614248171257e+01 -6.311637245526150776e-05
1.222617614248171236e+01 1.189396702062625925e-04
1.223617614248171215e+01 2.032641317785404832e-04
1.224617614248171193e+01 2.822236985740380374e-04
1.225617614248171172e+01 3.558335272016321829e-04
1.226617614248171151e+01 3.866329933723975580e-04
1.227617614248171130e+01 3.125120442920343742e-04
1.228617614248171108e+01 2.440817144885039478e-04
1.229617614248171087e+01 1.773251795361446728e-04
1.230617614248171066e+01 1.045089291050595539e-04
1.231617614248171044e+01 3.798804336735081034e-05
1.232617614248171023e+01 8.562161255782095364e-05
1.233617614248171002e+01 2.402879949814037985e-04
1.234617614248170980e+01 3.800084365780899073e-04
1.235617614248170959e+01 3.550846405861908398e-04
1.236617614248170938e+01 3.005248363726812743e-04
1.237617614248170916e+01 2.288813589332888319e-04
1.238617614248170895e+01 1.380372251450421293e-04
1.239617614248170874e+01 1.822856480860135324e-04
1.240617614248170852e+01 3.365757654658305684e-04
1.241617614248170831e+01 4.088656691754279158e-04
1.242617614248170810e+01 3.613730381148113398e-04
1.243617614248170788e+01 2.832161966784428261e-04
1.244617614248170767e+01 1.711698811064440865e-04
1.245617614248170746e+01 1.078486517952596260e-04
1.246617614248170725e+01 1.075284657241473891e-04
1.247617614248170703e+01 1.072673836222384829e-04
1.248617614248170682e+01 1.993158599434470568e-04
1.249617614248170661e+01 2.893745081232861885e-04
1.250617614248170639e+01 3.623021445045786063e-04
1.251617614248170618e+01 3.792134776223946404e-04
1.252617614248170597e+01 3.923294222115839632e-04
1.253617614248170575e+01 4.036710775709410220e-04
1.254617614248170554e+01 3.912439020710507722e-04
1.255617614248170533e+01 3.358177217591185905e-04
1.256617614248170511e+01 2.851505844705313998e-04
1.257617614248170490e+01 2.388117281921284642e-04
1.258617614248170469e+01 2.404205704847331621e-04
1.259617614248170447e+01 2.698563411746581452e-04
1.260617614248170426e+01 2.968735757302399191e-04
1.261617614248170405e+01 3.216836745147411700e-04
1.262617614248170383e+01 2.913650948899378394e-04
1.263617614248170362e+01 2.619557363376476700e-04
1.264617614248170341e+01 2.353929012144456928e-04
1.265617614248170320e+01 2.870383954173267964e-04
1.266617614248170298e+01 3.959716338012729195e-04
1.267617614248170277e+01 4.939680684702415321e-04
1.268617614248170256e+01 5.364431668739371405e-04
1.269617614248170234e+01 4.897057999766317058e-04
1.270617614248170213e+01 4.475417906973283891e-04
1.271617614248170192e+01 3.660615592894361520e-04
1.272617614248170170e+01 1.030011505978245198e-04
1.273617614248170149e+01 -1.114427768246142999e-04
1.274617614248170128e+01 3.914463012793704217e-06
1.275617614248170106e+01 1.048868988763465365e-04
1.276617614248170085e+01 2.075399607392217321e-04
1.277617614248170064e+01 3.209744479419776391e-04
1.278617614248170042e+01 4.215163087986864717e-04
1.279617614248170021e+01 4.857681422006603468e-04
1.280617614248170000e+01 5.401025482409665002e-04
1.281617614248169978e+01 4.763992692796493230e-04
1.282617614248169957e+01 3.711324171993498656e-04
1.283617614248169936e+01 2.072331925672151300e-04
1.284617614248169915e+01 3.557587985512163949e-05
1.285617614248169893e+01 1.506436713923450950e-04
1.286617614248169872e+01 2.736160014155126358e-04
1.287617614248169851e+01 4.028363871618915798e-04
1.288617614248169829e+01 4.571057338361115825e-04
1.289617614248169808e+01 4.221504290527120754e-04
1.290617614248169787e+01 3.825636663223388198e-04
1.291617614248169765e+01 3.725839065509258061e-04
1.292617614248169744e+01 3.910547326653963972e-04
1.293617614248169723e+01 4.117390698436655693e-04
1.294617614248169701e+01 3.875528733970803451e-04
1.295617614248169680e+01 3.532229819655317697e-04
1.296617614248169659e+01 4.734129153346087679e-04
1.297617614248169637e+01 6.279660338127030558e-04
1.298617614248169616e+01 2.124971096635999734e-04
1.299617614248169595e+01 3.931196768160143541e-04
1.300617614248169573e+01 6.078929472459204415e-04
1.301617614248169552e+01 5.529355808457957818e-04
1.302617614248169531e+01 6.400308603591718009e-04
1.303617614248169509e+01 6.881127106344257088e-04
1.303977681702480673e+01 1.429884072871929384e-03
