1.000000000000000021e-03 1.473819983404664035e-03
1.470609936316107005e-03 1.473819984520355125e-03
6.176709299477176410e-03 1.473820019054514945e-03
1.617670929947717662e-02 1.473820233551930000e-03
2.617670929947717856e-02 1.473820639962886755e-03
3.617670929947718050e-02 1.473821238285346041e-03
4.617670929947718245e-02 1.473822028516305702e-03
5.617670929947718439e-02 1.473823010651800379e-03
6.617670929947717939e-02 1.473824184686902804e-03
7.617670929947717440e-02 1.473825550615721642e-03
8.617670929947716940e-02 1.473827108431404083e-03
9.617670929947716441e-02 1.473828858126133680e-03
1.061767092994771594e-01 1.473830799691131866e-03
1.161767092994771544e-01 1.473832933116657083e-03
1.261767092994771633e-01 1.473835258392005871e-03
1.361767092994771722e-01 1.473837775505511781e-03
1.461767092994771811e-01 1.473840484444546460e-03
1.561767092994771899e-01 1.473843385195519216e-03
1.661767092994771988e-01 1.473846477743877455e-03
1.761767092994772077e-01 1.473849762074106460e-03
1.861767092994772166e-01 1.473853238169730044e-03
1.961767092994772255e-01 1.473856906013309900e-03
2.061767092994772343e-01 1.473860765586446683e-03
2.161767092994772432e-01 1.473864816869779361e-03
2.261767092994772521e-01 1.473869059842985866e-03
2.361767092994772610e-01 1.473873494484783091e-03
2.461767092994772699e-01 1.473878120772927330e-03
2.561767092994772788e-01 1.473882938684214052e-03
2.661767092994772876e-01 1.473887948194478126e-03
2.761767092994772965e-01 1.473893149278594685e-03
2.861767092994773054e-01 1.473898541910478692e-03
2.961767092994773143e-01 1.473904126063084940e-03
3.061767092994773232e-01 1.473909901708409138e-03
3.161767092994773320e-01 1.473915868817487693e-03
3.261767092994773409e-01 1.473922027360397924e-03
3.361767092994773498e-01 1.473928377306258503e-03
3.461767092994773587e-01 1.473934918623229229e-03
3.561767092994773676e-01 1.473941651278511903e-03
3.661767092994773765e-01 1.473948575238350758e-03
3.761767092994773853e-01 1.473955690468032025e-03
3.861767092994773942e-01 1.473962996931884369e-03
3.961767092994774031e-01 1.473970494593279971e-03
4.061767092994774120e-01 1.473978183414634095e-03
4.161767092994774209e-01 1.473986063357405740e-03
4.261767092994774297e-01 1.473994134382097419e-03
4.361767092994774386e-01 1.474002396448256900e-03
4.461767092994774475e-01 1.474010849514475899e-03
4.561767092994774564e-01 1.474019493538391385e-03
4.661767092994774653e-01 1.474028328476686012e-03
4.761767092994774742e-01 1.474037354285087902e-03
4.861767092994774830e-01 1.474046570918371513e-03
4.961767092994774919e-01 1.474055978330358072e-03
5.061767092994774453e-01 1.474065576473915576e-03
5.161767092994774542e-01 1.474075365300960092e-03
5.261767092994774631e-01 1.474085344762454891e-03
5.361767092994774719e-01 1.474095514808411748e-03
5.461767092994774808e-01 1.474105875387891375e-03
5.561767092994774897e-01 1.474116426449003855e-03
5.661767092994774986e-01 1.474127167938908646e-03
5.761767092994775075e-01 1.474138099803815657e-03
5.861767092994775163e-01 1.474149221988985256e-03
5.961767092994775252e-01 1.474160534438729133e-03
6.061767092994775341e-01 1.474172037096410735e-03
6.161767092994775430e-01 1.474183729904445482e-03
6.261767092994775519e-01 1.474195612804301853e-03
6.361767092994775608e-01 1.474207685736501168e-03
6.461767092994775696e-01 1.474219948640618887e-03
6.561767092994775785e-01 1.474232401455284830e-03
6.661767092994775874e-01 1.474245044118183395e-03
6.761767092994775963e-01 1.474257876566054636e-03
6.861767092994776052e-01 1.474270898734695136e-03
6.961767092994776140e-01 1.474284110558957573e-03
7.061767092994776229e-01 1.474297511972752018e-03
7.161767092994776318e-01 1.474311102909046803e-03
7.261767092994776407e-01 1.474324883299868308e-03
7.361767092994776496e-01 1.474338853076302474e-03
7.461767092994776585e-01 1.474353012168494589e-03
7.561767092994776673e-01 1.474367360505650804e-03
7.661767092994776762e-01 1.474381898016038136e-03
7.761767092994776851e-01 1.474396624626985765e-03
7.861767092994776940e-01 1.474411540264884603e-03
7.961767092994777029e-01 1.474426644855189681e-03
8.061767092994777117e-01 1.474441938322419276e-03
8.161767092994777206e-01 1.474457420590156217e-03
8.261767092994777295e-01 1.474473091581048967e-03
8.361767092994777384e-01 1.474488951216812059e-03
8.461767092994777473e-01 1.474504999418226742e-03
8.561767092994777562e-01 1.474521236105141636e-03
8.661767092994777650e-01 1.474537661196474031e-03
8.761767092994777739e-01 1.474554274610210105e-03
8.861767092994777828e-01 1.474571076263406005e-03
8.961767092994777917e-01 1.474588066072188720e-03
9.061767092994778006e-01 1.474605243951756508e-03
9.161767092994778094e-01 1.474622609816380204e-03
9.261767092994778183e-01 1.474640163579403647e-03
9.361767092994778272e-01 1.474657905153244986e-03
9.461767092994778361e-01 1.474675834449397111e-03
9.561767092994778450e-01 1.474693951378428305e-03
9.661767092994778539e-01 1.474712255849984196e-03
9.761767092994778627e-01 1.474730747772787318e-03
9.861767092994778716e-01 1.474749427054639290e-03
9.961767092994778805e-01 1.474768293602420153e-03
1.006176709299477778e+00 1.474787347322091199e-03
1.016176709299477787e+00 1.474806588118694316e-03
1.026176709299477796e+00 1.474826015896353723e-03
1.036176709299477805e+00 1.474845630558276836e-03
1.046176709299477814e+00 1.474865432006755139e-03
1.056176709299477823e+00 1.474885420143165048e-03
1.066176709299477832e+00 1.474905594867969216e-03
1.076176709299477841e+00 1.474925956080717611e-03
1.086176709299477849e+00 1.474946503680047523e-03
1.096176709299477858e+00 1.474967237563686376e-03
1.106176709299477867e+00 1.474988157628451084e-03
1.116176709299477876e+00 1.475009263770250215e-03
1.126176709299477885e+00 1.475030555884084211e-03
1.136176709299477894e+00 1.475052033864047334e-03
1.146176709299477903e+00 1.475073697603328108e-03
1.156176709299477912e+00 1.475095546994210612e-03
1.166176709299477920e+00 1.475117581928076004e-03
1.176176709299477929e+00 1.475139802295402734e-03
1.186176709299477938e+00 1.475162207985768713e-03
1.196176709299477947e+00 1.475184798887851966e-03
1.206176709299477956e+00 1.475207574889431279e-03
1.216176709299477965e+00 1.475230535877388588e-03
1.226176709299477974e+00 1.475253681737709408e-03
1.236176709299477983e+00 1.475277012355483922e-03
1.246176709299477992e+00 1.475300527614908496e-03
1.256176709299478000e+00 1.475324227399286980e-03
1.266176709299478009e+00 1.475348111591031795e-03
1.276176709299478018e+00 1.475372180071665446e-03
1.286176709299478027e+00 1.475396432721820961e-03
1.296176709299478036e+00 1.475420869421244490e-03
1.306176709299478045e+00 1.475445490048795522e-03
1.316176709299478054e+00 1.475470294482448836e-03
1.326176709299478063e+00 1.475495282599295589e-03
1.336176709299478071e+00 1.475520454275544178e-03
1.346176709299478080e+00 1.475545809386522630e-03
1.356176709299478089e+00 1.475571347806679465e-03
1.366176709299478098e+00 1.475597069409584567e-03
1.376176709299478107e+00 1.475622974067931350e-03
1.386176709299478116e+00 1.475649061653537845e-03
1.396176709299478125e+00 1.475675332037348214e-03
1.406176709299478134e+00 1.475701785089434054e-03
1.416176709299478143e+00 1.475728420678995697e-03
1.426176709299478151e+00 1.475755238674364379e-03
1.436176709299478160e+00 1.475782238943002889e-03
1.446176709299478169e+00 1.475809421351507522e-03
1.456176709299478178e+00 1.475836785765609598e-03
1.466176709299478187e+00 1.475864332050176760e-03
1.476176709299478196e+00 1.475892060069214709e-03
1.486176709299478205e+00 1.475919969685868726e-03
1.496176709299478214e+00 1.475948060762424970e-03
1.506176709299478222e+00 1.475976333160312643e-03
1.516176709299478231e+00 1.476004786740104865e-03
1.526176709299478240e+00 1.476033421361521054e-03
1.536176709299478249e+00 1.476062236883428011e-03
1.546176709299478258e+00 1.476091233163841438e-03
1.556176709299478267e+00 1.476120410059928324e-03
1.566176709299478276e+00 1.476149767428008245e-03
1.576176709299478285e+00 1.476179305123554233e-03
1.586176709299478294e+00 1.476209023001196245e-03
1.596176709299478302e+00 1.476238920914720943e-03
1.606176709299478311e+00 1.476268998717074950e-03
1.616176709299478320e+00 1.476299256260366153e-03
1.626176709299478329e+00 1.476329693395864347e-03
1.636176709299478338e+00 1.476360309974005360e-03
1.646176709299478347e+00 1.476391105844390402e-03
1.656176709299478356e+00 1.476422080855789533e-03
1.666176709299478365e+00 1.476453234856142530e-03
1.676176709299478373e+00 1.476484567692561709e-03
1.686176709299478382e+00 1.476516079211332572e-03
1.696176709299478391e+00 1.476547769257916627e-03
1.706176709299478400e+00 1.476579637676953124e-03
1.716176709299478409e+00 1.476611684312260572e-03
1.726176709299478418e+00 1.476643909006838907e-03
1.736176709299478427e+00 1.476676311602871661e-03
1.746176709299478436e+00 1.476708891941727261e-03
1.756176709299478444e+00 1.476741649863962070e-03
1.766176709299478453e+00 1.476774585209321032e-03
1.776176709299478462e+00 1.476807697816740926e-03
1.786176709299478471e+00 1.476840987524351669e-03
1.796176709299478480e+00 1.476874454169478483e-03
1.806176709299478489e+00 1.476908097588644064e-03
1.816176709299478498e+00 1.476941917617570965e-03
1.826176709299478507e+00 1.476975914091182467e-03
1.836176709299478516e+00 1.477010086843606480e-03
1.846176709299478524e+00 1.477044435708176192e-03
1.856176709299478533e+00 1.477078960517432676e-03
1.866176709299478542e+00 1.477113661103127704e-03
1.876176709299478551e+00 1.477148537296224615e-03
1.886176709299478560e+00 1.477183588926902005e-03
1.896176709299478569e+00 1.477218815824554374e-03
1.906176709299478578e+00 1.477254217817795595e-03
1.916176709299478587e+00 1.477289794734460869e-03
1.926176709299478595e+00 1.477325546401608673e-03
1.936176709299478604e+00 1.477361472645522715e-03
1.946176709299478613e+00 1.477397573291715401e-03
1.956176709299478622e+00 1.477433848164929351e-03
1.966176709299478631e+00 1.477470297089139356e-03
1.976176709299478640e+00 1.477506919887555843e-03
1.986176709299478649e+00 1.477543716382625962e-03
1.996176709299478658e+00 1.477580686396037053e-03
2.006176709299478667e+00 1.477617829748718815e-03
2.016176709299478453e+00 1.477655146260844826e-03
2.026176709299478240e+00 1.477692635751836226e-03
2.036176709299478027e+00 1.477730298040363455e-03
2.046176709299477814e+00 1.477768132944349069e-03
2.056176709299477601e+00 1.477806140280969694e-03
2.066176709299477388e+00 1.477844319866659061e-03
2.076176709299477174e+00 1.477882671517110605e-03
2.086176709299476961e+00 1.477921195047279422e-03
2.096176709299476748e+00 1.477959890271385301e-03
2.106176709299476535e+00 1.477998757002915546e-03
2.116176709299476322e+00 1.478037795054626489e-03
2.126176709299476109e+00 1.478077004238547831e-03
2.136176709299475895e+00 1.478116384365983074e-03
2.146176709299475682e+00 1.478155935247514510e-03
2.156176709299475469e+00 1.478195656693004085e-03
2.166176709299475256e+00 1.478235548511597306e-03
2.176176709299475043e+00 1.478275610511724757e-03
2.186176709299474830e+00 1.478315842501106000e-03
2.196176709299474616e+00 1.478356244286751966e-03
2.206176709299474403e+00 1.478396815674966900e-03
2.216176709299474190e+00 1.478437556471352268e-03
2.226176709299473977e+00 1.478478466480809576e-03
2.236176709299473764e+00 1.478519545507541669e-03
2.246176709299473551e+00 1.478560793355057287e-03
2.256176709299473337e+00 1.478602209826173231e-03
2.266176709299473124e+00 1.478643794723017400e-03
2.276176709299472911e+00 1.478685547847031177e-03
2.286176709299472698e+00 1.478727468998973114e-03
2.296176709299472485e+00 1.478769557978921101e-03
2.306176709299472272e+00 1.478811814586276051e-03
2.316176709299472058e+00 1.478854238619764505e-03
2.326176709299471845e+00 1.478896829877441449e-03
2.336176709299471632e+00 1.478939588156693566e-03
2.346176709299471419e+00 1.478982513254242272e-03
2.356176709299471206e+00 1.479025604966146754e-03
2.366176709299470993e+00 1.479068863087807002e-03
2.376176709299470780e+00 1.479112287413966850e-03
2.386176709299470566e+00 1.479155877738717005e-03
2.396176709299470353e+00 1.479199633855498523e-03
2.406176709299470140e+00 1.479243555557105622e-03
2.416176709299469927e+00 1.479287642635688941e-03
2.426176709299469714e+00 1.479331894882758569e-03
2.436176709299469501e+00 1.479376312089187738e-03
2.446176709299469287e+00 1.479420894045215202e-03
2.456176709299469074e+00 1.479465640540449578e-03
2.466176709299468861e+00 1.479510551363871730e-03
2.476176709299468648e+00 1.479555626303838021e-03
2.486176709299468435e+00 1.479600865148084652e-03
2.496176709299468222e+00 1.479646267683729392e-03
2.506176709299468008e+00 1.479691833697276354e-03
2.516176709299467795e+00 1.479737562974618812e-03
2.526176709299467582e+00 1.479783455301042017e-03
2.536176709299467369e+00 1.479829510461227321e-03
2.546176709299467156e+00 1.479875728239255861e-03
2.556176709299466943e+00 1.479922108418610729e-03
2.566176709299466729e+00 1.479968650782181525e-03
2.576176709299466516e+00 1.480015355112267823e-03
2.586176709299466303e+00 1.480062221190581780e-03
2.596176709299466090e+00 1.480109248798252685e-03
2.606176709299465877e+00 1.480156437715829561e-03
2.616176709299465664e+00 1.480203787723285720e-03
2.626176709299465450e+00 1.480251298600021147e-03
2.636176709299465237e+00 1.480298970124867058e-03
2.646176709299465024e+00 1.479769499366356345e-03
2.656176709299464811e+00 1.479045675445015903e-03
2.666176709299464598e+00 1.478319438666045619e-03
2.676176709299464385e+00 1.477590792398928571e-03
2.686176709299464171e+00 1.476859740021456945e-03
2.696176709299463958e+00 1.476126284919674790e-03
2.706176709299463745e+00 1.475390430487822941e-03
2.716176709299463532e+00 1.474652180128281989e-03
2.726176709299463319e+00 1.473911537251515686e-03
2.736176709299463106e+00 1.473168505276014565e-03
2.746176709299462892e+00 1.472423087628236963e-03
2.756176709299462679e+00 1.471675287742553288e-03
2.766176709299462466e+00 1.470925109061187045e-03
2.776176709299462253e+00 1.470172555034156715e-03
2.786176709299462040e+00 1.469417629119217214e-03
2.796176709299461827e+00 1.468660334781801777e-03
2.806176709299461614e+00 1.467900675494962330e-03
2.816176709299461400e+00 1.467138654739309636e-03
2.826176709299461187e+00 1.466374276002955189e-03
2.836176709299460974e+00 1.465607542781449625e-03
2.846176709299460761e+00 1.464838458577723095e-03
2.856176709299460548e+00 1.464067026902024764e-03
2.866176709299460335e+00 1.463293251271862968e-03
2.876176709299460121e+00 1.462517135211942104e-03
2.886176709299459908e+00 1.461738682254103009e-03
2.896176709299459695e+00 1.460957895937260069e-03
2.906176709299459482e+00 1.460174779807340509e-03
2.916176709299459269e+00 1.459389337417220855e-03
2.926176709299459056e+00 1.458601572326665135e-03
2.936176709299458842e+00 1.457811488102262430e-03
2.946176709299458629e+00 1.457019088317362474e-03
2.956176709299458416e+00 1.456224376552013415e-03
2.966176709299458203e+00 1.455427356392898289e-03
2.976176709299457990e+00 1.454628031433269526e-03
2.986176709299457777e+00 1.453826405272886941e-03
2.996176709299457563e+00 1.453022481517950723e-03
3.006176709299457350e+00 1.452216263781038992e-03
3.016176709299457137e+00 1.451407755681041224e-03
3.026176709299456924e+00 1.450596960843093201e-03
3.036176709299456711e+00 1.449783882898511523e-03
3.046176709299456498e+00 1.448968525484727477e-03
3.056176709299456284e+00 1.448150892245221111e-03
3.066176709299456071e+00 1.447330986829454885e-03
3.076176709299455858e+00 1.446508812892806231e-03
3.086176709299455645e+00 1.445684374096500770e-03
3.096176709299455432e+00 1.444857674107545087e-03
3.106176709299455219e+00 1.444028716598659730e-03
3.116176709299455005e+00 1.443197505248210036e-03
3.126176709299454792e+00 1.442364043740138914e-03
3.136176709299454579e+00 1.441528335763898752e-03
3.146176709299454366e+00 1.440690385014381167e-03
3.156176709299454153e+00 1.439850195191849560e-03
3.166176709299453940e+00 1.439007770001869517e-03
3.176176709299453726e+00 1.438163113155238549e-03
3.186176709299453513e+00 1.437316228367917356e-03
3.196176709299453300e+00 1.436467119360958916e-03
3.206176709299453087e+00 1.435615789860438668e-03
3.216176709299452874e+00 1.434762243597383601e-03
3.226176709299452661e+00 1.433906484307701998e-03
3.236176709299452448e+00 1.433048515732111231e-03
3.246176709299452234e+00 1.432188341616067503e-03
3.256176709299452021e+00 1.431325965709693204e-03
3.266176709299451808e+00 1.430461391767705575e-03
3.276176709299451595e+00 1.429594623549344931e-03
3.286176709299451382e+00 1.428725664818300718e-03
3.296176709299451169e+00 1.427854519342640176e-03
3.306176709299450955e+00 1.426981190894735258e-03
3.316176709299450742e+00 1.426105683251188694e-03
3.326176709299450529e+00 1.425228000192760693e-03
3.336176709299450316e+00 1.424348145504295655e-03
3.346176709299450103e+00 1.423466122974648010e-03
3.356176709299449890e+00 1.422581936396607408e-03
3.366176709299449676e+00 1.421695589566824777e-03
3.376176709299449463e+00 1.420807086285737512e-03
3.386176709299449250e+00 1.419916430357494016e-03
3.396176709299449037e+00 1.419023625589879104e-03
3.406176709299448824e+00 1.418128675794237681e-03
3.416176709299448611e+00 1.417231584785399491e-03
3.426176709299448397e+00 1.416332356381603229e-03
3.436176709299448184e+00 1.415430994404419341e-03
3.446176709299447971e+00 1.414527502678674569e-03
3.456176709299447758e+00 1.413621885032375182e-03
3.466176709299447545e+00 1.412714145296628705e-03
3.476176709299447332e+00 1.411804287305568019e-03
3.486176709299447118e+00 1.410892314896273515e-03
3.496176709299446905e+00 1.409978231908694171e-03
3.506176709299446692e+00 1.409062042185571864e-03
3.516176709299446479e+00 1.408143749572361150e-03
3.526176709299446266e+00 1.407223357917151627e-03
3.536176709299446053e+00 1.406300871070589008e-03
3.546176709299445839e+00 1.405376292885796843e-03
3.556176709299445626e+00 1.404449627218295853e-03
3.566176709299445413e+00 1.403520877925926516e-03
3.576176709299445200e+00 1.402590048868767973e-03
3.586176709299444987e+00 1.401657143909058444e-03
3.596176709299444774e+00 1.400722166911115649e-03
3.606176709299444560e+00 1.399785121741256144e-03
3.616176709299444347e+00 1.398846012267714435e-03
3.626176709299444134e+00 1.397904842360562973e-03
3.636176709299443921e+00 1.396961615891630397e-03
3.646176709299443708e+00 1.396016336734421086e-03
3.656176709299443495e+00 1.395069008764032985e-03
3.666176709299443282e+00 1.394119635857076498e-03
3.676176709299443068e+00 1.393168221891591873e-03
3.686176709299442855e+00 1.392214770746968327e-03
3.696176709299442642e+00 1.391259286303860336e-03
3.706176709299442429e+00 1.390301772444106328e-03
3.716176709299442216e+00 1.389342233050644762e-03
3.726176709299442003e+00 1.388380672007432596e-03
3.736176709299441789e+00 1.387417093199360503e-03
3.746176709299441576e+00 1.386451500512170688e-03
3.756176709299441363e+00 1.385483897832373405e-03
3.766176709299441150e+00 1.384514289047161523e-03
3.776176709299440937e+00 1.383542678044328341e-03
3.786176709299440724e+00 1.382569068712183021e-03
3.796176709299440510e+00 1.381593464939465370e-03
3.806176709299440297e+00 1.380615870615261708e-03
3.816176709299440084e+00 1.379636289628920513e-03
3.826176709299439871e+00 1.378654725869966555e-03
3.836176709299439658e+00 1.377671183228016110e-03
3.846176709299439445e+00 1.376685665592691527e-03
3.856176709299439231e+00 1.375698176853535791e-03
3.866176709299439018e+00 1.374708720899926869e-03
3.876176709299438805e+00 1.373717301620990547e-03
3.886176709299438592e+00 1.372723922905515637e-03
3.896176709299438379e+00 1.371728588641867464e-03
3.906176709299438166e+00 1.370731302717900259e-03
3.916176709299437952e+00 1.369732069020871291e-03
3.926176709299437739e+00 1.368730891437299705e-03
3.936176709299437526e+00 1.367727773818855352e-03
3.946176709299437313e+00 1.366722719905754269e-03
3.956176709299437100e+00 1.365715733416292309e-03
3.966176709299436887e+00 1.364706818069408908e-03
3.976176709299436673e+00 1.363695977584722645e-03
3.986176709299436460e+00 1.362683215682564857e-03
3.996176709299436247e+00 1.361668536084016060e-03
4.006176709299436034e+00 1.360651942510940869e-03
4.016176709299435821e+00 1.359633438686025939e-03
4.026176709299435608e+00 1.358613028332816179e-03
4.036176709299435394e+00 1.357590715175753353e-03
4.046176709299435181e+00 1.356566502940214237e-03
4.056176709299434968e+00 1.355540395352549006e-03
4.066176709299434755e+00 1.354512396140122865e-03
4.076176709299434542e+00 1.353482509031354430e-03
4.086176709299434329e+00 1.352450737755757360e-03
4.096176709299434116e+00 1.351417086043982425e-03
4.106176709299433902e+00 1.350381557627859143e-03
4.116176709299433689e+00 1.349344156240438490e-03
4.126176709299433476e+00 1.348304885616036924e-03
4.136176709299433263e+00 1.347263749490279537e-03
4.146176709299433050e+00 1.346220751600145588e-03
4.156176709299432837e+00 1.345175895684013606e-03
4.166176709299432623e+00 1.344129185481706713e-03
4.176176709299432410e+00 1.343080624734540110e-03
4.186176709299432197e+00 1.342030217185367262e-03
4.196176709299431984e+00 1.340977966578628259e-03
4.206176709299431771e+00 1.339923876660398163e-03
4.216176709299431558e+00 1.338867951178435590e-03
4.226176709299431344e+00 1.337810193882233442e-03
4.236176709299431131e+00 1.336750608523067704e-03
4.246176709299430918e+00 1.335689198854049260e-03
4.256176709299430705e+00 1.334625968630175508e-03
4.266176709299430492e+00 1.333560921608381968e-03
4.276176709299430279e+00 1.332494061547595402e-03
4.286176709299430065e+00 1.331425392208786945e-03
4.296176709299429852e+00 1.330354917355026098e-03
4.306176709299429639e+00 1.329282640751535804e-03
4.316176709299429426e+00 1.328208566165747090e-03
4.326176709299429213e+00 1.327132697367355450e-03
4.336176709299429000e+00 1.326055038128376787e-03
4.346176709299428786e+00 1.324975592223204875e-03
4.356176709299428573e+00 1.323894363428668825e-03
4.366176709299428360e+00 1.322811355524092279e-03
4.376176709299428147e+00 1.321726572291350441e-03
4.386176709299427934e+00 1.320640017514931874e-03
4.396176709299427721e+00 1.319551694981997269e-03
4.406176709299427507e+00 1.318461608482440588e-03
4.416176709299427294e+00 1.317369761808950650e-03
4.426176709299427081e+00 1.316276158757072497e-03
4.436176709299426868e+00 1.315180803125270926e-03
4.446176709299426655e+00 1.314083698714993160e-03
4.456176709299426442e+00 1.312984849330733027e-03
4.466176709299426228e+00 1.311884258780094499e-03
4.476176709299426015e+00 1.310781930873858260e-03
4.486176709299425802e+00 1.309677869426045891e-03
4.496176709299425589e+00 1.308572078253986875e-03
4.506176709299425376e+00 1.307464561178385380e-03
4.516176709299425163e+00 1.306355322023387919e-03
4.526176709299424950e+00 1.305244364616650133e-03
4.536176709299424736e+00 1.304131692789407696e-03
4.546176709299424523e+00 1.303017310376543107e-03
4.556176709299424310e+00 1.301901221216657245e-03
4.566176709299424097e+00 1.300783429152139407e-03
4.576176709299423884e+00 1.299663938029237348e-03
4.586176709299423671e+00 1.298542751698130143e-03
4.596176709299423457e+00 1.297419874012999954e-03
4.606176709299423244e+00 1.296295308832104247e-03
4.616176709299423031e+00 1.295169060017849942e-03
4.626176709299422818e+00 1.294041131436866280e-03
4.636176709299422605e+00 1.292911526960080710e-03
4.646176709299422392e+00 1.291780250462792835e-03
4.656176709299422178e+00 1.290647305824750091e-03
4.666176709299421965e+00 1.289512696930224722e-03
4.676176709299421752e+00 1.288376427668089675e-03
4.686176709299421539e+00 1.287238501931896881e-03
4.696176709299421326e+00 1.286098923619953798e-03
4.706176709299421113e+00 1.284957696635403209e-03
4.716176709299420899e+00 1.283814824886301284e-03
4.726176709299420686e+00 1.282670312285697813e-03
4.736176709299420473e+00 1.281524162751715564e-03
4.746176709299420260e+00 1.280376380207632041e-03
4.756176709299420047e+00 1.279226968581959056e-03
4.766176709299419834e+00 1.278075931808526217e-03
4.776176709299419620e+00 1.276923273826561806e-03
4.786176709299419407e+00 1.275768998580776485e-03
4.796176709299419194e+00 1.274613110021446342e-03
4.806176709299418981e+00 1.273455612104496589e-03
4.816176709299418768e+00 1.272296508791586353e-03
4.826176709299418555e+00 1.271135804050192806e-03
4.836176709299418341e+00 1.269973501853697900e-03
4.846176709299418128e+00 1.268809606181473155e-03
4.856176709299417915e+00 1.267644121018966395e-03
4.866176709299417702e+00 1.266477050357789130e-03
4.876176709299417489e+00 1.265308398195803949e-03
4.886176709299417276e+00 1.264138168537211901e-03
4.896176709299417062e+00 1.262966365392641840e-03
4.906176709299416849e+00 1.261792992779238887e-03
4.916176709299416636e+00 1.260618054720753778e-03
4.926176709299416423e+00 1.259441555247633278e-03
4.936176709299416210e+00 1.258263498397110391e-03
4.946176709299415997e+00 1.257083888213295217e-03
4.956176709299415784e+00 1.255902728747266455e-03
4.966176709299415570e+00 1.254720024057162913e-03
4.976176709299415357e+00 1.253535778208276748e-03
4.986176709299415144e+00 1.252349995273145189e-03
4.996176709299414931e+00 1.251162679331644430e-03
5.006176709299414718e+00 1.249973834471083305e-03
5.016176709299414505e+00 1.248783464786296961e-03
5.026176709299414291e+00 1.247591574379742271e-03
5.036176709299414078e+00 1.246398167361591940e-03
5.046176709299413865e+00 1.245203247849831218e-03
5.056176709299413652e+00 1.244006819970352225e-03
5.066176709299413439e+00 1.242808887857051745e-03
5.076176709299413226e+00 1.241609455651927069e-03
5.086176709299413012e+00 1.240408527505173575e-03
5.096176709299412799e+00 1.239206107575282307e-03
5.106176709299412586e+00 1.238002200029138201e-03
5.116176709299412373e+00 1.236796809042117664e-03
5.126176709299412160e+00 1.235589938798188321e-03
5.136176709299411947e+00 1.234381593490007463e-03
5.146176709299411733e+00 1.233171777319022220e-03
5.156176709299411520e+00 1.231960494495569535e-03
5.166176709299411307e+00 1.230747749238975683e-03
5.176176709299411094e+00 1.229533545777658195e-03
5.186176709299410881e+00 1.228317888349225598e-03
5.196176709299410668e+00 1.227100781200580202e-03
5.206176709299410454e+00 1.225882228588019143e-03
5.216176709299410241e+00 1.224662234777336304e-03
5.226176709299410028e+00 1.223440804043925524e-03
5.236176709299409815e+00 1.222217940672883172e-03
5.246176709299409602e+00 1.220993648959110486e-03
5.256176709299409389e+00 1.219767933207418316e-03
5.266176709299409175e+00 1.218540797732630548e-03
5.276176709299408962e+00 1.217312246859687547e-03
5.286176709299408749e+00 1.216082284923751533e-03
5.296176709299408536e+00 1.214850916270310667e-03
5.306176709299408323e+00 1.213618145255284221e-03
5.316176709299408110e+00 1.212383976245127960e-03
5.326176709299407896e+00 1.211148413616939959e-03
5.336176709299407683e+00 1.209911461758565992e-03
5.346176709299407470e+00 1.208673125068706212e-03
5.356176709299407257e+00 1.207433407957020973e-03
5.366176709299407044e+00 1.209081429810862120e-03
5.376176709299406831e+00 1.214899075693333299e-03
5.386176709299406618e+00 1.220723122928805754e-03
5.396176709299406404e+00 1.226553550659447746e-03
5.406176709299406191e+00 1.232390337973597334e-03
5.416176709299405978e+00 1.238233463905258867e-03
5.426176709299405765e+00 1.244082907433596234e-03
5.436176709299405552e+00 1.249938647482426099e-03
5.446176709299405339e+00 1.255800662919710504e-03
5.456176709299405125e+00 1.261668932557047720e-03
5.466176709299404912e+00 1.267543435149162461e-03
5.476176709299404699e+00 1.273424149393395655e-03
5.486176709299404486e+00 1.279311053929193566e-03
5.496176709299404273e+00 1.285204127337595190e-03
5.506176709299404060e+00 1.291103348140720071e-03
5.516176709299403846e+00 1.297008694801253959e-03
5.526176709299403633e+00 1.302920145721936851e-03
5.536176709299403420e+00 1.308837679245045387e-03
5.546176709299403207e+00 1.314761273651880030e-03
5.556176709299402994e+00 1.320690907162247896e-03
5.566176709299402781e+00 1.326626557933947110e-03
5.576176709299402567e+00 1.332568204062250291e-03
5.586176709299402354e+00 1.338515823579387171e-03
5.596176709299402141e+00 1.344469394454026563e-03
5.606176709299401928e+00 1.350428894590759415e-03
5.616176709299401715e+00 1.356394301829579475e-03
5.626176709299401502e+00 1.362365593945366778e-03
5.636176709299401288e+00 1.368342748647366795e-03
5.646176709299401075e+00 1.374325743578673270e-03
5.656176709299400862e+00 1.380314556315708450e-03
5.666176709299400649e+00 1.386309164367705059e-03
5.676176709299400436e+00 1.392309545176185874e-03
5.686176709299400223e+00 1.398315676114444614e-03
5.696176709299400009e+00 1.404327534487029858e-03
5.706176709299399796e+00 1.410345097529222026e-03
5.716176709299399583e+00 1.416368342406517516e-03
5.726176709299399370e+00 1.422397246214108721e-03
5.736176709299399157e+00 1.428431785976365994e-03
5.746176709299398944e+00 1.434471938646318754e-03
5.756176709299398730e+00 1.440517681105139836e-03
5.766176709299398517e+00 1.446568990161625507e-03
5.776176709299398304e+00 1.452625842551679607e-03
5.786176709299398091e+00 1.458688214937797246e-03
5.796176709299397878e+00 1.464756083908547429e-03
5.806176709299397665e+00 1.470829425978059570e-03
5.816176709299397452e+00 1.476908217585505903e-03
5.826176709299397238e+00 1.482992435094590165e-03
5.836176709299397025e+00 1.489082054793030869e-03
5.846176709299396812e+00 1.495177052892050860e-03
5.856176709299396599e+00 1.501277405525864271e-03
5.866176709299396386e+00 1.507383088751164130e-03
5.876176709299396173e+00 1.513494078546615169e-03
5.886176709299395959e+00 1.519610350812340346e-03
5.896176709299395746e+00 1.525731881369416692e-03
5.906176709299395533e+00 1.531858645959363781e-03
5.916176709299395320e+00 1.537990620243641100e-03
5.926176709299395107e+00 1.544127779803140636e-03
5.936176709299394894e+00 1.550270100137684029e-03
5.946176709299394680e+00 1.556417556665519713e-03
5.956176709299394467e+00 1.562570124722820935e-03
5.966176709299394254e+00 1.568727779563187669e-03
5.976176709299394041e+00 1.574890496357145503e-03
5.986176709299393828e+00 1.581058250191651453e-03
5.996176709299393615e+00 1.587231016069596320e-03
6.006176709299393401e+00 1.593408768909311372e-03
6.016176709299393188e+00 1.599591483544076341e-03
6.026176709299392975e+00 1.605779134721629139e-03
6.036176709299392762e+00 1.611971697103676453e-03
6.046176709299392549e+00 1.618169145265407373e-03
6.056176709299392336e+00 1.624371453695007666e-03
6.066176709299392122e+00 1.630578596793177308e-03
6.076176709299391909e+00 1.636790548872648233e-03
6.086176709299391696e+00 1.643007284157707495e-03
6.096176709299391483e+00 1.649228776783717623e-03
6.106176709299391270e+00 1.655455000796644122e-03
6.116176709299391057e+00 1.661685930152580377e-03
6.126176709299390843e+00 1.667921538717279930e-03
6.136176709299390630e+00 1.674161800265687016e-03
6.146176709299390417e+00 1.680406688481471877e-03
6.156176709299390204e+00 1.686656176956566940e-03
6.166176709299389991e+00 1.692910239190706899e-03
6.176176709299389778e+00 1.699168848590971396e-03
6.186176709299389564e+00 1.705431978471328575e-03
6.196176709299389351e+00 1.711699602052183184e-03
6.206176709299389138e+00 1.717971692459927500e-03
6.216176709299388925e+00 1.724248222726493338e-03
6.226176709299388712e+00 1.730529165788909042e-03
6.236176709299388499e+00 1.736814494488858433e-03
6.246176709299388286e+00 1.743104181572242796e-03
6.256176709299388072e+00 1.749398199688746323e-03
6.266176709299387859e+00 1.755696521391404176e-03
6.276176709299387646e+00 1.761999119136174654e-03
6.286176709299387433e+00 1.768305965281514623e-03
6.296176709299387220e+00 1.774617032087956242e-03
6.306176709299387007e+00 1.780932291717691063e-03
6.316176709299386793e+00 1.787251716234153050e-03
6.326176709299386580e+00 1.793575277601610479e-03
6.336176709299386367e+00 1.799902947684755465e-03
6.346176709299386154e+00 1.806234698248302588e-03
6.356176709299385941e+00 1.812570500956587304e-03
6.366176709299385728e+00 1.818910327373172379e-03
6.376176709299385514e+00 1.825254148960452592e-03
6.386176709299385301e+00 1.831601937079269625e-03
6.396176709299385088e+00 1.837953662988525867e-03
6.406176709299384875e+00 1.844309297844806250e-03
6.416176709299384662e+00 1.850668812702002241e-03
6.426176709299384449e+00 1.857032178510938884e-03
6.436176709299384235e+00 1.863399366119010501e-03
6.446176709299384022e+00 1.869770346269815538e-03
6.456176709299383809e+00 1.876145089602800076e-03
6.466176709299383596e+00 1.882523566652904382e-03
6.476176709299383383e+00 1.888905747850212931e-03
6.486176709299383170e+00 1.895291603519612227e-03
6.496176709299382956e+00 1.901681103880448198e-03
6.506176709299382743e+00 1.908074219046195300e-03
6.516176709299382530e+00 1.914470919024124744e-03
6.526176709299382317e+00 1.920871173714980111e-03
6.536176709299382104e+00 1.927274952912659458e-03
6.546176709299381891e+00 1.933682226303899167e-03
6.556176709299381677e+00 1.940092963467965597e-03
6.566176709299381464e+00 1.946507133876352160e-03
6.576176709299381251e+00 1.952924706892478776e-03
6.586176709299381038e+00 1.959345651771401096e-03
6.596176709299380825e+00 1.965769937659521665e-03
6.606176709299380612e+00 1.972197533594310416e-03
6.616176709299380398e+00 1.978628408504024081e-03
6.626176709299380185e+00 1.985062531207441860e-03
6.636176709299379972e+00 1.991499870413594372e-03
6.646176709299379759e+00 1.997940394721510384e-03
6.656176709299379546e+00 2.004384072619961807e-03
6.666176709299379333e+00 2.010830872487216932e-03
6.676176709299379119e+00 2.017280762590800604e-03
6.686176709299378906e+00 2.023733711087260037e-03
6.696176709299378693e+00 2.030189686021936259e-03
6.706176709299378480e+00 2.036648655328742938e-03
6.716176709299378267e+00 2.043110586829951711e-03
6.726176709299378054e+00 2.049575448235982714e-03
6.736176709299377841e+00 2.056043207145203354e-03
6.746176709299377627e+00 2.062513831479830060e-03
6.756176709299377414e+00 2.068987292375267656e-03
6.766176709299377201e+00 2.075463562402870849e-03
6.776176709299376988e+00 2.081942614090361281e-03
6.786176709299376775e+00 2.088424419911455616e-03
6.796176709299376562e+00 2.094908952285623113e-03
6.806176709299376348e+00 2.101396183577846667e-03
6.816176709299376135e+00 2.107886086098391225e-03
6.826176709299375922e+00 2.114378632102569596e-03
6.836176709299375709e+00 2.120873793790516940e-03
6.846176709299375496e+00 2.127371543306966119e-03
6.856176709299375283e+00 2.133871852741027388e-03
6.866176709299375069e+00 2.140374694125971120e-03
6.876176709299374856e+00 2.150970696925658988e-03
6.886176709299374643e+00 2.166784382742099890e-03
6.896176709299374430e+00 2.182604016382255242e-03
6.906176709299374217e+00 2.198429529340516306e-03
6.916176709299374004e+00 2.214260852973091477e-03
6.926176709299373790e+00 2.230097918497537905e-03
6.936176709299373577e+00 2.245940656992293123e-03
6.946176709299373364e+00 2.261788999396230522e-03
6.956176709299373151e+00 2.277642876508210058e-03
6.966176709299372938e+00 2.293502218986651076e-03
6.976176709299372725e+00 2.309366957349104268e-03
6.986176709299372511e+00 2.325237021971843579e-03
6.996176709299372298e+00 2.341112343089458113e-03
7.006176709299372085e+00 2.356992850794464855e-03
7.016176709299371872e+00 2.372878475036921397e-03
7.026176709299371659e+00 2.388769145624057306e-03
7.036176709299371446e+00 2.404664792219908965e-03
7.046176709299371232e+00 2.420565344344971330e-03
7.056176709299371019e+00 2.436470731375854019e-03
7.066176709299370806e+00 2.452380882544953448e-03
7.076176709299370593e+00 2.468295726940132780e-03
7.086176709299370380e+00 2.484215193504411400e-03
7.096176709299370167e+00 2.500139211035671757e-03
7.106176709299369953e+00 2.516067708186367925e-03
7.116176709299369740e+00 2.532000613463252815e-03
7.126176709299369527e+00 2.547937855227114939e-03
7.136176709299369314e+00 2.563879361692521230e-03
7.146176709299369101e+00 2.579825060927578954e-03
7.156176709299368888e+00 2.595774880853704558e-03
7.166176709299368675e+00 2.611728749245403360e-03
7.176176709299368461e+00 2.627686593730065717e-03
7.186176709299368248e+00 2.643648341787770140e-03
7.196176709299368035e+00 2.659613920751098537e-03
7.206176709299367822e+00 2.675583257804967519e-03
7.216176709299367609e+00 2.691556279986464899e-03
7.226176709299367396e+00 2.707532914184705274e-03
7.236176709299367182e+00 2.723513087140694722e-03
7.246176709299366969e+00 2.739496725447205898e-03
7.256176709299366756e+00 2.755483755548668312e-03
7.266176709299366543e+00 2.771474103741069454e-03
7.276176709299366330e+00 2.787467696171871089e-03
7.286176709299366117e+00 2.803464458839931631e-03
7.296176709299365903e+00 2.819464317595448462e-03
7.306176709299365690e+00 2.835467198139911098e-03
7.316176709299365477e+00 2.851473026026064318e-03
7.326176709299365264e+00 2.867481726657886924e-03
7.336176709299365051e+00 2.883493225290580456e-03
7.346176709299364838e+00 2.899507447030577438e-03
7.356176709299364624e+00 2.915524316835555255e-03
7.366176709299364411e+00 2.931543759514466940e-03
7.376176709299364198e+00 2.947565699727587151e-03
7.386176709299363985e+00 2.963590061986565941e-03
7.396176709299363772e+00 2.979616770654502922e-03
7.406176709299363559e+00 2.995645749946028794e-03
7.416176709299363345e+00 3.011676923927406394e-03
7.426176709299363132e+00 3.027710216516638249e-03
7.436176709299362919e+00 3.043745551483594512e-03
7.446176709299362706e+00 3.059782852450152607e-03
7.456176709299362493e+00 3.075822042890349883e-03
7.466176709299362280e+00 3.091863046130551886e-03
7.476176709299362066e+00 3.107905785349631030e-03
7.486176709299361853e+00 3.123950183579166963e-03
7.496176709299361640e+00 3.139996163703652997e-03
7.506176709299361427e+00 3.156043648460720753e-03
7.516176709299361214e+00 3.172092560441379556e-03
7.526176709299361001e+00 3.188142822090270570e-03
7.536176709299360787e+00 3.204194355705932643e-03
7.546176709299360574e+00 3.220247083441086806e-03
7.556176709299360361e+00 3.236300927302931604e-03
7.566176709299360148e+00 3.252355809153456220e-03
7.576176709299359935e+00 3.268411650709766164e-03
7.586176709299359722e+00 3.284468373544427618e-03
7.596176709299359509e+00 3.300525899085820451e-03
7.606176709299359295e+00 3.316584148618511620e-03
7.616176709299359082e+00 3.332643043283642879e-03
7.626176709299358869e+00 3.348702504079329768e-03
7.636176709299358656e+00 3.364762451861082714e-03
7.646176709299358443e+00 3.380822807342239410e-03
7.656176709299358230e+00 3.396883491094408042e-03
7.666176709299358016e+00 3.412944423547935226e-03
7.676176709299357803e+00 3.429005524992382627e-03
7.686176709299357590e+00 3.445066715577023517e-03
7.696176709299357377e+00 3.461127915311350625e-03
7.706176709299357164e+00 3.477189044065603050e-03
7.716176709299356951e+00 3.493250021571306201e-03
7.726176709299356737e+00 3.509310767421830804e-03
7.736176709299356524e+00 3.525371201072965369e-03
7.746176709299356311e+00 3.541431241843504257e-03
7.756176709299356098e+00 3.557490808915853963e-03
7.766176709299355885e+00 3.573549821336652419e-03
7.776176709299355672e+00 3.589608198017406500e-03
7.786176709299355458e+00 3.605665857735146015e-03
7.796176709299355245e+00 3.621722719133092447e-03
7.806176709299355032e+00 3.637778700721341994e-03
7.816176709299354819e+00 3.653833720877570305e-03
7.826176709299354606e+00 3.669887697847748920e-03
7.836176709299354393e+00 3.685940549746878625e-03
7.846176709299354179e+00 3.701992194559742752e-03
7.856176709299353966e+00 3.718042550141670895e-03
7.866176709299353753e+00 3.734091534219323872e-03
7.876176709299353540e+00 3.750139064391493429e-03
7.886176709299353327e+00 3.766185058129918866e-03
7.896176709299353114e+00 3.782229432780119700e-03
7.906176709299352900e+00 3.798272105562245683e-03
7.916176709299352687e+00 3.814312993571941993e-03
7.926176709299352474e+00 3.830352013781232641e-03
7.936176709299352261e+00 3.846389083039421664e-03
7.946176709299352048e+00 3.805643857501774061e-03
7.956176709299351835e+00 3.742301041141334224e-03
7.966176709299351621e+00 3.678966921001751520e-03
7.976176709299351408e+00 3.615641827497154299e-03
7.986176709299351195e+00 3.552326091507754680e-03
7.996176709299350982e+00 3.489020044375897283e-03
8.006176709299351657e+00 3.425724017902038575e-03
8.016176709299351444e+00 3.362438344340675043e-03
8.026176709299351231e+00 3.299163356396172479e-03
8.036176709299351018e+00 3.235899387218551908e-03
8.046176709299350804e+00 3.172646770399210458e-03
8.056176709299350591e+00 3.109405839966565901e-03
8.066176709299350378e+00 3.046176930381635714e-03
8.076176709299350165e+00 2.982960376533546308e-03
8.086176709299349952e+00 2.919756513734985022e-03
8.096176709299349739e+00 2.856565677717580118e-03
8.106176709299349525e+00 2.793388204627204885e-03
8.116176709299349312e+00 2.730224431019226666e-03
8.126176709299349099e+00 2.667074693853685625e-03
8.136176709299348886e+00 2.603939330490404568e-03
8.146176709299348673e+00 2.540818678684029358e-03
8.156176709299348460e+00 2.477713076579005601e-03
8.166176709299348246e+00 2.414622862704490260e-03
8.176176709299348033e+00 2.351548375969191289e-03
8.186176709299347820e+00 2.288489955656142216e-03
8.196176709299347607e+00 2.225447941417408627e-03
8.206176709299347394e+00 2.162422673268733948e-03
8.216176709299347181e+00 2.099414491584105421e-03
8.226176709299346967e+00 2.036423737090265439e-03
8.236176709299346754e+00 1.973450750861150890e-03
8.246176709299346541e+00 1.910495874312268753e-03
8.256176709299346328e+00 1.847559449194999042e-03
8.266176709299346115e+00 1.784641817590834232e-03
8.276176709299345902e+00 1.721743321905558387e-03
8.286176709299345688e+00 1.658864304863349320e-03
8.296176709299345475e+00 1.596005109500818952e-03
8.306176709299345262e+00 1.533166079160996637e-03
8.316176709299345049e+00 1.470347557487224673e-03
8.326176709299344836e+00 1.407549888417013260e-03
8.336176709299344623e+00 1.344773416175812624e-03
8.346176709299344409e+00 1.282018485270723998e-03
8.356176709299344196e+00 1.219285440484147928e-03
8.366176709299343983e+00 1.156574626867362546e-03
8.376176709299343770e+00 1.093886389744646356e-03
8.386176709299343557e+00 1.031221076565375918e-03
8.396176709299343344e+00 9.685790389868515187e-04
8.406176709299343131e+00 9.059606301539906538e-04
8.416176709299342917e+00 8.433662043152433422e-04
8.426176709299342704e+00 7.807961168177758810e-04
8.436176709299342491e+00 7.213530667685048858e-04
8.446176709299342278e+00 6.707229401339536573e-04
8.456176709299342065e+00 6.201133917351788448e-04
8.466176709299341852e+00 5.695247128559527243e-04
8.476176709299341638e+00 5.189571956481144749e-04
8.486176709299341425e+00 4.684111331268074954e-04
8.496176709299341212e+00 4.178868191655653666e-04
8.506176709299340999e+00 3.673845484912559994e-04
8.516176709299340786e+00 3.169046166788878731e-04
8.526176709299340573e+00 2.664473201462660024e-04
8.536176709299340359e+00 2.160129561485015382e-04
8.546176709299340146e+00 1.656018227723836736e-04
8.556176709299339933e+00 1.152142189306012802e-04
8.566176709299339720e+00 6.485044435582685077e-05
8.576176709299339507e+00 1.451079959464062971e-05
8.586176709299339294e+00 -3.580441399867232387e-05
8.596176709299339080e+00 -8.609489426848098217e-05
8.606176709299338867e+00 -1.363603382643122607e-04
8.616176709299338654e+00 -1.866004422474973942e-04
8.626176709299338441e+00 -2.368149016979631625e-04
8.636176709299338228e+00 -2.870034113211675317e-04
8.646176709299338015e+00 -3.371656650551886018e-04
8.656176709299337801e+00 -3.873013560779486452e-04
8.666176709299337588e+00 -4.374101768145871160e-04
8.676176709299337375e+00 -4.874918189449821936e-04
8.686176709299337162e+00 -5.375459734114143573e-04
8.696176709299336949e+00 -5.875723304263758950e-04
8.706176709299336736e+00 -6.375705794805196225e-04
8.716176709299336522e+00 -6.875404093507652466e-04
8.726176709299336309e+00 -7.374815081085377838e-04
8.736176709299336096e+00 -7.873935631281596100e-04
8.746176709299335883e+00 -8.372762610953735909e-04
8.756176709299335670e+00 -8.871292880160324204e-04
8.766176709299335457e+00 -9.369523292249054862e-04
8.776176709299335243e+00 -9.867450693946530280e-04
8.786176709299335030e+00 -1.036507192544924979e-03
8.796176709299334817e+00 -1.086238382051615391e-03
8.806176709299334604e+00 -1.135938320656254986e-03
8.816176709299334391e+00 -1.185606690475541399e-03
8.826176709299334178e+00 -1.235243173011020025e-03
8.836176709299333965e+00 -1.284847449158900380e-03
8.846176709299333751e+00 -1.334419199220017536e-03
8.856176709299333538e+00 -1.383958102909931898e-03
8.866176709299333325e+00 -1.433463839369166024e-03
8.876176709299333112e+00 -1.482936087173589547e-03
8.886176709299332899e+00 -1.532374524344934852e-03
8.896176709299332686e+00 -1.577080739048217824e-03
8.906176709299332472e+00 -1.527116900230344500e-03
8.916176709299332259e+00 -1.477188259649239548e-03
8.926176709299332046e+00 -1.427295145290980068e-03
8.936176709299331833e+00 -1.377437885647118162e-03
8.946176709299331620e+00 -1.327616809703201402e-03
8.956176709299331407e+00 -1.277832246927155819e-03
8.966176709299331193e+00 -1.228084527257532720e-03
8.976176709299330980e+00 -1.178373981091614554e-03
8.986176709299330767e+00 -1.128700939273395883e-03
8.996176709299330554e+00 -1.079065733081431208e-03
9.006176709299330341e+00 -1.029468694216531446e-03
9.016176709299330128e+00 -9.799101547893524118e-04
9.026176709299329914e+00 -9.303904473078343420e-04
9.036176709299329701e+00 -8.809099046645184599e-04
9.046176709299329488e+00 -8.314688601237310572e-04
9.056176709299329275e+00 -7.820676473086426734e-04
9.066176709299329062e+00 -7.327066001881928341e-04
9.076176709299328849e+00 -6.833860530638907575e-04
9.086176709299328635e+00 -6.341063405564957133e-04
9.096176709299328422e+00 -5.848677975925622909e-04
9.106176709299328209e+00 -5.356707593908685734e-04
9.116176709299327996e+00 -4.865155614487191946e-04
9.126176709299327783e+00 -4.374025395281293509e-04
9.136176709299327570e+00 -3.883320296418852138e-04
9.146176709299327356e+00 -3.393043680394800931e-04
9.156176709299327143e+00 -2.903198911929436975e-04
9.166176709299326930e+00 -2.413789357825451946e-04
9.176176709299326717e+00 -1.924818386823848142e-04
9.186176709299326504e+00 -1.436289369458696591e-04
9.196176709299326291e+00 -9.482056779106938678e-05
9.206176709299326077e+00 -4.605706858597301105e-05
9.216176709299325864e+00 2.661223166375292770e-06
9.226176709299325651e+00 5.133396984285032091e-05
9.236176709299325438e+00 9.996083371532037132e-05
9.246176709299325225e+00 1.485414769658377834e-04
9.256176709299325012e+00 1.970755617019253215e-04
9.266176709299324799e+00 2.455627499719748811e-04
9.276176709299324585e+00 2.940027037807449667e-04
9.286176709299324372e+00 3.423950851049623609e-04
9.296176709299324159e+00 3.907395559090156255e-04
9.306176709299323946e+00 4.390357781607537703e-04
9.316176709299323733e+00 4.872834138473804404e-04
9.326176709299323520e+00 5.354821249914422116e-04
9.336176709299323306e+00 5.836315736669062245e-04
9.346176709299323093e+00 6.317314220153340959e-04
9.356176709299322880e+00 6.797813322621474447e-04
9.366176709299322667e+00 7.277809667329749503e-04
9.376176709299322454e+00 7.757299878700933031e-04
9.386176709299322241e+00 8.236280582489479514e-04
9.396176709299322027e+00 8.714748405947565736e-04
9.406176709299321814e+00 9.192699977991992868e-04
9.416176709299321601e+00 9.670131929371817130e-04
9.426176709299321388e+00 1.013035009700631378e-03
9.436176709299321175e+00 1.021885865859731724e-03
9.446176709299320962e+00 1.030726880270460295e-03
9.456176709299320748e+00 1.039557990502092220e-03
9.466176709299320535e+00 1.048379133128472980e-03
9.476176709299320322e+00 1.057190239316966370e-03
9.486176709299320109e+00 1.065991238226753936e-03
9.496176709299319896e+00 1.074782058654608552e-03
9.506176709299319683e+00 1.083562629042948092e-03
9.516176709299319469e+00 1.092332877485647190e-03
9.526176709299319256e+00 1.101092731733934642e-03
9.536176709299319043e+00 1.109842119202377559e-03
9.546176709299318830e+00 1.118580966974951161e-03
9.556176709299318617e+00 1.127309201811191840e-03
9.566176709299318404e+00 1.136026750152436962e-03
9.576176709299318190e+00 1.144733538128145552e-03
9.586176709299317977e+00 1.153429491562304836e-03
9.596176709299317764e+00 1.162114535979918116e-03
9.606176709299317551e+00 1.170788596613575247e-03
9.616176709299317338e+00 1.179451598410102917e-03
9.626176709299317125e+00 1.188103466037299496e-03
9.636176709299316911e+00 1.196744123890744688e-03
9.646176709299316698e+00 1.205373496100692679e-03
9.656176709299316485e+00 1.213991506539042467e-03
9.666176709299316272e+00 1.222598078826385177e-03
9.676176709299316059e+00 1.231193136339129874e-03
9.686176709299315846e+00 1.239776602216704398e-03
9.696176709299315633e+00 1.248348399368831877e-03
9.706176709299315419e+00 1.256908450482881840e-03
9.716176709299315206e+00 1.265456678031295044e-03
9.726176709299314993e+00 1.273993004279080302e-03
9.736176709299314780e+00 1.282517351291383948e-03
9.746176709299314567e+00 1.291029640941128475e-03
9.756176709299314354e+00 1.299529794916722296e-03
9.766176709299314140e+00 1.308017734729837811e-03
9.776176709299313927e+00 1.316493381723256263e-03
9.786176709299313714e+00 1.324956657078779588e-03
9.796176709299313501e+00 1.333407481825207548e-03
9.806176709299313288e+00 1.341845776846380340e-03
9.816176709299313075e+00 1.350271462889281269e-03
9.826176709299312861e+00 1.358684460572204267e-03
9.836176709299312648e+00 1.360370055462364154e-03
9.846176709299312435e+00 1.349031036159803985e-03
9.856176709299312222e+00 1.337709493312219059e-03
9.866176709299312009e+00 1.326405534820742499e-03
9.876176709299311796e+00 1.315119268704088504e-03
9.886176709299311582e+00 1.303850803087049180e-03
9.896176709299311369e+00 1.292600246188914392e-03
9.906176709299311156e+00 1.281367706311827871e-03
9.916176709299310943e+00 1.270153291829073054e-03
9.926176709299310730e+00 1.258957111173291711e-03
9.936176709299310517e+00 1.247779272824643595e-03
9.946176709299310303e+00 1.236619885298900160e-03
9.956176709299310090e+00 1.225479057135482781e-03
9.966176709299309877e+00 1.214356896885439166e-03
9.976176709299309664e+00 1.203253513099369247e-03
9.986176709299309451e+00 1.192169014315294911e-03
9.996176709299309238e+00 1.181103509046479852e-03
1.000617670929930902e+01 1.170057105769200427e-03
1.001617670929930881e+01 1.159029912910470748e-03
1.002617670929930860e+01 1.148022038835723544e-03
1.003617670929930838e+01 1.137033591836448306e-03
1.004617670929930817e+01 1.126064680117790616e-03
1.005617670929930796e+01 1.115115411786114178e-03
1.006617670929930775e+01 1.104185894836528159e-03
1.007617670929930753e+01 1.093276237140382214e-03
1.008617670929930732e+01 1.082386546432730946e-03
1.009617670929930711e+01 1.071516930299771467e-03
1.010617670929930689e+01 1.060667496166255164e-03
1.011617670929930668e+01 1.049838351282879074e-03
1.012617670929930647e+01 1.039029602713653199e-03
1.013617670929930625e+01 1.028241357323255020e-03
1.014617670929930604e+01 1.017473721764365581e-03
1.015617670929930583e+01 1.006726802464995166e-03
1.016617670929930561e+01 1.002123344886083831e-03
1.017617670929930540e+01 9.990253097933489163e-04
1.018617670929930519e+01 9.959333618801897211e-04
1.019617670929930497e+01 9.928475316496659583e-04
1.020617670929930476e+01 9.897678495273153684e-04
1.021617670929930455e+01 9.866943480272873102e-04
1.022617670929930433e+01 9.836270662982467793e-04
1.023617670929930412e+01 9.805660448919800969e-04
1.024617670929930391e+01 9.775113245361101433e-04
1.025617670929930370e+01 9.744629461252858052e-04
1.026617670929930348e+01 9.714209507123092993e-04
1.027617670929930327e+01 9.683853794992003947e-04
1.028617670929930306e+01 9.653562738282039316e-04
1.029617670929930284e+01 9.623336751727381427e-04
1.030617670929930263e+01 9.593176251282886560e-04
1.031617670929930242e+01 9.563081654032496966e-04
1.032617670929930220e+01 9.533053378097136816e-04
1.033617670929930199e+01 9.503091842542124579e-04
1.034617670929930178e+01 9.473197467284119209e-04
1.035617670929930156e+01 9.443370672997623968e-04
1.036617670929930135e+01 9.413611881021073918e-04
1.037617670929930114e+01 9.383921513262519004e-04
1.038617670929930092e+01 9.354299992104951524e-04
1.039617670929930071e+01 9.324747740311277976e-04
1.040617670929930050e+01 9.295265180928969978e-04
1.041617670929930028e+01 9.265852737194420295e-04
1.042617670929930007e+01 9.224694188179089361e-04
1.043617670929929986e+01 9.152732217261789517e-04
1.044617670929929965e+01 9.080945746106968298e-04
1.045617670929929943e+01 9.009335814726329847e-04
1.046617670929929922e+01 8.937903462411786243e-04
1.047617670929929901e+01 8.866649727497356945e-04
1.048617670929929879e+01 8.795575647120808032e-04
1.049617670929929858e+01 8.724682256985117961e-04
1.050617670929929837e+01 8.653970591119818654e-04
1.051617670929929815e+01 8.583441681642304047e-04
1.052617670929929794e+01 8.513096558519163588e-04
1.053617670929929773e+01 8.442936249327627398e-04
1.054617670929929751e+01 8.372961779017187075e-04
1.055617670929929730e+01 8.303174169671472373e-04
1.056617670929929709e+01 8.233574440270450970e-04
1.057617670929929687e+01 8.164163606453044572e-04
1.058617670929929666e+01 8.094942680280214475e-04
1.059617670929929645e+01 8.025912669998611993e-04
1.060617670929929623e+01 7.957074579804864238e-04
1.061617670929929602e+01 7.888429409610561369e-04
1.062617670929929581e+01 7.819978154808048323e-04
1.063617670929929560e+01 7.751721806037066564e-04
1.064617670929929538e+01 7.683830544067652042e-04
1.065617670929929517e+01 7.616793546948387363e-04
1.066617670929929496e+01 7.549951987140210994e-04
1.067617670929929474e+01 7.483306822152619971e-04
1.068617670929929453e+01 7.416859003663394930e-04
1.069617670929929432e+01 7.350609477294840289e-04
1.070617670929929410e+01 7.284559182391418721e-04
1.071617670929929389e+01 7.218709051798865564e-04
1.072617670929929368e+01 7.153060011644836284e-04
1.073617670929929346e+01 7.087613010382916518e-04
1.074617670929929325e+01 7.022369317722788711e-04
1.075617670929929304e+01 6.957330412237645563e-04
1.076617670929929282e+01 6.892497775131863893e-04
1.077617670929929261e+01 6.827872886779938564e-04
1.078617670929929240e+01 6.763457226139736123e-04
1.079617670929929218e+01 6.699252270165945763e-04
1.080617670929929197e+01 6.635259493223968300e-04
1.081617670929929176e+01 6.571480366504528318e-04
1.082617670929929155e+01 6.507916357439268596e-04
1.083617670929929133e+01 6.443874057254093870e-04
1.084617670929929112e+01 6.379476743062531237e-04
1.085617670929929091e+01 6.315303328829455394e-04
1.086617670929929069e+01 6.251355290189387600e-04
1.087617670929929048e+01 6.187634095986494160e-04
1.088617670929929027e+01 6.124141207690402032e-04
1.089617670929929005e+01 6.060878078815033938e-04
1.090617670929928984e+01 5.997846154340722097e-04
1.091617670929928963e+01 5.935046870139911758e-04
1.092617670929928941e+01 5.872481652406734247e-04
1.093617670929928920e+01 5.810151917090752025e-04
1.094617670929928899e+01 5.748059069335154396e-04
1.095617670929928877e+01 5.686204502919697682e-04
1.096617670929928856e+01 5.624589599708692362e-04
1.097617670929928835e+01 5.563215729104300632e-04
1.098617670929928813e+01 5.502084247505453383e-04
1.099617670929928792e+01 5.451622235947884863e-04
1.100617670929928771e+01 5.412602792088442010e-04
1.101617670929928750e+01 5.373741873687712910e-04
1.102617670929928728e+01 5.335040316626361292e-04
1.103617670929928707e+01 5.296498946738077869e-04
1.104617670929928686e+01 5.258118579486861051e-04
1.105617670929928664e+01 5.219900019649150553e-04
1.106617670929928643e+01 5.181844061000979778e-04
1.107617670929928622e+01 5.143951486010306341e-04
1.108617670929928600e+01 5.106223065534697472e-04
1.109617670929928579e+01 5.068659558524503655e-04
1.110617670929928558e+01 5.031261720179000399e-04
1.111617670929928536e+01 4.994030608105668031e-04
1.112617670929928515e+01 4.956967655778062335e-04
1.113617670929928494e+01 4.914907341951661691e-04
1.114617670929928472e+01 4.867517861767494628e-04
1.115617670929928451e+01 4.820350892583511598e-04
1.116617670929928430e+01 4.773408218523199570e-04
1.117617670929928408e+01 4.726691597046444714e-04
1.118617670929928387e+01 4.680202758136936428e-04
1.119617670929928366e+01 4.633943403506179167e-04
1.120617670929928344e+01 4.587915205814737133e-04
1.121617670929928323e+01 4.542119807911341187e-04
1.122617670929928302e+01 4.496558822090462979e-04
1.123617670929928281e+01 4.451233829368940681e-04
1.124617670929928259e+01 4.406146378782225528e-04
1.125617670929928238e+01 4.352143904926137870e-04
1.126617670929928217e+01 4.254478186066295523e-04
1.127617670929928195e+01 4.157342288474754895e-04
1.128617670929928174e+01 4.060739309062386636e-04
1.129617670929928153e+01 3.964672267699475032e-04
1.130617670929928131e+01 3.869144105956040958e-04
1.131617670929928110e+01 3.774157685892447428e-04
1.132617670929928089e+01 3.679715788901120931e-04
1.133617670929928067e+01 3.585821114600171904e-04
1.134617670929928046e+01 3.492476279779627201e-04
1.135617670929928025e+01 3.399683817400933747e-04
1.136617670929928003e+01 3.313348852324393494e-04
1.137617670929927982e+01 3.241217354708978023e-04
1.138617670929927961e+01 3.169527195006728105e-04
1.139617670929927939e+01 3.098282607430259683e-04
1.140617670929927918e+01 3.027487790643304446e-04
1.141617670929927897e+01 2.957146813363493000e-04
1.142617670929927876e+01 2.887263613024871689e-04
1.143617670929927854e+01 2.817841994547238258e-04
1.144617670929927833e+01 2.748885629213081877e-04
1.145617670929927812e+01 2.680398053652744968e-04
1.146617670929927790e+01 2.643748337075867453e-04
1.147617670929927769e+01 2.635003660233475983e-04
1.148617670929927748e+01 2.626320947562288529e-04
1.149617670929927726e+01 2.617700586196555529e-04
1.150617670929927705e+01 2.609142945391010110e-04
1.151617670929927684e+01 2.600648376473992606e-04
1.152617670929927662e+01 2.592217212814535267e-04
1.153617670929927641e+01 2.583849769803314993e-04
1.154617670929927620e+01 2.575546344847360800e-04
1.155617670929927598e+01 2.573940234238345230e-04
1.156617670929927577e+01 2.575687831073543107e-04
1.157617670929927556e+01 2.577421573949210303e-04
1.158617670929927534e+01 2.579141383077792758e-04
1.159617670929927513e+01 2.580847123867573904e-04
1.160617670929927492e+01 2.582538662000438299e-04
1.161617670929927471e+01 2.584215870596888367e-04
1.162617670929927449e+01 2.585878630187227927e-04
1.163617670929927428e+01 2.597324507264918685e-04
1.164617670929927407e+01 2.615071739947445718e-04
1.165617670929927385e+01 2.632658578728570560e-04
1.166617670929927364e+01 2.650084042967334693e-04
1.167617670929927343e+01 2.667347229808528361e-04
1.168617670929927321e+01 2.684447313425908778e-04
1.169617670929927300e+01 2.701383544200291944e-04
1.170617670929927279e+01 2.729322759357860292e-04
1.171617670929927257e+01 2.788294272605171373e-04
1.172617670929927236e+01 2.846677534371298010e-04
1.173617670929927215e+01 2.904470690753518220e-04
1.174617670929927193e+01 2.961669641427811797e-04
1.175617670929927172e+01 3.018269121190008189e-04
1.176617670929927151e+01 3.074264243873859855e-04
1.177617670929927129e+01 3.108044048581705084e-04
1.178617670929927108e+01 3.125586445161163108e-04
1.179617670929927087e+01 3.142931345240954706e-04
1.180617670929927066e+01 3.160077685349731136e-04
1.181617670929927044e+01 3.177024524438410206e-04
1.182617670929927023e+01 3.193771042398588526e-04
1.183617670929927002e+01 3.180942846520029717e-04
1.184617670929926980e+01 3.140073422631648489e-04
1.185617670929926959e+01 3.099709310920804590e-04
1.186617670929926938e+01 3.059852587799359483e-04
1.187617670929926916e+01 3.020507034231241072e-04
1.188617670929926895e+01 2.982715694889322665e-04
1.189617670929926874e+01 2.989055021790798668e-04
1.190617670929926852e+01 2.995308133271415299e-04
1.191617670929926831e+01 3.001474600344933123e-04
1.192617670929926810e+01 3.007554052565573053e-04
1.193617670929926788e+01 3.014913266328687327e-04
1.194617670929926767e+01 3.065586664423282045e-04
1.195617670929926746e+01 3.115506759245652985e-04
1.196617670929926724e+01 3.164671036462337033e-04
1.197617670929926703e+01 3.213074292048761810e-04
1.198617670929926682e+01 3.270377595279567702e-04
1.199617670929926661e+01 3.336251622157010411e-04
1.200617670929926639e+01 3.401037775866901525e-04
1.201617670929926618e+01 3.464731933288152247e-04
1.202617670929926597e+01 3.463621405104047048e-04
1.203617670929926575e+01 3.367814568456589859e-04
1.204617670929926554e+01 3.273719982176344942e-04
1.205617670929926533e+01 3.181346292629221788e-04
1.206617670929926511e+01 3.517911873459580899e-04
1.207617670929926490e+01 4.023014968313250866e-04
1.208617670929926469e+01 4.518194649251221153e-04
1.209617670929926447e+01 4.858194940862812930e-04
1.210617670929926426e+01 4.953963252989833322e-04
1.211617670929926405e+01 5.047720874165132756e-04
1.212617670929926383e+01 4.604831263775345518e-04
1.213617670929926362e+01 3.371044431431714263e-04
1.214617670929926341e+01 2.165235903347002182e-04
1.215617670929926319e+01 2.131410897511136027e-04
1.216617670929926298e+01 2.285246098773612282e-04
1.217617670929926277e+01 2.727009095956331496e-04
1.218617670929926255e+01 3.455149156063436720e-04
1.219617670929926234e+01 3.847755334427627964e-04
1.220617670929926213e+01 3.704905690794158728e-04
1.221617670929926192e+01 3.529872555708141050e-04
1.222617670929926170e+01 3.323888795780992420e-04
1.223617670929926149e+01 3.550800491682054453e-04
1.224617670929926128e+01 2.966669817039556574e-04
1.225617670929926106e+01 1.760315448658168486e-04
1.226617670929926085e+01 7.501652446913928103e-04
1.227617670929926064e+01 8.778351783290099658e-04
1.228617670929926042e+01 -3.490352104391307290e-04
1.229617670929926021e+01 2.183734053854341018e-04
1.230617670929926000e+01 -3.397039040053708749e-03
1.231617670929925978e+01 -7.001799807885317195e-03
1.232617670929925957e+01 -3.388953503323592978e-03
1.233617670929925936e+01 -5.128651342287680100e-04
1.234617670929925914e+01 1.331980194501572044e-04
1.235617670929925893e+01 3.393797375216751379e-04
1.236617670929925872e+01 -2.650366528291098233e-05
1.237617670929925850e+01 4.387151980761130237e-06
1.238617670929925829e+01 1.151026900625326521e-04
1.239617670929925808e+01 -1.006238642598445196e-05
1.240617670929925787e+01 3.439809203735559292e-04
1.241617670929925765e+01 1.019160631813072204e-03
1.242617670929925744e+01 8.257749988588106984e-04
1.243617670929925723e+01 -3.104008795900937501e-04
1.244617670929925701e+01 -8.294234513198817799e-04
1.245617670929925680e+01 -4.231858173631412217e-04
1.246617670929925659e+01 3.985241602805867441e-04
1.247617670929925637e+01 9.899477240661445259e-05
1.248617670929925616e+01 6.689070492872714732e-04
1.249617670929925595e+01 1.351641209006540587e-03
1.250617670929925573e+01 5.075764445062946537e-04
1.251617670929925552e+01 -1.379360564712448509e-03
1.252617670929925531e+01 -5.983494918691471647e-04
1.253617670929925509e+01 2.062900512837697979e-03
1.254617670929925488e+01 -1.752880969209454076e-03
1.255617670929925467e+01 -3.196579103496157565e-03
1.256617670929925445e+01 1.033652059553712577e-03
1.257617670929925424e+01 1.595249256823629393e-03
1.258617670929925403e+01 1.198937821501056379e-03
1.259617670929925382e+01 5.715901587875112100e-04
1.260617670929925360e+01 -1.064594302069089664e-03
1.261617670929925339e+01 3.149625051067805230e-04
1.262617670929925318e+01 -1.634403430880620772e-04
1.263617670929925296e+01 -2.610268137197529602e-05
1.264617670929925275e+01 3.603771442607395801e-04
1.265617670929925254e+01 2.990056692165866340e-04
1.266617670929925232e+01 3.319709372093195454e-04
1.267617670929925211e+01 3.255004821050437635e-04
1.268617670929925190e+01 3.348799571909510161e-04
1.269617670929925168e+01 3.320493017763451833e-04
1.270617670929925147e+01 3.172676182793788494e-04
1.271617670929925126e+01 3.488675355589521045e-04
1.272617670929925104e+01 4.051392374256166003e-04
1.273617670929925083e+01 2.308231937995770084e-04
1.274617670929925062e+01 1.275180638947409194e-04
1.275617670929925040e+01 9.363443309617707714e-04
1.276617670929925019e+01 1.217653272327033284e-03
1.277617670929924998e+01 7.982431131150546704e-04
1.278617670929924977e+01 -8.747341766864100273e-04
1.279617670929924955e+01 -9.552375847339516363e-04
1.280617670929924934e+01 -4.540792660098764803e-04
1.281617670929924913e+01 2.923310228640077827e-04
1.282617670929924891e+01 4.738907705465707004e-04
1.283617670929924870e+01 3.526365981048688847e-04
1.284617670929924849e+01 4.582506157939818313e-04
1.285617670929924827e+01 4.843965274431536079e-04
1.286617670929924806e+01 4.453350979494494861e-04
1.287617670929924785e+01 3.885519890218985047e-04
1.288617670929924763e+01 3.453856962663067907e-04
1.289617670929924742e+01 3.126062123522535064e-04
1.290617670929924721e+01 2.986632412574101642e-04
1.291617670929924699e+01 3.565582764889181156e-04
1.292617670929924678e+01 2.250309214485077518e-04
1.293617670929924657e+01 5.581420332427689673e-04
1.294617670929924635e+01 1.067583292869702001e-03
1.295617670929924614e+01 1.616937020381378591e-03
1.296617670929924593e+01 -1.499954318418753995e-03
1.297617670929924572e+01 -6.630679583136793627e-03
1.298617670929924550e+01 1.319062856217041030e-03
1.299617670929924529e+01 4.098526060846918555e-03
1.300617670929924508e+01 -7.592403311767329573e-04
1.301617670929924486e+01 1.188247372224970379e-04
1.302617670929924465e+01 1.865237239461691419e-03
1.303617670929924444e+01 7.362912598597969038e-04
1.304617670929924422e+01 4.613032912247922042e-04
1.305617670929924401e+01 -8.927058092584891987e-06
1.306617670929924380e+01 6.821461843260968232e-04
1.307617670929924358e+01 6.106157395078268355e-05
1.308617670929924337e+01 4.895844574854889926e-05
1.309617670929924316e+01 3.778051160730627202e-04
1.310617670929924294e+01 3.931398456906003169e-04
1.311617670929924273e+01 1.376793201338967054e-03
1.312617670929924252e+01 -1.516142158405354642e-03
1.313617670929924230e+01 5.886487751321238440e-04
1.314617670929924209e+01 3.693637077435217683e-04
1.315617670929924188e+01 -3.975300715988576449e-04
1.316617670929924167e+01 1.721776599364539286e-03
1.317617670929924145e+01 4.124040039220447135e-04
1.318617670929924124e+01 4.616116537740555721e-04
1.319617670929924103e+01 4.839136472784621524e-04
1.320617670929924081e+01 5.137895538464658240e-04
1.321617670929924060e+01 5.517841367736541847e-04
1.322617670929924039e+01 5.969151227015939481e-04
1.323617670929924017e+01 5.887943833153046419e-04
1.324137243216576110e+01 -5.835922906299288268e-06
