1.000000000000000021e-03 -2.948446108129853670e-04
1.470867587568518630e-03 -2.948446076131580823e-04
6.179543463253705377e-03 -2.948445085386879375e-04
1.617954346325370385e-02 -2.948438936001092012e-04
2.617954346325370579e-02 -2.948427286080094502e-04
3.617954346325370774e-02 -2.948410135687845016e-04
4.617954346325370968e-02 -2.948387484918495128e-04
5.617954346325371162e-02 -2.948359333896389818e-04
6.617954346325370663e-02 -2.948325682776069636e-04
7.617954346325370163e-02 -2.948286531742269081e-04
8.617954346325369663e-02 -2.948241881009916053e-04
9.617954346325369164e-02 -2.948191730824131318e-04
1.061795434632536866e-01 -2.948136081460227959e-04
1.161795434632536816e-01 -2.948074933223708669e-04
1.261795434632536905e-01 -2.948008286450266835e-04
1.361795434632536994e-01 -2.947936141505783829e-04
1.461795434632537083e-01 -2.947858498786326835e-04
1.561795434632537172e-01 -2.947775358718150479e-04
1.661795434632537261e-01 -2.947686721757690324e-04
1.761795434632537349e-01 -2.947592588391566119e-04
1.861795434632537438e-01 -2.947492959136576384e-04
1.961795434632537527e-01 -2.947387834539698403e-04
2.061795434632537616e-01 -2.947277215178083893e-04
2.161795434632537705e-01 -2.947161101659060084e-04
2.261795434632537793e-01 -2.947039494620123760e-04
2.361795434632537882e-01 -2.946912394728941256e-04
2.461795434632537971e-01 -2.946779802683345204e-04
2.561795434632537782e-01 -2.946641719211331284e-04
2.661795434632537871e-01 -2.946498145071056057e-04
2.761795434632537960e-01 -2.946349081050834246e-04
2.861795434632538049e-01 -2.946194527969133868e-04
2.961795434632538138e-01 -2.946034486674576226e-04
3.061795434632538226e-01 -2.945868958045928863e-04
3.161795434632538315e-01 -2.945697942992105568e-04
3.261795434632538404e-01 -2.945521442452160945e-04
3.361795434632538493e-01 -2.945339457395286628e-04
3.461795434632538582e-01 -2.945151988820809107e-04
3.561795434632538671e-01 -2.944959037758183222e-04
3.661795434632538759e-01 -2.944760605266991626e-04
3.761795434632538848e-01 -2.944556692436937732e-04
3.861795434632538937e-01 -2.944347300387842466e-04
3.961795434632539026e-01 -2.944132430269641009e-04
4.061795434632539115e-01 -2.943912083262376295e-04
4.161795434632539203e-01 -2.943686260576195758e-04
4.261795434632539292e-01 -2.943454963451346993e-04
4.361795434632539381e-01 -2.943218193158171256e-04
4.461795434632539470e-01 -2.942975950997100748e-04
4.561795434632539559e-01 -2.942728238298652653e-04
4.661795434632539648e-01 -2.942475056423422093e-04
4.761795434632539736e-01 -2.942216406762079958e-04
4.861795434632539825e-01 -2.941952290735365860e-04
4.961795434632539914e-01 -2.941682709794083252e-04
5.061795434632540003e-01 -2.941407665419092381e-04
5.161795434632540092e-01 -2.941127159121306495e-04
5.261795434632540180e-01 -2.940841192441684794e-04
5.361795434632540269e-01 -2.940549766951227554e-04
5.461795434632540358e-01 -2.940252884250968532e-04
5.561795434632540447e-01 -2.939950545971969009e-04
5.661795434632540536e-01 -2.939642753775313991e-04
5.761795434632540625e-01 -2.939329509352101369e-04
5.861795434632540713e-01 -2.939010814423439750e-04
5.961795434632540802e-01 -2.938686670740439243e-04
6.061795434632540891e-01 -2.938357080084204949e-04
6.161795434632540980e-01 -2.938022044265831546e-04
6.261795434632541069e-01 -2.937681565126393527e-04
6.361795434632541157e-01 -2.937335644536941950e-04
6.461795434632541246e-01 -2.936984284398493593e-04
6.561795434632541335e-01 -2.936627486642024451e-04
6.661795434632541424e-01 -2.936265253228465401e-04
6.761795434632541513e-01 -2.935897586148689727e-04
6.861795434632541602e-01 -2.935524487423508792e-04
6.961795434632541690e-01 -2.935145959103664442e-04
7.061795434632541779e-01 -2.934762003269817082e-04
7.161795434632541868e-01 -2.934372622032543508e-04
7.261795434632541957e-01 -2.933977817532324979e-04
7.361795434632542046e-01 -2.933577591939538548e-04
7.461795434632542134e-01 -2.933171947454451633e-04
7.561795434632542223e-01 -2.932760886307210642e-04
7.661795434632542312e-01 -2.932344410757835003e-04
7.761795434632542401e-01 -2.931922523096205241e-04
7.861795434632542490e-01 -2.931495225642058097e-04
7.961795434632542579e-01 -2.931062520744973521e-04
8.061795434632542667e-01 -2.930624410784369248e-04
8.161795434632542756e-01 -2.930180898169489415e-04
8.261795434632542845e-01 -2.929731985339395343e-04
8.361795434632542934e-01 -2.929277674762957411e-04
8.461795434632543023e-01 -2.928817968938845291e-04
8.561795434632543111e-01 -2.928352870395516572e-04
8.661795434632543200e-01 -2.927882381691210246e-04
8.761795434632543289e-01 -2.927406505413933705e-04
8.861795434632543378e-01 -2.926925244181454062e-04
8.961795434632543467e-01 -2.926438600641288940e-04
9.061795434632543556e-01 -2.925946577470696169e-04
9.161795434632543644e-01 -2.925449177376661315e-04
9.261795434632543733e-01 -2.924946403095889558e-04
9.361795434632543822e-01 -2.924438257394795381e-04
9.461795434632543911e-01 -2.923924743069490108e-04
9.561795434632544000e-01 -2.923405862945772688e-04
9.661795434632544088e-01 -2.922881619879117766e-04
9.761795434632544177e-01 -2.922352016754666470e-04
9.861795434632544266e-01 -2.921817056487213400e-04
9.961795434632544355e-01 -2.921276742021196326e-04
1.006179543463254333e+00 -2.920731076330685891e-04
1.016179543463254342e+00 -2.920180062419372598e-04
1.026179543463254351e+00 -2.919623703320554887e-04
1.036179543463254360e+00 -2.919062002097129916e-04
1.046179543463254369e+00 -2.918494961841581093e-04
1.056179543463254378e+00 -2.917922585675964526e-04
1.066179543463254387e+00 -2.917344876751898179e-04
1.076179543463254396e+00 -2.916761838250550489e-04
1.086179543463254404e+00 -2.916173473382628438e-04
1.096179543463254413e+00 -2.915579785388362375e-04
1.106179543463254422e+00 -2.914980777537496803e-04
1.116179543463254431e+00 -2.914376453129278446e-04
1.126179543463254440e+00 -2.913766815492438910e-04
1.136179543463254449e+00 -2.913151867985188173e-04
1.146179543463254458e+00 -2.912531613995196695e-04
1.156179543463254467e+00 -2.911906056939585121e-04
1.166179543463254475e+00 -2.911275200264910727e-04
1.176179543463254484e+00 -2.910639047447153866e-04
1.186179543463254493e+00 -2.909997601991705504e-04
1.196179543463254502e+00 -2.909350867433352578e-04
1.206179543463254511e+00 -2.908698847336266616e-04
1.216179543463254520e+00 -2.908041545293988555e-04
1.226179543463254529e+00 -2.907378964929414108e-04
1.236179543463254538e+00 -2.906711109894781833e-04
1.246179543463254547e+00 -2.906037983871659586e-04
1.256179543463254555e+00 -2.905359590570928793e-04
1.266179543463254564e+00 -2.904675933732770907e-04
1.276179543463254573e+00 -2.903987017126652762e-04
1.286179543463254582e+00 -2.903292844551314650e-04
1.296179543463254591e+00 -2.902593419834752437e-04
1.306179543463254600e+00 -2.901888746834204542e-04
1.316179543463254609e+00 -2.901178829436138395e-04
1.326179543463254618e+00 -2.900463671556234167e-04
1.336179543463254626e+00 -2.899743277139368511e-04
1.346179543463254635e+00 -2.899017650159604800e-04
1.356179543463254644e+00 -2.898286794620170905e-04
1.366179543463254653e+00 -2.897550714553449977e-04
1.376179543463254662e+00 -2.896809414020962018e-04
1.386179543463254671e+00 -2.896062897113349239e-04
1.396179543463254680e+00 -2.895311167950360347e-04
1.406179543463254689e+00 -2.894554230680835357e-04
1.416179543463254697e+00 -2.893792089482688794e-04
1.426179543463254706e+00 -2.893024748562896139e-04
1.436179543463254715e+00 -2.892252212157473768e-04
1.446179543463254724e+00 -2.891474484531467029e-04
1.456179543463254733e+00 -2.890691569978932353e-04
1.466179543463254742e+00 -2.889903472822920446e-04
1.476179543463254751e+00 -2.889110197415460570e-04
1.486179543463254760e+00 -2.888311748137543738e-04
1.496179543463254769e+00 -2.887508129399106449e-04
1.506179543463254777e+00 -2.886699345639013887e-04
1.516179543463254786e+00 -2.885885401325041484e-04
1.526179543463254795e+00 -2.885066300953861374e-04
1.536179543463254804e+00 -2.884242049051022327e-04
1.546179543463254813e+00 -2.883412650170932953e-04
1.556179543463254822e+00 -2.882578108896846516e-04
1.566179543463254831e+00 -2.881738429840840338e-04
1.576179543463254840e+00 -2.880893617643802244e-04
1.586179543463254848e+00 -2.880043676975407797e-04
1.596179543463254857e+00 -2.879188612534108369e-04
1.606179543463254866e+00 -2.878328429047108915e-04
1.616179543463254875e+00 -2.877463131270352253e-04
1.626179543463254884e+00 -2.876592723988499007e-04
1.636179543463254893e+00 -2.875717212014912969e-04
1.646179543463254902e+00 -2.874836600191639415e-04
1.656179543463254911e+00 -2.873950893389387758e-04
1.666179543463254920e+00 -2.873060096507513116e-04
1.676179543463254928e+00 -2.872164214474000050e-04
1.686179543463254937e+00 -2.871263252245438171e-04
1.696179543463254946e+00 -2.870357214807010750e-04
1.706179543463254955e+00 -2.869446107172468163e-04
1.716179543463254964e+00 -2.868529934384115416e-04
1.726179543463254973e+00 -2.867608701512788295e-04
1.736179543463254982e+00 -2.866682413657838189e-04
1.746179543463254991e+00 -2.865751075947108235e-04
1.756179543463254999e+00 -2.864814693536917056e-04
1.766179543463255008e+00 -2.863873271612038703e-04
1.776179543463255017e+00 -2.862926815385682055e-04
1.786179543463255026e+00 -2.861975330099471304e-04
1.796179543463255035e+00 -2.861018821023426982e-04
1.806179543463255044e+00 -2.860057293455944274e-04
1.816179543463255053e+00 -2.859090752723774049e-04
1.826179543463255062e+00 -2.858119204182002797e-04
1.836179543463255071e+00 -2.857142653214030949e-04
1.846179543463255079e+00 -2.856161105231553362e-04
1.856179543463255088e+00 -2.855174565674539256e-04
1.866179543463255097e+00 -2.854183040011210536e-04
1.876179543463255106e+00 -2.853186533738020646e-04
1.886179543463255115e+00 -2.852185052379635597e-04
1.896179543463255124e+00 -2.851178601488909572e-04
1.906179543463255133e+00 -2.850167186646868122e-04
1.916179543463255142e+00 -2.849150813462682686e-04
1.926179543463255150e+00 -2.848129487573652159e-04
1.936179543463255159e+00 -2.847103214645179585e-04
1.946179543463255168e+00 -2.846072000370752095e-04
1.956179543463255177e+00 -2.845035850471917599e-04
1.966179543463255186e+00 -2.843994770698264184e-04
1.976179543463255195e+00 -2.842948766827397352e-04
1.986179543463255204e+00 -2.841897844664918325e-04
1.996179543463255213e+00 -2.840842010044402374e-04
2.006179543463255222e+00 -2.839781268827374413e-04
2.016179543463255008e+00 -2.838715626903290032e-04
2.026179543463254795e+00 -2.837645090189509474e-04
2.036179543463254582e+00 -2.836569664631276495e-04
2.046179543463254369e+00 -2.835489356201697760e-04
2.056179543463254156e+00 -2.834404170901714658e-04
2.066179543463253943e+00 -2.833314114760085412e-04
2.076179543463253729e+00 -2.832219193833360139e-04
2.086179543463253516e+00 -2.831119414205856459e-04
2.096179543463253303e+00 -2.830014781989636727e-04
2.106179543463253090e+00 -2.828905303324486887e-04
2.116179543463252877e+00 -2.827790984377888828e-04
2.126179543463252664e+00 -2.826671831344999245e-04
2.136179543463252450e+00 -2.825547850448626862e-04
2.146179543463252237e+00 -2.824419047939203710e-04
2.156179543463252024e+00 -2.823285430094767774e-04
2.166179543463251811e+00 -2.822147003220932637e-04
2.176179543463251598e+00 -2.821003773650866339e-04
2.186179543463251385e+00 -2.819855747745266981e-04
2.196179543463251171e+00 -2.818702931892337247e-04
2.206179543463250958e+00 -2.817545332507758924e-04
2.216179543463250745e+00 -2.816382956034670136e-04
2.226179543463250532e+00 -2.815215808943638781e-04
2.236179543463250319e+00 -2.814043897732638674e-04
2.246179543463250106e+00 -2.812867228927022991e-04
2.256179543463249892e+00 -2.811685809079499327e-04
2.266179543463249679e+00 -2.810499644770105302e-04
2.276179543463249466e+00 -2.809308742606182545e-04
2.286179543463249253e+00 -2.808113109222348499e-04
2.296179543463249040e+00 -2.806912751280475822e-04
2.306179543463248827e+00 -2.805707675469660948e-04
2.316179543463248613e+00 -2.804497888506201318e-04
2.326179543463248400e+00 -2.803283397133568273e-04
2.336179543463248187e+00 -2.802064208122380493e-04
2.346179543463247974e+00 -2.800840328270377431e-04
2.356179543463247761e+00 -2.799611764402393298e-04
2.366179543463247548e+00 -2.798378523370329950e-04
2.376179543463247335e+00 -2.797140612053130334e-04
2.386179543463247121e+00 -2.795898037356749750e-04
2.396179543463246908e+00 -2.794650806214131998e-04
2.406179543463246695e+00 -2.793398925585179027e-04
2.416179543463246482e+00 -2.792142402456725451e-04
2.426179543463246269e+00 -2.790881243842509274e-04
2.436179543463246056e+00 -2.789615456783145877e-04
2.446179543463245842e+00 -2.788345048346100360e-04
2.456179543463245629e+00 -2.787070025625657194e-04
2.466179543463245416e+00 -2.785790395742894737e-04
2.476179543463245203e+00 -2.784506165845654878e-04
2.486179543463244990e+00 -2.783217343108517557e-04
2.496179543463244777e+00 -2.781923934732768782e-04
2.506179543463244563e+00 -2.780625947946374068e-04
2.516179543463244350e+00 -2.779323390003949701e-04
2.526179543463244137e+00 -2.778016268186733469e-04
2.536179543463243924e+00 -2.776704589802553758e-04
2.546179543463243711e+00 -2.775388362185804620e-04
2.556179543463243498e+00 -2.774067592697411076e-04
2.566179543463243284e+00 -2.772742288724804722e-04
2.576179543463243071e+00 -2.771412457681890116e-04
2.586179543463242858e+00 -2.770078107009017136e-04
2.596179543463242645e+00 -2.768739244172951160e-04
2.606179543463242432e+00 -2.767395876666840001e-04
2.616179543463242219e+00 -2.766048012010188426e-04
2.626179543463242005e+00 -2.764695657748824547e-04
2.636179543463241792e+00 -2.763338821454868377e-04
2.646179543463241579e+00 -2.761977510726705272e-04
2.656179543463241366e+00 -2.760611733188951230e-04
2.666179543463241153e+00 -2.759241496492422538e-04
2.676179543463240940e+00 -2.757866808314107039e-04
2.686179543463240726e+00 -2.756487676357129981e-04
2.696179543463240513e+00 -2.755104108350723657e-04
2.706179543463240300e+00 -2.753716112050195964e-04
2.716179543463240087e+00 -2.752323695236898421e-04
2.726179543463239874e+00 -2.750926865718195265e-04
2.736179543463239661e+00 -2.749525631327428762e-04
2.746179543463239447e+00 -2.748119999923889930e-04
2.756179543463239234e+00 -2.746709979392783843e-04
2.766179543463239021e+00 -2.745295577645198736e-04
2.776179543463238808e+00 -2.743876802618071850e-04
2.786179543463238595e+00 -2.724274782064595645e-04
2.796179543463238382e+00 -2.701868394812897717e-04
2.806179543463238168e+00 -2.679393739559943416e-04
2.816179543463237955e+00 -2.656850942503821179e-04
2.826179543463237742e+00 -2.634240130245761591e-04
2.836179543463237529e+00 -2.611561429789595280e-04
2.846179543463237316e+00 -2.588814968541234673e-04
2.856179543463237103e+00 -2.566000874308129722e-04
2.866179543463236890e+00 -2.543119275298729061e-04
2.876179543463236676e+00 -2.520170300121947655e-04
2.886179543463236463e+00 -2.497154077786622539e-04
2.896179543463236250e+00 -2.474070737700960953e-04
2.906179543463236037e+00 -2.450920409671994990e-04
2.916179543463235824e+00 -2.427703223905032992e-04
2.926179543463235611e+00 -2.404419311003105518e-04
2.936179543463235397e+00 -2.381068801966406984e-04
2.946179543463235184e+00 -2.357651828191736215e-04
2.956179543463234971e+00 -2.334168521471933740e-04
2.966179543463234758e+00 -2.310619013995316925e-04
2.976179543463234545e+00 -2.287003438345116190e-04
2.986179543463234332e+00 -2.263321927498898210e-04
2.996179543463234118e+00 -2.239574614827991288e-04
3.006179543463233905e+00 -2.215761634096921574e-04
3.016179543463233692e+00 -2.191883119462811327e-04
3.026179543463233479e+00 -2.167939205474814050e-04
3.036179543463233266e+00 -2.143930027073522515e-04
3.046179543463233053e+00 -2.119855719590384375e-04
3.056179543463232839e+00 -2.095716418747102603e-04
3.066179543463232626e+00 -2.071512260655050024e-04
3.076179543463232413e+00 -2.047243381814661074e-04
3.086179543463232200e+00 -2.022909919114839828e-04
3.096179543463231987e+00 -1.998512009832353930e-04
3.106179543463231774e+00 -1.974049791631226356e-04
3.116179543463231560e+00 -1.949523402562129346e-04
3.126179543463231347e+00 -1.924932981061762069e-04
3.136179543463231134e+00 -1.900278665952243474e-04
3.146179543463230921e+00 -1.875560596440491038e-04
3.156179543463230708e+00 -1.850778912117587594e-04
3.166179543463230495e+00 -1.825933752958174179e-04
3.176179543463230281e+00 -1.801025259319806015e-04
3.186179543463230068e+00 -1.776053571942322589e-04
3.196179543463229855e+00 -1.751018831947218817e-04
3.206179543463229642e+00 -1.725921180836995604e-04
3.216179543463229429e+00 -1.700760760494523420e-04
3.226179543463229216e+00 -1.675537713182400452e-04
3.236179543463229002e+00 -1.650252181542291238e-04
3.246179543463228789e+00 -1.624904308594292413e-04
3.256179543463228576e+00 -1.599494237736250740e-04
3.266179543463228363e+00 -1.574022112743131028e-04
3.276179543463228150e+00 -1.548488077766336330e-04
3.286179543463227937e+00 -1.522892277333049837e-04
3.296179543463227724e+00 -1.497234856345555079e-04
3.306179543463227510e+00 -1.471515960080576734e-04
3.316179543463227297e+00 -1.445735734188592159e-04
3.326179543463227084e+00 -1.419894324693152677e-04
3.336179543463226871e+00 -1.393991877990205953e-04
3.346179543463226658e+00 -1.368028540847402103e-04
3.356179543463226445e+00 -1.342004460403405227e-04
3.366179543463226231e+00 -1.315919784167198436e-04
3.376179543463226018e+00 -1.289774660017383454e-04
3.386179543463225805e+00 -1.263569236201476974e-04
3.396179543463225592e+00 -1.237303661335215684e-04
3.406179543463225379e+00 -1.210978084401829850e-04
3.416179543463225166e+00 -1.184592654751339671e-04
3.426179543463224952e+00 -1.158147522099835366e-04
3.436179543463224739e+00 -1.131642836528762687e-04
3.446179543463224526e+00 -1.105078748484186746e-04
3.456179543463224313e+00 -1.078455408776068849e-04
3.466179543463224100e+00 -1.051772968577537916e-04
3.476179543463223887e+00 -1.025031579424145632e-04
3.486179543463223673e+00 -9.982313932131313579e-05
3.496179543463223460e+00 -9.713725622026762006e-05
3.506179543463223247e+00 -9.444552390111538281e-05
3.516179543463223034e+00 -9.174795766163791177e-05
3.526179543463222821e+00 -8.904457283548535516e-05
3.536179543463222608e+00 -8.633538479209997701e-05
3.546179543463222394e+00 -8.362040893663982930e-05
3.556179543463222181e+00 -8.089966070990274941e-05
3.566179543463221968e+00 -7.817315558824764702e-05
3.576179543463221755e+00 -7.544090908351817632e-05
3.586179543463221542e+00 -7.270293674296293869e-05
3.596179543463221329e+00 -6.995925414915915488e-05
3.606179543463221115e+00 -6.720987691993189194e-05
3.616179543463220902e+00 -6.445482070827556701e-05
3.626179543463220689e+00 -6.169410120227371633e-05
3.636179543463220476e+00 -5.892773412501887270e-05
3.646179543463220263e+00 -5.615573523453211771e-05
3.656179543463220050e+00 -5.337812032368220022e-05
3.666179543463219836e+00 -5.059490522010324544e-05
3.676179543463219623e+00 -4.780610578611333133e-05
3.686179543463219410e+00 -4.501173791863198083e-05
3.696179543463219197e+00 -4.221181754909711197e-05
3.706179543463218984e+00 -3.940636064338209638e-05
3.716179543463218771e+00 -3.659538320171119158e-05
3.726179543463218558e+00 -3.377890125857659943e-05
3.736179543463218344e+00 -3.095693088265270582e-05
3.746179543463218131e+00 -2.812948817671140442e-05
3.756179543463217918e+00 -2.529658927753677001e-05
3.766179543463217705e+00 -2.245825035583853910e-05
3.776179543463217492e+00 -1.961448761616559067e-05
3.786179543463217279e+00 -1.676531729681920990e-05
3.796179543463217065e+00 -1.391075566976591842e-05
3.806179543463216852e+00 -1.105081904054900331e-05
3.816179543463216639e+00 -8.185523748200479975e-06
3.826179543463216426e+00 -5.314886165151536980e-06
3.836179543463216213e+00 -2.438922697144715705e-06
3.846179543463216000e+00 4.423502168573794843e-07
3.856179543463215786e+00 3.328916104762395280e-06
3.866179543463215573e+00 6.220758461437567687e-06
3.876179543463215360e+00 9.117860748802529731e-06
3.886179543463215147e+00 1.202020639592092655e-05
3.896179543463214934e+00 1.492777879909170519e-05
3.906179543463214721e+00 1.784056132194278971e-05
3.916179543463214507e+00 2.075853729552421412e-05
3.926179543463214294e+00 2.368169001840168906e-05
3.936179543463214081e+00 2.661000275675114417e-05
3.946179543463213868e+00 2.954345874445348744e-05
3.956179543463213655e+00 3.248204118318936441e-05
3.966179543463213442e+00 3.542573324253597746e-05
3.976179543463213228e+00 3.837451806006298349e-05
3.986179543463213015e+00 4.132837874142871685e-05
3.996179543463212802e+00 4.428729836047896017e-05
4.006179543463212589e+00 4.725125995934338413e-05
4.016179543463212376e+00 5.022024654853513145e-05
4.026179543463212163e+00 5.319424110704866612e-05
4.036179543463211949e+00 5.617322658246060420e-05
4.046179543463211736e+00 5.915718589102897254e-05
4.056179543463211523e+00 6.214610191779366011e-05
4.066179543463211310e+00 6.513995751667795353e-05
4.076179543463211097e+00 6.813873551058958469e-05
4.086179543463210884e+00 7.114241869152378422e-05
4.096179543463210670e+00 7.415098982066573854e-05
4.106179543463210457e+00 7.716443162849310122e-05
4.116179543463210244e+00 8.018272681488067266e-05
4.126179543463210031e+00 8.320585804920529668e-05
4.136179543463209818e+00 8.623380797044929340e-05
4.146179543463209605e+00 8.926655918730730735e-05
4.156179543463209392e+00 9.230409427829196298e-05
4.166179543463209178e+00 9.534639579184027913e-05
4.176179543463208965e+00 9.839344624642084236e-05
4.186179543463208752e+00 1.014452281306428777e-04
4.196179543463208539e+00 1.045017239033626632e-04
4.206179543463208326e+00 1.075629159937934679e-04
4.216179543463208113e+00 1.106287868016156526e-04
4.226179543463207899e+00 1.136993186970858489e-04
4.236179543463207686e+00 1.167744940211478733e-04
4.246179543463207473e+00 1.198542950855442917e-04
4.256179543463207260e+00 1.229387041729278207e-04
4.266179543463207047e+00 1.260277035369742477e-04
4.276179543463206834e+00 1.291212754024950791e-04
4.286179543463206620e+00 1.322194019655519243e-04
4.296179543463206407e+00 1.353220653935693061e-04
4.306179543463206194e+00 1.384292478254513215e-04
4.316179543463205981e+00 1.415409313716952115e-04
4.326179543463205768e+00 1.446570981145092142e-04
4.336179543463205555e+00 1.477777301079279235e-04
4.346179543463205341e+00 1.509028093779303048e-04
4.356179543463205128e+00 1.540323179225570058e-04
4.366179543463204915e+00 1.571662377120293472e-04
4.376179543463204702e+00 1.603045506888682603e-04
4.386179543463204489e+00 1.634472387680138195e-04
4.396179543463204276e+00 1.665942838369458608e-04
4.406179543463204062e+00 1.697456677558048695e-04
4.416179543463203849e+00 1.729013723575138989e-04
4.426179543463203636e+00 1.760613794479000556e-04
4.436179543463203423e+00 1.792256708058183692e-04
4.446179543463203210e+00 1.823942281832743612e-04
4.456179543463202997e+00 1.855670333055487830e-04
4.466179543463202783e+00 1.887440678713225156e-04
4.476179543463202570e+00 1.919253135528009818e-04
4.486179543463202357e+00 1.951107519958417569e-04
4.496179543463202144e+00 1.983003648200797942e-04
4.506179543463201931e+00 2.014941336190557400e-04
4.516179543463201718e+00 2.046920399603439238e-04
4.526179543463201504e+00 2.078940653856803486e-04
4.536179543463201291e+00 2.111001914110924153e-04
4.546179543463201078e+00 2.143103995270293524e-04
4.556179543463200865e+00 2.175246711984915615e-04
4.566179543463200652e+00 2.207429878651637027e-04
4.576179543463200439e+00 2.239653309415449620e-04
4.586179543463200226e+00 2.271916818170827330e-04
4.596179543463200012e+00 2.304220218563053234e-04
4.606179543463199799e+00 2.336563323989562877e-04
4.616179543463199586e+00 2.368945947601288141e-04
4.626179543463199373e+00 2.401367902304007073e-04
4.636179543463199160e+00 2.433829000759717034e-04
4.646179543463198947e+00 2.466329055387979103e-04
4.656179543463198733e+00 2.498867878367315074e-04
4.666179543463198520e+00 2.531445281636568131e-04
4.676179543463198307e+00 2.564061076896303635e-04
4.686179543463198094e+00 2.596715075610192569e-04
4.696179543463197881e+00 2.629407089006413406e-04
4.706179543463197668e+00 2.662136928079068625e-04
4.716179543463197454e+00 2.694904403589593630e-04
4.726179543463197241e+00 2.727709326068168379e-04
4.736179543463197028e+00 2.760551505794207709e-04
4.746179543463196815e+00 2.793430752084636280e-04
4.756179543463196602e+00 2.826346873102550199e-04
4.766179543463196389e+00 2.859299676661391457e-04
4.776179543463196175e+00 2.892288970278571484e-04
4.786179543463195962e+00 2.925314561176084807e-04
4.796179543463195749e+00 2.958376256281163366e-04
4.806179543463195536e+00 2.991473862226895594e-04
4.816179543463195323e+00 3.024607185352895912e-04
4.826179543463195110e+00 3.057776031705961755e-04
4.836179543463194896e+00 3.090980207040732765e-04
4.846179543463194683e+00 3.124219516820377638e-04
4.856179543463194470e+00 3.157493766217287466e-04
4.866179543463194257e+00 3.190802760113758247e-04
4.876179543463194044e+00 3.224146303102704827e-04
4.886179543463193831e+00 3.257524199488381900e-04
4.896179543463193617e+00 3.290936253287095239e-04
4.906179543463193404e+00 3.324382268227946005e-04
4.916179543463193191e+00 3.357862047753575052e-04
4.926179543463192978e+00 3.391375395020911564e-04
4.936179543463192765e+00 3.424922112901944470e-04
4.946179543463192552e+00 3.458502003984492224e-04
4.956179543463192338e+00 3.492114870572984517e-04
4.966179543463192125e+00 3.525760514689262959e-04
4.976179543463191912e+00 3.559438738073380138e-04
4.986179543463191699e+00 3.593149342184421982e-04
4.996179543463191486e+00 3.626892128201328509e-04
5.006179543463191273e+00 3.660666897023732991e-04
5.016179543463191060e+00 3.694473449272804924e-04
5.026179543463190846e+00 3.728311585292114682e-04
5.036179543463190633e+00 3.762181105148497623e-04
5.046179543463190420e+00 3.796081808632934462e-04
5.056179543463190207e+00 3.830013495261450074e-04
5.066179543463189994e+00 3.863975964276007962e-04
5.076179543463189781e+00 3.897969014645425324e-04
5.086179543463189567e+00 3.931992445066301669e-04
5.096179543463189354e+00 3.966046053963957199e-04
5.106179543463189141e+00 4.000129639493376060e-04
5.116179543463188928e+00 4.034242999540175079e-04
5.126179543463188715e+00 4.068385931721562199e-04
5.136179543463188502e+00 4.102558233387341535e-04
5.146179543463188288e+00 4.136759701620886442e-04
5.156179543463188075e+00 4.170990133240168427e-04
5.166179543463187862e+00 4.205249324798765453e-04
5.176179543463187649e+00 4.239537072586901153e-04
5.186179543463187436e+00 4.273853172632489450e-04
5.196179543463187223e+00 4.308197420702191121e-04
5.206179543463187009e+00 4.342569612302487150e-04
5.216179543463186796e+00 4.376969542680759140e-04
5.226179543463186583e+00 4.411397006826391944e-04
5.236179543463186370e+00 4.445851799471873048e-04
5.246179543463186157e+00 4.480333715093928271e-04
5.256179543463185944e+00 4.514842547914649337e-04
5.266179543463185730e+00 4.549378091902640960e-04
5.276179543463185517e+00 4.583940140774189612e-04
5.286179543463185304e+00 4.618528487994433382e-04
5.296179543463185091e+00 4.653142926778555677e-04
5.306179543463184878e+00 4.687783250092986522e-04
5.316179543463184665e+00 4.722449250656619033e-04
5.326179543463184451e+00 4.757140720942035108e-04
5.336179543463184238e+00 4.791857453176760393e-04
5.346179543463184025e+00 4.826599239344510567e-04
5.356179543463183812e+00 4.861365871186472875e-04
5.366179543463183599e+00 4.896157140202587110e-04
5.376179543463183386e+00 4.930972837652849907e-04
5.386179543463183172e+00 4.965812754558622836e-04
5.396179543463182959e+00 5.000676681703971390e-04
5.406179543463182746e+00 5.035564409637002890e-04
5.416179543463182533e+00 5.070475728671227159e-04
5.426179543463182320e+00 5.105410428886926954e-04
5.436179543463182107e+00 5.140368300132546831e-04
5.446179543463181894e+00 5.175349132026098265e-04
5.456179543463181680e+00 5.210352713956573458e-04
5.466179543463181467e+00 5.245378835085385150e-04
5.476179543463181254e+00 5.325918813256385644e-04
5.486179543463181041e+00 5.475798344716916941e-04
5.496179543463180828e+00 5.625771492026960738e-04
5.506179543463180615e+00 5.775837350306986355e-04
5.516179543463180401e+00 5.925995013736418994e-04
5.526179543463180188e+00 6.076243575560210004e-04
5.536179543463179975e+00 6.226582128095346433e-04
5.546179543463179762e+00 6.377009762737547056e-04
5.556179543463179549e+00 6.527525569967967088e-04
5.566179543463179336e+00 6.678128639359963599e-04
5.576179543463179122e+00 6.828818059585956349e-04
5.586179543463178909e+00 6.979592918424358007e-04
5.596179543463178696e+00 7.130452302766556415e-04
5.606179543463178483e+00 7.281395298623944551e-04
5.616179543463178270e+00 7.432420991135106625e-04
5.626179543463178057e+00 7.583528464572930443e-04
5.636179543463177843e+00 7.734716802351940951e-04
5.646179543463177630e+00 7.885985087035612094e-04
5.656179543463177417e+00 8.037332400343743730e-04
5.666179543463177204e+00 8.188757823159972978e-04
5.676179543463176991e+00 8.340260435539298585e-04
5.686179543463176778e+00 8.491839316715713709e-04
5.696179543463176564e+00 8.643493545109869058e-04
5.706179543463176351e+00 8.795222198336853127e-04
5.716179543463176138e+00 8.947024353214011461e-04
5.726179543463175925e+00 9.098899085768856997e-04
5.736179543463175712e+00 9.250845471247036780e-04
5.746179543463175499e+00 9.402862584120368072e-04
5.756179543463175285e+00 9.554949498095000222e-04
5.766179543463175072e+00 9.707105286119559195e-04
5.776179543463174859e+00 9.859329020393430877e-04
5.786179543463174646e+00 1.001161977237511810e-03
5.796179543463174433e+00 1.016397661279062805e-03
5.806179543463174220e+00 1.031639861164197671e-03
5.816179543463174006e+00 1.046888483821574109e-03
5.826179543463173793e+00 1.062143436109168077e-03
5.836179543463173580e+00 1.077404624815147659e-03
5.846179543463173367e+00 1.092671956658749100e-03
5.856179543463173154e+00 1.107945338291164115e-03
5.866179543463172941e+00 1.123224676296431974e-03
5.876179543463172728e+00 1.138509877192341556e-03
5.886179543463172514e+00 1.153800847431336873e-03
5.896179543463172301e+00 1.169097493401437780e-03
5.906179543463172088e+00 1.184399721427158506e-03
5.916179543463171875e+00 1.199707437770442236e-03
5.926179543463171662e+00 1.215020548631598300e-03
5.936179543463171449e+00 1.230338960150247594e-03
5.946179543463171235e+00 1.245662578406277112e-03
5.956179543463171022e+00 1.260991309420801416e-03
5.966179543463170809e+00 1.276325059157131913e-03
5.976179543463170596e+00 1.291663733521753073e-03
5.986179543463170383e+00 1.307007238365306447e-03
5.996179543463170170e+00 1.322355479483582931e-03
6.006179543463169956e+00 1.337708362618521968e-03
6.016179543463169743e+00 1.353065793459220720e-03
6.026179543463169530e+00 1.368427677642947149e-03
6.036179543463169317e+00 1.383793920756161769e-03
6.046179543463169104e+00 1.399164428335549805e-03
6.056179543463168891e+00 1.414539105869060294e-03
6.066179543463168677e+00 1.429917858796948219e-03
6.076179543463168464e+00 1.445300592512830523e-03
6.086179543463168251e+00 1.460687212364747758e-03
6.096179543463168038e+00 1.476077623656230509e-03
6.106179543463167825e+00 1.491471731647377522e-03
6.116179543463167612e+00 1.506869441555941207e-03
6.126179543463167398e+00 1.522270658558417047e-03
6.136179543463167185e+00 1.537675287791143847e-03
6.146179543463166972e+00 1.553083234351412649e-03
6.156179543463166759e+00 1.568494403298580000e-03
6.166179543463166546e+00 1.583908699655193347e-03
6.176179543463166333e+00 1.599326028408117962e-03
6.186179543463166119e+00 1.614746294509677516e-03
6.196179543463165906e+00 1.630169402878799655e-03
6.206179543463165693e+00 1.645595258402168934e-03
6.216179543463165480e+00 1.661023765935389735e-03
6.226179543463165267e+00 1.676454830304152004e-03
6.236179543463165054e+00 1.691888356305410422e-03
6.246179543463164840e+00 1.707324248708568361e-03
6.256179543463164627e+00 1.722762412256668768e-03
6.266179543463164414e+00 1.738202751667593509e-03
6.276179543463164201e+00 1.753645171635272691e-03
6.286179543463163988e+00 1.769089576830896581e-03
6.296179543463163775e+00 1.784535871904139454e-03
6.306179543463163562e+00 1.799983961484388426e-03
6.316179543463163348e+00 1.815433750181981182e-03
6.326179543463163135e+00 1.830885142589453460e-03
6.336179543463162922e+00 1.846338043282786529e-03
6.346179543463162709e+00 1.861792356822672021e-03
6.356179543463162496e+00 1.877247987755776334e-03
6.366179543463162283e+00 1.892704840616017594e-03
6.376179543463162069e+00 1.908162819925846541e-03
6.386179543463161856e+00 1.923621830197537377e-03
6.396179543463161643e+00 1.939081775934483817e-03
6.406179543463161430e+00 1.954542561632505778e-03
6.416179543463161217e+00 1.970004091781159955e-03
6.426179543463161004e+00 1.985466270865059515e-03
6.436179543463160790e+00 2.000929003365200728e-03
6.446179543463160577e+00 2.016392193760296967e-03
6.456179543463160364e+00 2.031855746528118782e-03
6.466179543463160151e+00 2.047319566146846119e-03
6.476179543463159938e+00 2.062783557096419668e-03
6.486179543463159725e+00 2.078247623859906090e-03
6.496179543463159511e+00 2.093711670924865847e-03
6.506179543463159298e+00 2.109175602784734913e-03
6.516179543463159085e+00 2.124639323940204303e-03
6.526179543463158872e+00 2.140102738900612200e-03
6.536179543463158659e+00 2.155565752185344304e-03
6.546179543463158446e+00 2.171028268325237223e-03
6.556179543463158232e+00 2.186490191863991843e-03
6.566179543463158019e+00 2.201951427359590159e-03
6.576179543463157806e+00 2.217411879385725558e-03
6.586179543463157593e+00 2.232871452533230494e-03
6.596179543463157380e+00 2.248330051411520647e-03
6.606179543463157167e+00 2.263787580650037344e-03
6.616179543463156953e+00 2.279243944899704728e-03
6.626179543463156740e+00 2.294699048834385191e-03
6.636179543463156527e+00 2.310152797152349551e-03
6.646179543463156314e+00 2.325605094577746362e-03
6.656179543463156101e+00 2.341055845862085108e-03
6.666179543463155888e+00 2.356504955785718950e-03
6.676179543463155674e+00 2.371952329159340497e-03
6.686179543463155461e+00 2.387397870825476269e-03
6.696179543463155248e+00 2.402841485659997205e-03
6.706179543463155035e+00 2.418283078174234685e-03
6.716179543463154822e+00 2.433722550859647969e-03
6.726179543463154609e+00 2.449159805498511006e-03
6.736179543463154396e+00 2.464594743783297612e-03
6.746179543463154182e+00 2.480027267318617862e-03
6.756179543463153969e+00 2.495457277622372544e-03
6.766179543463153756e+00 2.510884676126918895e-03
6.776179543463153543e+00 2.526309364180267560e-03
6.786179543463153330e+00 2.541731243047297764e-03
6.796179543463153117e+00 2.557150213911000246e-03
6.806179543463152903e+00 2.572566177873734494e-03
6.816179543463152690e+00 2.587979035958516347e-03
6.826179543463152477e+00 2.603388689110325976e-03
6.836179543463152264e+00 2.618795038197437551e-03
6.846179543463152051e+00 2.634197984012771453e-03
6.856179543463151838e+00 2.649597427275270350e-03
6.866179543463151624e+00 2.664993268631299112e-03
6.876179543463151411e+00 2.680385408656065123e-03
6.886179543463151198e+00 2.695773747855061998e-03
6.896179543463150985e+00 2.711158186665536731e-03
6.906179543463150772e+00 2.726538625457979818e-03
6.916179543463150559e+00 2.741914964537634902e-03
6.926179543463150345e+00 2.757287104146037039e-03
6.936179543463150132e+00 2.772654944462569181e-03
6.946179543463149919e+00 2.788018385606039033e-03
6.956179543463149706e+00 2.803377327636287150e-03
6.966179543463149493e+00 2.818731670555807596e-03
6.976179543463149280e+00 2.834081314311398536e-03
6.986179543463149066e+00 2.849426158795832775e-03
6.996179543463148853e+00 2.864766103849549113e-03
7.006179543463148640e+00 2.880101049262368419e-03
7.016179543463148427e+00 2.895430894775231825e-03
7.026179543463148214e+00 2.910755540081960170e-03
7.036179543463148001e+00 2.926074884831035561e-03
7.046179543463147787e+00 2.941388828627408952e-03
7.056179543463147574e+00 2.956697271034325943e-03
7.066179543463147361e+00 2.972000111575172528e-03
7.076179543463147148e+00 2.987297249735351191e-03
7.086179543463146935e+00 3.002588584964172198e-03
7.096179543463146722e+00 3.017874016676766989e-03
7.106179543463146508e+00 3.033153444256027169e-03
7.116179543463146295e+00 3.048426767054563009e-03
7.126179543463146082e+00 3.063693884396684938e-03
7.136179543463145869e+00 3.078954695580404972e-03
7.146179543463145656e+00 3.094209099879458979e-03
7.156179543463145443e+00 3.109456996545356677e-03
7.166179543463145230e+00 3.124698284809442929e-03
7.176179543463145016e+00 3.139932863884990245e-03
7.186179543463144803e+00 3.155160632969306045e-03
7.196179543463144590e+00 3.170381491245864627e-03
7.206179543463144377e+00 3.185595337886456494e-03
7.216179543463144164e+00 3.200802072053364131e-03
7.226179543463143951e+00 3.216001592901552523e-03
7.236179543463143737e+00 3.231193799580885703e-03
7.246179543463143524e+00 3.246378591238358469e-03
7.256179543463143311e+00 3.261555867020355000e-03
7.266179543463143098e+00 3.276725526074922637e-03
7.276179543463142885e+00 3.291887467554068230e-03
7.286179543463142672e+00 3.307041590616073556e-03
7.296179543463142458e+00 3.322187794427831561e-03
7.306179543463142245e+00 3.337325978167203847e-03
7.316179543463142032e+00 3.352456041025393338e-03
7.326179543463141819e+00 3.367577882209342975e-03
7.336179543463141606e+00 3.382691400944147844e-03
7.346179543463141393e+00 3.397796496475490730e-03
7.356179543463141179e+00 3.412893068072094145e-03
7.366179543463140966e+00 3.427981015028192750e-03
7.376179543463140753e+00 3.443060236666026144e-03
7.386179543463140540e+00 3.458130632338345545e-03
7.396179543463140327e+00 3.473192101430945620e-03
7.406179543463140114e+00 3.488244543365208884e-03
7.416179543463139900e+00 3.503287857600671362e-03
7.426179543463139687e+00 3.518321943637606024e-03
7.436179543463139474e+00 3.522367284985581781e-03
7.446179543463139261e+00 3.510413538913762996e-03
7.456179543463139048e+00 3.498467379246349065e-03
7.466179543463138835e+00 3.486528885840895452e-03
7.476179543463138621e+00 3.474598138512032756e-03
7.486179543463138408e+00 3.462675217029331266e-03
7.496179543463138195e+00 3.450760201115145136e-03
7.506179543463137982e+00 3.438853170442447010e-03
7.516179543463137769e+00 3.426954204632650519e-03
7.526179543463137556e+00 3.415063383253414114e-03
7.536179543463137342e+00 3.403180785816441872e-03
7.546179543463137129e+00 3.391306491775263054e-03
7.556179543463136916e+00 3.379440580523001246e-03
7.566179543463136703e+00 3.367583131390136132e-03
7.576179543463136490e+00 3.355734223642247490e-03
7.586179543463136277e+00 3.343893936477748772e-03
7.596179543463136064e+00 3.332062349025612449e-03
7.606179543463135850e+00 3.320239540343076709e-03
7.616179543463135637e+00 3.308425589413350847e-03
7.626179543463135424e+00 3.296620575143299845e-03
7.636179543463135211e+00 3.284824576361124182e-03
7.646179543463134998e+00 3.273037671814024892e-03
7.656179543463134785e+00 3.261259940165862122e-03
7.666179543463134571e+00 3.249491459994800682e-03
7.676179543463134358e+00 3.237732309790943876e-03
7.686179543463134145e+00 3.225982567953963875e-03
7.696179543463133932e+00 3.214242312790713003e-03
7.706179543463133719e+00 3.202511622512834583e-03
7.716179543463133506e+00 3.190790575234357315e-03
7.726179543463133292e+00 3.179079248969284878e-03
7.736179543463133079e+00 3.167377721629175118e-03
7.746179543463132866e+00 3.155686071020710141e-03
7.756179543463132653e+00 3.144004374843259019e-03
7.766179543463132440e+00 3.132332710686430970e-03
7.776179543463132227e+00 3.120671156027620720e-03
7.786179543463132013e+00 3.109019788229547797e-03
7.796179543463131800e+00 3.097378684537784553e-03
7.806179543463131587e+00 3.085747922078282447e-03
7.816179543463131374e+00 3.074127577854883150e-03
7.826179543463131161e+00 3.062517728746831820e-03
7.836179543463130948e+00 3.050918451506276063e-03
7.846179543463130734e+00 3.039329822755762727e-03
7.856179543463130521e+00 3.027751918985728194e-03
7.866179543463130308e+00 3.016184816551979123e-03
7.876179543463130095e+00 3.004628591673172769e-03
7.886179543463129882e+00 2.993083320428287317e-03
7.896179543463129669e+00 2.981549078754090060e-03
7.906179543463129455e+00 2.970025942442597322e-03
7.916179543463129242e+00 2.958513987138534397e-03
7.926179543463129029e+00 2.947013288336785067e-03
7.936179543463128816e+00 2.935523921379841559e-03
7.946179543463128603e+00 2.924045961455248432e-03
7.956179543463128390e+00 2.912579483593042556e-03
7.966179543463128176e+00 2.901124562663190930e-03
7.976179543463127963e+00 2.889681273408856166e-03
7.986179543463127750e+00 2.878249692666136512e-03
7.996179543463127537e+00 2.866829900539029190e-03
8.006179543463128212e+00 2.855421977487452006e-03
8.016179543463127999e+00 2.844026004055860615e-03
8.026179543463127786e+00 2.832642060869468986e-03
8.036179543463127573e+00 2.821270228630441256e-03
8.046179543463127359e+00 2.809910588114029363e-03
8.056179543463127146e+00 2.798563220164669921e-03
8.066179543463126933e+00 2.787228205692035554e-03
8.076179543463126720e+00 2.775905625667042867e-03
8.086179543463126507e+00 2.764595561117818776e-03
8.096179543463126294e+00 2.753298093125623909e-03
8.106179543463126080e+00 2.742013302820732641e-03
8.116179543463125867e+00 2.730741271378271922e-03
8.126179543463125654e+00 2.719482080014020645e-03
8.136179543463125441e+00 2.708235809980166948e-03
8.146179543463125228e+00 2.697002542561026048e-03
8.156179543463125015e+00 2.685782359068716874e-03
8.166179543463124801e+00 2.674575340838804011e-03
8.176179543463124588e+00 2.663381569225894540e-03
8.186179543463124375e+00 2.652201125599205379e-03
8.196179543463124162e+00 2.641034091338083367e-03
8.206179543463123949e+00 2.629880547827498881e-03
8.216179543463123736e+00 2.618740576453493923e-03
8.226179543463123522e+00 2.607614258598601586e-03
8.236179543463123309e+00 2.596501675637226912e-03
8.246179543463123096e+00 2.585402908930995239e-03
8.256179543463122883e+00 2.574318039824062369e-03
8.266179543463122670e+00 2.563247149638399162e-03
8.276179543463122457e+00 2.552190319669036221e-03
8.286179543463122243e+00 2.541147631179280827e-03
8.296179543463122030e+00 2.530119165395901780e-03
8.306179543463121817e+00 2.519105003504282583e-03
8.316179543463121604e+00 2.508105226643545568e-03
8.326179543463121391e+00 2.497119915901647828e-03
8.336179543463121178e+00 2.486149152310444636e-03
8.346179543463120964e+00 2.475193016840730731e-03
8.356179543463120751e+00 2.464251590397249086e-03
8.366179543463120538e+00 2.453324953813677128e-03
8.376179543463120325e+00 2.442413187847583024e-03
8.386179543463120112e+00 2.431516373175363326e-03
8.396179543463119899e+00 2.420634590387146790e-03
8.406179543463119685e+00 2.409767919981686476e-03
8.416179543463119472e+00 2.398916442361216737e-03
8.426179543463119259e+00 2.388080237826297608e-03
8.436179543463119046e+00 2.377259386570633633e-03
8.446179543463118833e+00 2.359453504014720655e-03
8.456179543463118620e+00 2.341261346897409099e-03
8.466179543463118407e+00 2.323095480406157411e-03
8.476179543463118193e+00 2.304956038941688781e-03
8.486179543463117980e+00 2.286843156680398899e-03
8.496179543463117767e+00 2.268756967565429064e-03
8.506179543463117554e+00 2.250697605297719353e-03
8.516179543463117341e+00 2.232665203327034026e-03
8.526179543463117128e+00 2.214659894842960046e-03
8.536179543463116914e+00 2.196681812765889554e-03
8.546179543463116701e+00 2.178731089737973720e-03
8.556179543463116488e+00 2.160807858114063579e-03
8.566179543463116275e+00 2.142912249952629196e-03
8.576179543463116062e+00 2.125044397006659730e-03
8.586179543463115849e+00 2.107204430714553975e-03
8.596179543463115635e+00 2.089392482190992675e-03
8.606179543463115422e+00 2.071608682217800437e-03
8.616179543463115209e+00 2.053853161234792026e-03
8.626179543463114996e+00 2.036126049330616930e-03
8.636179543463114783e+00 2.018427476233588310e-03
8.646179543463114570e+00 2.000757571302510650e-03
8.656179543463114356e+00 1.983116463517499168e-03
8.666179543463114143e+00 1.965504281470796186e-03
8.676179543463113930e+00 1.947921153357587941e-03
8.686179543463113717e+00 1.930367206966815755e-03
8.696179543463113504e+00 1.912842569671992406e-03
8.706179543463113291e+00 1.895347368422019806e-03
8.716179543463113077e+00 1.877881729732010577e-03
8.726179543463112864e+00 1.860445779674113967e-03
8.736179543463112651e+00 1.843039643868349571e-03
8.746179543463112438e+00 1.825663447473451460e-03
8.756179543463112225e+00 1.808317315177718600e-03
8.766179543463112012e+00 1.791001371189880880e-03
8.776179543463111798e+00 1.773715739229974470e-03
8.786179543463111585e+00 1.756460542520235819e-03
8.796179543463111372e+00 1.739235903776008459e-03
8.806179543463111159e+00 1.722041945196669307e-03
8.816179543463110946e+00 1.704878788456575369e-03
8.826179543463110733e+00 1.687746554696028644e-03
8.836179543463110519e+00 1.670645364512266841e-03
8.846179543463110306e+00 1.653575337950472738e-03
8.856179543463110093e+00 1.636536594494817590e-03
8.866179543463109880e+00 1.619529253059522750e-03
8.876179543463109667e+00 1.602553431979955329e-03
8.886179543463109454e+00 1.585609249003753357e-03
8.896179543463109241e+00 1.568696823472530682e-03
8.906179543463109027e+00 1.551816287608613490e-03
8.916179543463108814e+00 1.534967778670592994e-03
8.926179543463108601e+00 1.518151434158151406e-03
8.936179543463108388e+00 1.501367391775325268e-03
8.946179543463108175e+00 1.484615789410285948e-03
8.956179543463107962e+00 1.467896765115024506e-03
8.966179543463107748e+00 1.451210457084943766e-03
8.976179543463107535e+00 1.434557003638358644e-03
8.986179543463107322e+00 1.417936543195912145e-03
8.996179543463107109e+00 1.401349214259907860e-03
9.006179543463106896e+00 1.384795155393566584e-03
9.016179543463106683e+00 1.368274505200206591e-03
9.026179543463106469e+00 1.351787402302356052e-03
9.036179543463106256e+00 1.335333985320798006e-03
9.046179543463106043e+00 1.318914392853555700e-03
9.056179543463105830e+00 1.302528763454819391e-03
9.066179543463105617e+00 1.286177235613819581e-03
9.076179543463105404e+00 1.269859947733653627e-03
9.086179543463105190e+00 1.253577038110064660e-03
9.096179543463104977e+00 1.246919757585513181e-03
9.106179543463104764e+00 1.265337626880324619e-03
9.116179543463104551e+00 1.283715974149858595e-03
9.126179543463104338e+00 1.302054643027809140e-03
9.136179543463104125e+00 1.320353477390914364e-03
9.146179543463103911e+00 1.338612321383258856e-03
9.156179543463103698e+00 1.356831019440587777e-03
9.166179543463103485e+00 1.375009416314629859e-03
9.176179543463103272e+00 1.393147357097427761e-03
9.186179543463103059e+00 1.411244687245662589e-03
9.196179543463102846e+00 1.429301252604975141e-03
9.206179543463102632e+00 1.447316899434275463e-03
9.216179543463102419e+00 1.465291474430031795e-03
9.226179543463102206e+00 1.483224824750539565e-03
9.236179543463101993e+00 1.501116798040161987e-03
9.246179543463101780e+00 1.518967242453534653e-03
9.256179543463101567e+00 1.536776006679733703e-03
9.266179543463101353e+00 1.554542939966398023e-03
9.276179543463101140e+00 1.572267892143800264e-03
9.286179543463100927e+00 1.589950713648864093e-03
9.296179543463100714e+00 1.607591255549117686e-03
9.306179543463100501e+00 1.625189369566584774e-03
9.316179543463100288e+00 1.642744908101596325e-03
9.326179543463100075e+00 1.660257724256531753e-03
9.336179543463099861e+00 1.677727671859471654e-03
9.346179543463099648e+00 1.695154605487762508e-03
9.356179543463099435e+00 1.712538380491488354e-03
9.366179543463099222e+00 1.729878853016840771e-03
9.376179543463099009e+00 1.747175880029384551e-03
9.386179543463098796e+00 1.764429319337210188e-03
9.396179543463098582e+00 1.781639029613971874e-03
9.406179543463098369e+00 1.798804870421801677e-03
9.416179543463098156e+00 1.815926702234097519e-03
9.426179543463097943e+00 1.833004386458176715e-03
9.436179543463097730e+00 1.850037785457791812e-03
9.446179543463097517e+00 1.867026762575502239e-03
9.456179543463097303e+00 1.883971182154896328e-03
9.466179543463097090e+00 1.900870909562659816e-03
9.476179543463096877e+00 1.917725811210483451e-03
9.486179543463096664e+00 1.934535754576804500e-03
9.496179543463096451e+00 1.951300608228379550e-03
9.506179543463096238e+00 1.968020241841680808e-03
9.516179543463096024e+00 1.984694526224110682e-03
9.526179543463095811e+00 2.001323333335033351e-03
9.536179543463095598e+00 2.017906536306608798e-03
9.546179543463095385e+00 2.034444009464439918e-03
9.556179543463095172e+00 2.050935628348009299e-03
9.566179543463094959e+00 2.067381269730917369e-03
9.576179543463094745e+00 2.083780807489882172e-03
9.586179543463094532e+00 2.100134090852169566e-03
9.596179543463094319e+00 2.116440959110388147e-03
9.606179543463094106e+00 2.132701250869476969e-03
9.616179543463093893e+00 2.148914804144735641e-03
9.626179543463093680e+00 2.165081456426461420e-03
9.636179543463093466e+00 2.181201044744545976e-03
9.646179543463093253e+00 2.197273405733020987e-03
9.656179543463093040e+00 2.213298375694530435e-03
9.666179543463092827e+00 2.223254068792018118e-03
9.676179543463092614e+00 2.224956556119888577e-03
9.686179543463092401e+00 2.226653925899275098e-03
9.696179543463092187e+00 2.228346160562041500e-03
9.706179543463091974e+00 2.230033242538914922e-03
9.716179543463091761e+00 2.231715154266297220e-03
9.726179543463091548e+00 2.233391878193050333e-03
9.736179543463091335e+00 2.235063396787268213e-03
9.746179543463091122e+00 2.236729692543015357e-03
9.756179543463090909e+00 2.238390747987050160e-03
9.766179543463090695e+00 2.240046545685511412e-03
9.776179543463090482e+00 2.241697068250581796e-03
9.786179543463090269e+00 2.243342298347116709e-03
9.796179543463090056e+00 2.244982218699241843e-03
9.806179543463089843e+00 2.246616812096914780e-03
9.816179543463089630e+00 2.248246061402448849e-03
9.826179543463089416e+00 2.249869949556998830e-03
9.836179543463089203e+00 2.251488459587006313e-03
9.846179543463088990e+00 2.253101574610600396e-03
9.856179543463088777e+00 2.254709277843955015e-03
9.866179543463088564e+00 2.256311552607598997e-03
9.876179543463088351e+00 2.257908382332677114e-03
9.886179543463088137e+00 2.259499750567161690e-03
9.896179543463087924e+00 2.261085640982009575e-03
9.906179543463087711e+00 2.262666037377267497e-03
9.916179543463087498e+00 2.264240923688118443e-03
9.926179543463087285e+00 2.265810283990870363e-03
9.936179543463087072e+00 2.267374102508887181e-03
9.946179543463086858e+00 2.268932363618454337e-03
9.956179543463086645e+00 2.270485051854582298e-03
9.966179543463086432e+00 2.272032151916745461e-03
9.976179543463086219e+00 2.273573648674551227e-03
9.986179543463086006e+00 2.275109527173341858e-03
9.996179543463085793e+00 2.276639772639723475e-03
1.000617954346308558e+01 2.278164370487025664e-03
1.001617954346308537e+01 2.279683306320682591e-03
1.002617954346308515e+01 2.281196565943539520e-03
1.003617954346308494e+01 2.282704135361084304e-03
1.004617954346308473e+01 2.284206000786594311e-03
1.005617954346308451e+01 2.278677274508737575e-03
1.006617954346308430e+01 2.265618375895202610e-03
1.007617954346308409e+01 2.252609806174459689e-03
1.008617954346308387e+01 2.239651680361564451e-03
1.009617954346308366e+01 2.226744146740277167e-03
1.010617954346308345e+01 2.213887384811616919e-03
1.011617954346308323e+01 2.201081575555843134e-03
1.012617954346308302e+01 2.188326900284529204e-03
1.013617954346308281e+01 2.175623540499424958e-03
1.014617954346308260e+01 2.162971677752284494e-03
1.015617954346308238e+01 2.150371493505701462e-03
1.016617954346308217e+01 2.137823168995009460e-03
1.017617954346308196e+01 2.125326885091285284e-03
1.018617954346308174e+01 2.112882822165518780e-03
1.019617954346308153e+01 2.100491159953989627e-03
1.020617954346308132e+01 2.088152077424906133e-03
1.021617954346308110e+01 2.075865752646356786e-03
1.022617954346308089e+01 2.063632362655623120e-03
1.023617954346308068e+01 2.051452083329908561e-03
1.024617954346308046e+01 2.039325089258527905e-03
1.025617954346308025e+01 2.027251553616618140e-03
1.026617954346308004e+01 2.015231648040407067e-03
1.027617954346307982e+01 2.003265542504105608e-03
1.028617954346307961e+01 1.991353405198459381e-03
1.029617954346307940e+01 1.979495402411017221e-03
1.030617954346307918e+01 1.967691698408164779e-03
1.031617954346307897e+01 1.955942455318965701e-03
1.032617954346307876e+01 1.943425595312114201e-03
1.033617954346307855e+01 1.925839791360340475e-03
1.034617954346307833e+01 1.908336982250268378e-03
1.035617954346307812e+01 1.890917398316861254e-03
1.036617954346307791e+01 1.873581265832023959e-03
1.037617954346307769e+01 1.856328806846998039e-03
1.038617954346307748e+01 1.839160239037968513e-03
1.039617954346307727e+01 1.822075775554946693e-03
1.040617954346307705e+01 1.805075624873987141e-03
1.041617954346307684e+01 1.788159990652798178e-03
1.042617954346307663e+01 1.771329071589800366e-03
1.043617954346307641e+01 1.754583061286690880e-03
1.044617954346307620e+01 1.737922148114561449e-03
1.045617954346307599e+01 1.721346515083623007e-03
1.046617954346307577e+01 1.704856339716584760e-03
1.047617954346307556e+01 1.688451801605356630e-03
1.048617954346307535e+01 1.672133152339266328e-03
1.049617954346307513e+01 1.655900691027024094e-03
1.050617954346307492e+01 1.639754723935371930e-03
1.051617954346307471e+01 1.623695563347354529e-03
1.052617954346307449e+01 1.595704891059165128e-03
1.053617954346307428e+01 1.564072104779441318e-03
1.054617954346307407e+01 1.532614110102049074e-03
1.055617954346307386e+01 1.501331563331884458e-03
1.056617954346307364e+01 1.470225126077093995e-03
1.057617954346307343e+01 1.439295463959811916e-03
1.058617954346307322e+01 1.408543245343605406e-03
1.059617954346307300e+01 1.377969140078207652e-03
1.060617954346307279e+01 1.347573818262130709e-03
1.061617954346307258e+01 1.317357949023766159e-03
1.062617954346307236e+01 1.287322199321587696e-03
1.063617954346307215e+01 1.257467232764070781e-03
1.064617954346307194e+01 1.227793708449954110e-03
1.065617954346307172e+01 1.198302279829470190e-03
1.066617954346307151e+01 1.163734886415621495e-03
1.067617954346307130e+01 1.124015349634306877e-03
1.068617954346307108e+01 1.084546757362222233e-03
1.069617954346307087e+01 1.045329954998825903e-03
1.070617954346307066e+01 1.006365772933802416e-03
1.071617954346307044e+01 9.676550251831706438e-04
1.072617954346307023e+01 9.291985080597208162e-04
1.073617954346307002e+01 8.909969988785388208e-04
1.074617954346306981e+01 8.530512546983492865e-04
1.075617954346306959e+01 8.153620110993820783e-04
1.076617954346306938e+01 7.779299831040826368e-04
1.077617954346306917e+01 7.357988027679807433e-04
1.078617954346306895e+01 6.860169310233713664e-04
1.079617954346306874e+01 6.365878241005604524e-04
1.080617954346306853e+01 5.875136642948151303e-04
1.081617954346306831e+01 5.387965574334937016e-04
1.082617954346306810e+01 4.904385313205057630e-04
1.083617954346306789e+01 4.424415342668889368e-04
1.084617954346306767e+01 3.948074337088004304e-04
1.085617954346306746e+01 3.475380149140776687e-04
1.086617954346306725e+01 3.060199567059014971e-04
1.087617954346306703e+01 2.762015166061465945e-04
1.088617954346306682e+01 2.466198636277701058e-04
1.089617954346306661e+01 2.172759239860278630e-04
1.090617954346306639e+01 1.881705679710310832e-04
1.091617954346306618e+01 1.593046094693992970e-04
1.092617954346306597e+01 1.306788055450385628e-04
1.093617954346306576e+01 1.022938560789865537e-04
1.094617954346306554e+01 8.591484291219469147e-05
1.095617954346306533e+01 9.169886080723782941e-05
1.096617954346306512e+01 9.743258545127704182e-05
1.097617954346306490e+01 1.031159196772527334e-04
1.098617954346306469e+01 1.087487800000729770e-04
1.099617954346306448e+01 1.143314051590401748e-04
1.100617954346306426e+01 1.198646205528187557e-04
1.101617954346306405e+01 1.235088865961517300e-04
1.102617954346306384e+01 1.150907192254985997e-04
1.103617954346306362e+01 1.067474476267756792e-04
1.104617954346306341e+01 9.847935744046522354e-05
1.105617954346306320e+01 9.028710321011391526e-05
1.106617954346306298e+01 8.217168258795937760e-05
1.107617954346306277e+01 7.413441058901908847e-05
1.108617954346306256e+01 4.822001482863584642e-05
1.109617954346306234e+01 1.298470525842867975e-05
1.110617954346306213e+01 -2.187597623573889791e-05
1.111617954346306192e+01 -5.635163725998533046e-05
1.112617954346306171e+01 -9.043105830577199641e-05
1.113617954346306149e+01 -1.241023162124311704e-04
1.114617954346306128e+01 -1.359225890686451715e-04
1.115617954346306107e+01 -1.444696620446684243e-04
1.116617954346306085e+01 -1.528959208209874454e-04
1.117617954346306064e+01 -1.611880091394832671e-04
1.118617954346306043e+01 -1.693356024290429342e-04
1.119617954346306021e+01 -1.700779970006069961e-04
1.120617954346306000e+01 -1.588565028902295658e-04
1.121617954346305979e+01 -1.478569876655031227e-04
1.122617954346305957e+01 -1.370765200348770315e-04
1.123617954346305936e+01 -1.265089936596858937e-04
1.124617954346305915e+01 -1.150229596737146250e-04
1.125617954346305893e+01 -8.586054279257197852e-05
1.126617954346305872e+01 -5.726260649832121867e-05
1.127617954346305851e+01 -2.922445515662348809e-05
1.128617954346305829e+01 -1.738649219869893196e-06
1.129617954346305808e+01 2.520463476229840605e-05
1.130617954346305787e+01 4.495335213449701858e-05
1.131617954346305766e+01 6.360078460333274449e-05
1.132617954346305744e+01 8.188678418889790817e-05
1.133617954346305723e+01 9.982274129924083067e-05
1.134617954346305702e+01 1.163260414222326523e-04
1.135617954346305680e+01 9.694562105019221773e-05
1.136617954346305659e+01 7.792862183109188412e-05
1.137617954346305638e+01 5.926681927822655723e-05
1.138617954346305616e+01 4.095260118009800968e-05
1.139617954346305595e+01 4.911305438190046075e-05
1.140617954346305574e+01 7.569465135072996835e-05
1.141617954346305552e+01 1.017821894721042343e-04
1.142617954346305531e+01 1.273843944545738750e-04
1.143617954346305510e+01 1.532779888553923212e-04
1.144617954346305488e+01 1.796546565722463172e-04
1.145617954346305467e+01 2.055413897566093682e-04
1.146617954346305446e+01 2.309481818100022460e-04
1.147617954346305424e+01 2.382600757835355468e-04
1.148617954346305403e+01 2.372363122403092273e-04
1.149617954346305382e+01 2.362313594610295951e-04
1.150617954346305361e+01 2.436415835029761960e-04
1.151617954346305339e+01 2.633209499832769862e-04
1.152617954346305318e+01 2.826616699777289719e-04
1.153617954346305297e+01 2.732422526940498047e-04
1.154617954346305275e+01 2.333943061682712322e-04
1.155617954346305254e+01 1.946396099603131926e-04
1.156617954346305233e+01 1.898373808636469274e-04
1.157617954346305211e+01 1.851204005346034933e-04
1.158617954346305190e+01 2.214213458795116567e-04
1.159617954346305169e+01 2.639646618176653904e-04
1.160617954346305147e+01 2.621913153349477669e-04
1.161617954346305126e+01 2.539677484218564067e-04
1.162617954346305105e+01 2.368643446842792343e-04
1.163617954346305083e+01 1.401692148558259128e-04
1.164617954346305062e+01 3.004609355836541755e-04
1.165617954346305041e+01 -1.259932148978669419e-04
1.166617954346305019e+01 -1.660956825681909887e-05
1.167617954346304998e+01 -9.930104802183524829e-03
1.168617954346304977e+01 -4.817867830399502616e-03
1.169617954346304955e+01 -7.587595459981936151e-04
1.170617954346304934e+01 5.725503523469141899e-05
1.171617954346304913e+01 3.069542295639425241e-04
1.172617954346304892e+01 2.816483723242529285e-04
1.173617954346304870e+01 5.403732042385145807e-05
1.174617954346304849e+01 1.932341569883171757e-04
1.175617954346304828e+01 8.412636397399958672e-04
1.176617954346304806e+01 -3.514973923135351593e-04
1.177617954346304785e+01 -6.185329066728318444e-04
1.178617954346304764e+01 1.060717948564128803e-03
1.179617954346304742e+01 -7.385489019386423746e-04
1.180617954346304721e+01 -3.257891074625924211e-04
1.181617954346304700e+01 3.463598368352564945e-04
1.182617954346304678e+01 1.204746727047520307e-03
1.183617954346304657e+01 -1.290717490154462627e-04
1.184617954346304636e+01 -1.079926296730943569e-03
1.185617954346304614e+01 1.070593451319294762e-03
1.186617954346304593e+01 1.559187451021866629e-03
1.187617954346304572e+01 -4.518415459131506487e-04
1.188617954346304550e+01 2.946894690539869459e-04
1.189617954346304529e+01 1.011346503632594386e-03
1.190617954346304508e+01 1.566250729427895298e-04
1.191617954346304487e+01 -5.072747142722465420e-04
1.192617954346304465e+01 1.469001087901291875e-04
1.193617954346304444e+01 4.069681436706139364e-04
1.194617954346304423e+01 3.195602375679221317e-04
1.195617954346304401e+01 6.654620444580515719e-05
1.196617954346304380e+01 4.696730714730941404e-04
1.197617954346304359e+01 9.576822289700610748e-04
1.198617954346304337e+01 8.072456819571756804e-04
1.199617954346304316e+01 3.810034966171839919e-04
1.200617954346304295e+01 -7.223871011167461685e-04
1.201617954346304273e+01 -6.308404670212100322e-04
1.202617954346304252e+01 -4.953511228858285690e-04
1.203617954346304231e+01 -3.221637067906381541e-04
1.204617954346304209e+01 4.281496812004720711e-04
1.205617954346304188e+01 1.135291982811465752e-03
1.206617954346304167e+01 1.393395712325967923e-03
1.207617954346304145e+01 1.369686258922751896e-03
1.208617954346304124e+01 -8.350592078343714868e-05
1.209617954346304103e+01 -2.079314454453084181e-04
1.210617954346304082e+01 6.865330824511157266e-05
1.211617954346304060e+01 4.433464527021462303e-04
1.212617954346304039e+01 3.028754179367340788e-04
1.213617954346304018e+01 3.001832119058624139e-04
1.214617954346303996e+01 3.200589060224367263e-04
1.215617954346303975e+01 3.327780149894158409e-04
1.216617954346303954e+01 3.613592154915433452e-04
1.217617954346303932e+01 3.923194586686782020e-04
1.218617954346303911e+01 3.749227619728237853e-04
1.219617954346303890e+01 3.112855314803360447e-04
1.220617954346303868e+01 2.465726981832607411e-04
1.221617954346303847e+01 2.729528441681568977e-04
1.222617954346303826e+01 2.314399336435634259e-04
1.223617954346303804e+01 5.164043813181645824e-04
1.224617954346303783e+01 7.852305808174253393e-04
1.225617954346303762e+01 -5.901741720472501219e-05
1.226617954346303740e+01 5.239479394927501737e-05
1.227617954346303719e+01 3.758609844155839843e-04
1.228617954346303698e+01 3.701942910966915783e-04
1.229617954346303677e+01 3.815680215023738728e-04
1.230617954346303655e+01 3.754282426550457669e-04
1.231617954346303634e+01 3.842751570942191464e-04
1.232617954346303613e+01 3.933617397903502394e-04
1.233617954346303591e+01 4.029008768972749347e-04
1.234617954346303570e+01 4.214121019665748014e-04
1.235617954346303549e+01 4.089209887772423291e-04
1.236617954346303527e+01 4.438247239110154401e-04
1.237617954346303506e+01 4.661040879579946288e-04
1.238617954346303485e+01 4.940394983532864171e-04
1.239617954346303463e+01 5.326987333139723314e-04
1.240617954346303442e+01 5.823225261378188857e-04
1.241617954346303421e+01 6.101512341804104893e-04
1.242617954346303399e+01 5.725872386410648610e-04
1.242942246315897847e+01 3.464913311666308884e-04
