1.000000000000000021e-03 -9.819832485805205001e-05
1.470877378888778633e-03 -9.819834698352358955e-05
6.179651167776564757e-03 -9.819903204998293349e-05
1.617965116777656670e-02 -9.820328402951523407e-05
2.617965116777656864e-02 -9.821133930539076252e-05
3.617965116777657059e-02 -9.822319783298310691e-05
4.617965116777657253e-02 -9.823885954660094549e-05
5.617965116777657447e-02 -9.825832435948528201e-05
6.617965116777657641e-02 -9.828159216380901201e-05
7.617965116777657142e-02 -9.830866283067816970e-05
8.617965116777656642e-02 -9.833953621013165683e-05
9.617965116777656143e-02 -9.837421213114200171e-05
1.061796511677765564e-01 -9.841269040161600970e-05
1.161796511677765514e-01 -9.845497080839535949e-05
1.261796511677765464e-01 -9.850105311725730790e-05
1.361796511677765553e-01 -9.855093707291593666e-05
1.461796511677765642e-01 -9.860462239902242345e-05
1.561796511677765731e-01 -9.866210879816672248e-05
1.661796511677765820e-01 -9.872339595187821495e-05
1.761796511677765908e-01 -9.878848352062673905e-05
1.861796511677765997e-01 -9.885737114382443314e-05
1.961796511677766086e-01 -9.893005843982644043e-05
2.061796511677766175e-01 -9.900654500593237270e-05
2.161796511677766264e-01 -9.908683041838793658e-05
2.261796511677766353e-01 -9.917091423238672248e-05
2.361796511677766441e-01 -9.925879598207101775e-05
2.461796511677766530e-01 -9.935047518053435455e-05
2.561796511677766341e-01 -9.944595131982275670e-05
2.661796511677766430e-01 -9.954522387093679963e-05
2.761796511677766519e-01 -9.964829228383339935e-05
2.861796511677766608e-01 -9.975515598742765557e-05
2.961796511677766697e-01 -9.986581438959539958e-05
3.061796511677766786e-01 -9.998026687717492898e-05
3.161796511677766874e-01 -1.000985128159692845e-04
3.261796511677766963e-01 -1.002205515507487979e-04
3.361796511677767052e-01 -1.003463824052530434e-04
3.461796511677767141e-01 -1.004760046821935484e-04
3.561796511677767230e-01 -1.006094176632565040e-04
3.661796511677767318e-01 -1.007466206091049330e-04
3.761796511677767407e-01 -1.008876127593817803e-04
3.861796511677767496e-01 -1.010323933327122981e-04
3.961796511677767585e-01 -1.011809615267071356e-04
4.061796511677767674e-01 -1.013333165179652667e-04
4.161796511677767763e-01 -1.014894574620767002e-04
4.261796511677767851e-01 -1.016493834936259223e-04
4.361796511677767940e-01 -1.018130937261946885e-04
4.461796511677768029e-01 -1.019805872523653573e-04
4.561796511677768118e-01 -1.021518631437244953e-04
4.661796511677768207e-01 -1.023269204508658588e-04
4.761796511677768295e-01 -1.025057582033938089e-04
4.861796511677768384e-01 -1.026883754099271336e-04
4.961796511677768473e-01 -1.028747710581024897e-04
5.061796511677768562e-01 -1.030649441145781435e-04
5.161796511677768651e-01 -1.032588935250376304e-04
5.261796511677768740e-01 -1.034566182141937656e-04
5.361796511677768828e-01 -1.036581170857922226e-04
5.461796511677768917e-01 -1.038633890226159243e-04
5.561796511677769006e-01 -1.040724328864888371e-04
5.661796511677769095e-01 -1.042852475182804166e-04
5.761796511677769184e-01 -1.045018317379092939e-04
5.861796511677769272e-01 -1.047221843443481271e-04
5.961796511677769361e-01 -1.049463041156279113e-04
6.061796511677769450e-01 -1.051741898088418817e-04
6.161796511677769539e-01 -1.054058401601508258e-04
6.261796511677769628e-01 -1.056412538847871225e-04
6.361796511677769717e-01 -1.058804296770595398e-04
6.461796511677769805e-01 -1.061233662103583841e-04
6.561796511677769894e-01 -1.063700621371599462e-04
6.661796511677769983e-01 -1.066205160890316235e-04
6.761796511677770072e-01 -1.068747266766366096e-04
6.861796511677770161e-01 -1.071326924897394236e-04
6.961796511677770249e-01 -1.073944120972107890e-04
7.061796511677770338e-01 -1.076598840470330276e-04
7.161796511677770427e-01 -1.079291068663051282e-04
7.261796511677770516e-01 -1.082020790612484387e-04
7.361796511677770605e-01 -1.084787991172120596e-04
7.461796511677770694e-01 -1.087592654986782657e-04
7.561796511677770782e-01 -1.090434766492682790e-04
7.661796511677770871e-01 -1.093314309917478794e-04
7.761796511677770960e-01 -1.096231269280333682e-04
7.861796511677771049e-01 -1.099185628391970973e-04
7.961796511677771138e-01 -1.102177370854738657e-04
8.061796511677771226e-01 -1.105206480062667206e-04
8.161796511677771315e-01 -1.108272939201531099e-04
8.261796511677771404e-01 -1.111376731248908179e-04
8.361796511677771493e-01 -1.114517838974244984e-04
8.461796511677771582e-01 -1.117696244938922335e-04
8.561796511677771671e-01 -1.120911931496316051e-04
8.661796511677771759e-01 -1.124164880791862276e-04
8.761796511677771848e-01 -1.127455074763124157e-04
8.861796511677771937e-01 -1.130782495139859875e-04
8.961796511677772026e-01 -1.134147123444087155e-04
9.061796511677772115e-01 -1.137548940990154827e-04
9.161796511677772203e-01 -1.140987928884810586e-04
9.261796511677772292e-01 -1.144464068027269837e-04
9.361796511677772381e-01 -1.147977339109288342e-04
9.461796511677772470e-01 -1.151527722615231875e-04
9.561796511677772559e-01 -1.155115198822149406e-04
9.661796511677772648e-01 -1.158739747799846832e-04
9.761796511677772736e-01 -1.162401349410960695e-04
9.861796511677772825e-01 -1.166099983311031914e-04
9.961796511677772914e-01 -1.169835628948583030e-04
1.006179651167777189e+00 -1.173608265565193834e-04
1.016179651167777198e+00 -1.177417872195576985e-04
1.026179651167777207e+00 -1.181264427667660683e-04
1.036179651167777216e+00 -1.185147910602662395e-04
1.046179651167777225e+00 -1.189068299415170710e-04
1.056179651167777234e+00 -1.193025572313227201e-04
1.066179651167777243e+00 -1.197019707298405296e-04
1.076179651167777251e+00 -1.201050682165893761e-04
1.086179651167777260e+00 -1.205118474504580461e-04
1.096179651167777269e+00 -1.209223061697133940e-04
1.106179651167777278e+00 -1.213364420920090970e-04
1.116179651167777287e+00 -1.217542529143939500e-04
1.126179651167777296e+00 -1.221757363133206737e-04
1.136179651167777305e+00 -1.226008899446544807e-04
1.146179651167777314e+00 -1.230297114436819654e-04
1.156179651167777322e+00 -1.234621984251201845e-04
1.166179651167777331e+00 -1.238983484831250592e-04
1.176179651167777340e+00 -1.243381591913012149e-04
1.186179651167777349e+00 -1.247816281027104373e-04
1.196179651167777358e+00 -1.252287527498811869e-04
1.206179651167777367e+00 -1.256795306448177602e-04
1.216179651167777376e+00 -1.261339592790099932e-04
1.226179651167777385e+00 -1.265920361234424774e-04
1.236179651167777394e+00 -1.270537586286043174e-04
1.246179651167777402e+00 -1.275191242244983196e-04
1.256179651167777411e+00 -1.279881303206511568e-04
1.266179651167777420e+00 -1.284607743061233151e-04
1.276179651167777429e+00 -1.289370535495185815e-04
1.286179651167777438e+00 -1.294169653989940181e-04
1.296179651167777447e+00 -1.299005071822705872e-04
1.306179651167777456e+00 -1.303876762066427740e-04
1.316179651167777465e+00 -1.308784697589890486e-04
1.326179651167777473e+00 -1.313728851057822207e-04
1.336179651167777482e+00 -1.318709194930997933e-04
1.346179651167777491e+00 -1.323725701466343984e-04
1.356179651167777500e+00 -1.328778342717047473e-04
1.366179651167777509e+00 -1.333867090532657137e-04
1.376179651167777518e+00 -1.338991916559197179e-04
1.386179651167777527e+00 -1.344152792239272707e-04
1.396179651167777536e+00 -1.349349688812180592e-04
1.406179651167777545e+00 -1.354582577314018702e-04
1.416179651167777553e+00 -1.359851428577794593e-04
1.426179651167777562e+00 -1.365156213233545857e-04
1.436179651167777571e+00 -1.370496901708444205e-04
1.446179651167777580e+00 -1.375873464226914727e-04
1.456179651167777589e+00 -1.381285870810748651e-04
1.466179651167777598e+00 -1.386734091279219895e-04
1.476179651167777607e+00 -1.392218095249201076e-04
1.486179651167777616e+00 -1.397737852135283313e-04
1.496179651167777624e+00 -1.403293331149890342e-04
1.506179651167777633e+00 -1.408884501303401301e-04
1.516179651167777642e+00 -1.414511331404270803e-04
1.526179651167777651e+00 -1.420173790059148743e-04
1.536179651167777660e+00 -1.425871845673002541e-04
1.546179651167777669e+00 -1.431605466449241014e-04
1.556179651167777678e+00 -1.437374620389839325e-04
1.566179651167777687e+00 -1.443179275295461775e-04
1.576179651167777696e+00 -1.449019398765587295e-04
1.586179651167777704e+00 -1.454894958198637385e-04
1.596179651167777713e+00 -1.460805920792104047e-04
1.606179651167777722e+00 -1.466752253542678809e-04
1.616179651167777731e+00 -1.472733923246380113e-04
1.626179651167777740e+00 -1.478750896498685864e-04
1.636179651167777749e+00 -1.484803139694663532e-04
1.646179651167777758e+00 -1.490890619029102424e-04
1.656179651167777767e+00 -1.497013300496648127e-04
1.666179651167777775e+00 -1.503171149891935864e-04
1.676179651167777784e+00 -1.509364132809726830e-04
1.686179651167777793e+00 -1.515592214645042910e-04
1.696179651167777802e+00 -1.521855360593303281e-04
1.706179651167777811e+00 -1.528153535650464824e-04
1.716179651167777820e+00 -1.534486704613159810e-04
1.726179651167777829e+00 -1.540854832078836310e-04
1.736179651167777838e+00 -1.547257882445897241e-04
1.746179651167777847e+00 -1.553695819913846734e-04
1.756179651167777855e+00 -1.560168608483427559e-04
1.766179651167777864e+00 -1.566676211956768842e-04
1.776179651167777873e+00 -1.573218593937531081e-04
1.786179651167777882e+00 -1.579795717831048178e-04
1.796179651167777891e+00 -1.586407546844480036e-04
1.806179651167777900e+00 -1.593054043986954051e-04
1.816179651167777909e+00 -1.599735172069719608e-04
1.826179651167777918e+00 -1.606450893706295807e-04
1.836179651167777926e+00 -1.613201171312621891e-04
1.846179651167777935e+00 -1.619985967107207957e-04
1.856179651167777944e+00 -1.626805243111289719e-04
1.866179651167777953e+00 -1.633658961148984096e-04
1.876179651167777962e+00 -1.640547082847439641e-04
1.886179651167777971e+00 -1.647469569636994839e-04
1.896179651167777980e+00 -1.654426382751337480e-04
1.906179651167777989e+00 -1.661417483227657264e-04
1.916179651167777998e+00 -1.668442831906808430e-04
1.926179651167778006e+00 -1.675502389433471844e-04
1.936179651167778015e+00 -1.682596116256308957e-04
1.946179651167778024e+00 -1.689723972628133378e-04
1.956179651167778033e+00 -1.696885918606065103e-04
1.966179651167778042e+00 -1.704081914051699107e-04
1.976179651167778051e+00 -1.711311918631272045e-04
1.986179651167778060e+00 -1.718575891815827855e-04
1.996179651167778069e+00 -1.725873792881380670e-04
2.006179651167777855e+00 -1.733205580909088009e-04
2.016179651167777642e+00 -1.740571214785419378e-04
2.026179651167777429e+00 -1.747970653202327571e-04
2.036179651167777216e+00 -1.755403854657417535e-04
2.046179651167777003e+00 -1.762870777454121466e-04
2.056179651167776790e+00 -1.770371379701873914e-04
2.066179651167776576e+00 -1.777905619316282266e-04
2.076179651167776363e+00 -1.785473454019307271e-04
2.086179651167776150e+00 -1.793074841339437054e-04
2.096179651167775937e+00 -1.800709738611867361e-04
2.106179651167775724e+00 -1.808378102978681272e-04
2.116179651167775511e+00 -1.816079891389027273e-04
2.126179651167775297e+00 -1.823815060599303034e-04
2.136179651167775084e+00 -1.831583567173336743e-04
2.146179651167774871e+00 -1.839385367482572226e-04
2.156179651167774658e+00 -1.847220417706251644e-04
2.166179651167774445e+00 -1.855088673831604138e-04
2.176179651167774232e+00 -1.862990091654031231e-04
2.186179651167774018e+00 -1.870924626777297915e-04
2.196179651167773805e+00 -1.878892234613716700e-04
2.206179651167773592e+00 -1.886892870384345203e-04
2.216179651167773379e+00 -1.894926489119172638e-04
2.226179651167773166e+00 -1.902993045657314422e-04
2.236179651167772953e+00 -1.911092494647206256e-04
2.246179651167772739e+00 -1.919224790546800901e-04
2.256179651167772526e+00 -1.927389887623763879e-04
2.266179651167772313e+00 -1.935587739955667546e-04
2.276179651167772100e+00 -1.943818301430197360e-04
2.286179651167771887e+00 -1.952081525745344328e-04
2.296179651167771674e+00 -1.960377366409610733e-04
2.306179651167771461e+00 -1.968705776742211251e-04
2.316179651167771247e+00 -1.977066709873275701e-04
2.326179651167771034e+00 -1.985460118744056669e-04
2.336179651167770821e+00 -1.993885956107131709e-04
2.346179651167770608e+00 -2.002344174526613136e-04
2.356179651167770395e+00 -2.010834726378357554e-04
2.366179651167770182e+00 -2.019357563850173473e-04
2.376179651167769968e+00 -2.027912638942030023e-04
2.386179651167769755e+00 -2.036499903466274333e-04
2.396179651167769542e+00 -2.045119309047842683e-04
2.406179651167769329e+00 -2.053770807124474362e-04
2.416179651167769116e+00 -2.062454348946927149e-04
2.426179651167768903e+00 -2.071169885579195787e-04
2.436179651167768689e+00 -2.079917367898733154e-04
2.446179651167768476e+00 -2.088696746596663582e-04
2.456179651167768263e+00 -2.097507972178009456e-04
2.466179651167768050e+00 -2.106350994961909951e-04
2.476179651167767837e+00 -2.115225765081846004e-04
2.486179651167767624e+00 -2.124132232485866913e-04
2.496179651167767410e+00 -2.133070346936813140e-04
2.506179651167767197e+00 -2.142040058012544804e-04
2.516179651167766984e+00 -2.151041315106173434e-04
2.526179651167766771e+00 -2.160074067426288836e-04
2.536179651167766558e+00 -2.169138263997189486e-04
2.546179651167766345e+00 -2.178233853659119698e-04
2.556179651167766131e+00 -2.187360785068498664e-04
2.566179651167765918e+00 -2.196519006698160060e-04
2.576179651167765705e+00 -2.205708466837586780e-04
2.586179651167765492e+00 -2.214929113593148372e-04
2.596179651167765279e+00 -2.224180894888342546e-04
2.606179651167765066e+00 -2.233463758464032884e-04
2.616179651167764852e+00 -2.242777651878696311e-04
2.626179651167764639e+00 -2.252122522508658909e-04
2.636179651167764426e+00 -2.261498317548349076e-04
2.646179651167764213e+00 -2.270904984010537679e-04
2.656179651167764000e+00 -2.280342468726589858e-04
2.666179651167763787e+00 -2.289810718346710870e-04
2.676179651167763573e+00 -2.299309679340196270e-04
2.686179651167763360e+00 -2.308839297995690220e-04
2.696179651167763147e+00 -2.318399520421430247e-04
2.706179651167762934e+00 -2.327990292545506642e-04
2.716179651167762721e+00 -2.337611560116120495e-04
2.726179651167762508e+00 -2.347263268701834966e-04
2.736179651167762295e+00 -2.356945363691840905e-04
2.746179651167762081e+00 -2.366657790296212462e-04
2.756179651167761868e+00 -2.376400493546172168e-04
2.766179651167761655e+00 -2.386173418294353587e-04
2.776179651167761442e+00 -2.395976509215063418e-04
2.786179651167761229e+00 -2.405809710804555262e-04
2.796179651167761016e+00 -2.415672967381287382e-04
2.806179651167760802e+00 -2.425566223086198913e-04
2.816179651167760589e+00 -2.435489421882980907e-04
2.826179651167760376e+00 -2.445442507558342506e-04
2.836179651167760163e+00 -2.455425423722291749e-04
2.846179651167759950e+00 -2.465438113808407711e-04
2.856179651167759737e+00 -2.475480521074115343e-04
2.866179651167759523e+00 -2.485552588600968994e-04
2.876179651167759310e+00 -2.495654259294927254e-04
2.886179651167759097e+00 -2.505785475886637562e-04
2.896179651167758884e+00 -2.515946180931717007e-04
2.906179651167758671e+00 -2.526136316811038564e-04
2.916179651167758458e+00 -2.536355825731015151e-04
2.926179651167758244e+00 -2.546604649723891822e-04
2.936179651167758031e+00 -2.556882730648029288e-04
2.946179651167757818e+00 -2.567190010188196651e-04
2.956179651167757605e+00 -2.577526429855867387e-04
2.966179651167757392e+00 -2.587891930989505039e-04
2.976179651167757179e+00 -2.598286454754868960e-04
2.986179651167756965e+00 -2.608709942145304335e-04
2.996179651167756752e+00 -2.619162333982044677e-04
3.006179651167756539e+00 -2.629643570914507811e-04
3.016179651167756326e+00 -2.640153593420602163e-04
3.026179651167756113e+00 -2.650692341807030336e-04
3.036179651167755900e+00 -2.661259756209592145e-04
3.046179651167755686e+00 -2.671855776593491986e-04
3.056179651167755473e+00 -2.682480342753649463e-04
3.066179651167755260e+00 -2.693133394315005676e-04
3.076179651167755047e+00 -2.703814870732840344e-04
3.086179651167754834e+00 -2.714524711293081352e-04
3.096179651167754621e+00 -2.725262855112622418e-04
3.106179651167754407e+00 -2.736029241139638054e-04
3.116179651167754194e+00 -2.746823808153903948e-04
3.126179651167753981e+00 -2.757646494767116807e-04
3.136179651167753768e+00 -2.768497239423216901e-04
3.146179651167753555e+00 -2.779375980398711161e-04
3.156179651167753342e+00 -2.790282655802997351e-04
3.166179651167753129e+00 -2.801217203578695294e-04
3.176179651167752915e+00 -2.812179561501971050e-04
3.186179651167752702e+00 -2.823169667182873015e-04
3.196179651167752489e+00 -2.834187458065660437e-04
3.206179651167752276e+00 -2.845232871429140059e-04
3.216179651167752063e+00 -2.856305844386998428e-04
3.226179651167751850e+00 -2.867406313888143962e-04
3.236179651167751636e+00 -2.878534216717046844e-04
3.246179651167751423e+00 -2.889689489494075129e-04
3.256179651167751210e+00 -2.900872068675844394e-04
3.266179651167750997e+00 -2.912081890555559267e-04
3.276179651167750784e+00 -2.923318891263358200e-04
3.286179651167750571e+00 -2.934583006766668545e-04
3.296179651167750357e+00 -2.945874172870551334e-04
3.306179651167750144e+00 -2.957192325218056892e-04
3.316179651167749931e+00 -2.968537399290576665e-04
3.326179651167749718e+00 -2.979909330408198834e-04
3.336179651167749505e+00 -2.991308053730070988e-04
3.346179651167749292e+00 -3.002733504254755732e-04
3.356179651167749078e+00 -3.014185616820591195e-04
3.366179651167748865e+00 -3.025664326106059648e-04
3.376179651167748652e+00 -3.037169566630146928e-04
3.386179651167748439e+00 -3.048701272752715394e-04
3.396179651167748226e+00 -3.060259378674868224e-04
3.406179651167748013e+00 -3.071843818439322924e-04
3.416179651167747799e+00 -3.083454525930784829e-04
3.426179651167747586e+00 -3.095091434876322246e-04
3.436179651167747373e+00 -3.106754478845741578e-04
3.446179651167747160e+00 -3.118443591251966805e-04
3.456179651167746947e+00 -3.130158705351422199e-04
3.466179651167746734e+00 -3.141899754244411257e-04
3.476179651167746520e+00 -3.153666670875507013e-04
3.486179651167746307e+00 -3.165459388033932593e-04
3.496179651167746094e+00 -3.177277838353951525e-04
3.506179651167745881e+00 -3.189121954315265106e-04
3.516179651167745668e+00 -3.200991668243394575e-04
3.526179651167745455e+00 -3.212886912310081188e-04
3.536179651167745241e+00 -3.224807618533685749e-04
3.546179651167745028e+00 -3.236753718779581085e-04
3.556179651167744815e+00 -3.248725144760555915e-04
3.566179651167744602e+00 -3.260721828037220341e-04
3.576179651167744389e+00 -3.272743700018402669e-04
3.586179651167744176e+00 -3.284790691961565734e-04
3.596179651167743963e+00 -3.296862734973209151e-04
3.606179651167743749e+00 -3.308959760009284011e-04
3.616179651167743536e+00 -3.321081697875602717e-04
3.626179651167743323e+00 -3.333228479228255315e-04
3.636179651167743110e+00 -3.345400034574030164e-04
3.646179651167742897e+00 -3.357596294270826474e-04
3.656179651167742684e+00 -3.369817188528081487e-04
3.666179651167742470e+00 -3.382062647407191140e-04
3.676179651167742257e+00 -3.394332600821938330e-04
3.686179651167742044e+00 -3.406626978538915209e-04
3.696179651167741831e+00 -3.418945710177959574e-04
3.706179651167741618e+00 -3.431288725212581505e-04
3.716179651167741405e+00 -3.443655952970401920e-04
3.726179651167741191e+00 -3.443602807137622832e-04
3.736179651167740978e+00 -3.424507268370444927e-04
3.746179651167740765e+00 -3.405374816714246654e-04
3.756179651167740552e+00 -3.386205561757320770e-04
3.766179651167740339e+00 -3.366999613308957842e-04
3.776179651167740126e+00 -3.347757081398762655e-04
3.786179651167739912e+00 -3.328478076275958155e-04
3.796179651167739699e+00 -3.309162708408698063e-04
3.806179651167739486e+00 -3.289811088483358893e-04
3.816179651167739273e+00 -3.270423327403846605e-04
3.826179651167739060e+00 -3.250999536290888076e-04
3.836179651167738847e+00 -3.231539826481324745e-04
3.846179651167738633e+00 -3.212044309527401376e-04
3.856179651167738420e+00 -3.192513097204221031e-04
3.866179651167738207e+00 -3.172946301819009945e-04
3.876179651167737994e+00 -3.153344036305395412e-04
3.886179651167737781e+00 -3.133706413859376773e-04
3.896179651167737568e+00 -3.114033547913153317e-04
3.906179651167737354e+00 -3.094325552134661326e-04
3.916179651167737141e+00 -3.074582540427107328e-04
3.926179651167736928e+00 -3.054804626928505685e-04
3.936179651167736715e+00 -3.034991926011206963e-04
3.946179651167736502e+00 -3.015144552281430099e-04
3.956179651167736289e+00 -2.995262620578779391e-04
3.966179651167736075e+00 -2.975346245975773411e-04
3.976179651167735862e+00 -2.955395543777365784e-04
3.986179651167735649e+00 -2.935410629520452969e-04
3.996179651167735436e+00 -2.915391618973395033e-04
4.006179651167735223e+00 -2.895338628135522342e-04
4.016179651167735010e+00 -2.875251773236641708e-04
4.026179651167734797e+00 -2.855131170736541451e-04
4.036179651167734583e+00 -2.834976937324492122e-04
4.046179651167734370e+00 -2.814789189918742349e-04
4.056179651167734157e+00 -2.794568045666015769e-04
4.066179651167733944e+00 -2.774313621941000368e-04
4.076179651167733731e+00 -2.754026036345830772e-04
4.086179651167733518e+00 -2.733705406709580846e-04
4.096179651167733304e+00 -2.713351851087739477e-04
4.106179651167733091e+00 -2.692965487761689075e-04
4.116179651167732878e+00 -2.672546435238177024e-04
4.126179651167732665e+00 -2.652094812248787133e-04
4.136179651167732452e+00 -2.631610737749408920e-04
4.146179651167732239e+00 -2.611094330919699847e-04
4.156179651167732025e+00 -2.590545711162537800e-04
4.166179651167731812e+00 -2.569964998103489826e-04
4.176179651167731599e+00 -2.549352311590252144e-04
4.186179651167731386e+00 -2.528707771692102627e-04
4.196179651167731173e+00 -2.508031498699351647e-04
4.206179651167730960e+00 -2.487323613122772331e-04
4.216179651167730746e+00 -2.466584235693043822e-04
4.226179651167730533e+00 -2.445813487360184784e-04
4.236179651167730320e+00 -2.425011489292980401e-04
4.246179651167730107e+00 -2.404178362878408291e-04
4.256179651167729894e+00 -2.383314229721060083e-04
4.266179651167729681e+00 -2.362419211642557580e-04
4.276179651167729467e+00 -2.341493430680969992e-04
4.286179651167729254e+00 -2.320537009090214379e-04
4.296179651167729041e+00 -2.299550069339472889e-04
4.306179651167728828e+00 -2.278532734112581810e-04
4.316179651167728615e+00 -2.257485126307435261e-04
4.326179651167728402e+00 -2.236407369035377495e-04
4.336179651167728188e+00 -2.215299585620587072e-04
4.346179651167727975e+00 -2.194161899599462117e-04
4.356179651167727762e+00 -2.172994434720002324e-04
4.366179651167727549e+00 -2.151797314941183373e-04
4.376179651167727336e+00 -2.130570664432323213e-04
4.386179651167727123e+00 -2.109314607572454307e-04
4.396179651167726909e+00 -2.088029268949683414e-04
4.406179651167726696e+00 -2.066714773360544318e-04
4.416179651167726483e+00 -2.045371245809358420e-04
4.426179651167726270e+00 -2.023998811507572834e-04
4.436179651167726057e+00 -2.002597595873113116e-04
4.446179651167725844e+00 -1.981167724529718651e-04
4.456179651167725631e+00 -1.959709323306274510e-04
4.466179651167725417e+00 -1.938222518236143042e-04
4.476179651167725204e+00 -1.916707435556488416e-04
4.486179651167724991e+00 -1.895164201707592215e-04
4.496179651167724778e+00 -1.873592943332172834e-04
4.506179651167724565e+00 -1.851993787274695380e-04
4.516179651167724352e+00 -1.830366860580672362e-04
4.526179651167724138e+00 -1.808712290495964657e-04
4.536179651167723925e+00 -1.787030204466083007e-04
4.546179651167723712e+00 -1.765320730135470006e-04
4.556179651167723499e+00 -1.743583995346785888e-04
4.566179651167723286e+00 -1.721820128140190507e-04
4.576179651167723073e+00 -1.700029256752618552e-04
4.586179651167722859e+00 -1.678211509617045540e-04
4.596179651167722646e+00 -1.656367015361753271e-04
4.606179651167722433e+00 -1.634495902809592299e-04
4.616179651167722220e+00 -1.612598300977230307e-04
4.626179651167722007e+00 -1.590674339074401569e-04
4.636179651167721794e+00 -1.568724146503148011e-04
4.646179651167721580e+00 -1.546747852857063789e-04
4.656179651167721367e+00 -1.524745587920517105e-04
4.666179651167721154e+00 -1.502717481667885575e-04
4.676179651167720941e+00 -1.480663664262769365e-04
4.686179651167720728e+00 -1.458584266057214366e-04
4.696179651167720515e+00 -1.436479417590914214e-04
4.706179651167720301e+00 -1.414349249590421810e-04
4.716179651167720088e+00 -1.392193892968341317e-04
4.726179651167719875e+00 -1.370013478822524223e-04
4.736179651167719662e+00 -1.347808138435257813e-04
4.746179651167719449e+00 -1.325578003272441453e-04
4.756179651167719236e+00 -1.303323204982766929e-04
4.766179651167719022e+00 -1.281043875396887133e-04
4.776179651167718809e+00 -1.258740146526576354e-04
4.786179651167718596e+00 -1.236412150563893540e-04
4.796179651167718383e+00 -1.214060019880329575e-04
4.806179651167718170e+00 -1.191683887025957536e-04
4.816179651167717957e+00 -1.169283884728567499e-04
4.826179651167717743e+00 -1.146860145892806767e-04
4.836179651167717530e+00 -1.124412803599299227e-04
4.846179651167717317e+00 -1.101941991103778256e-04
4.856179651167717104e+00 -1.079447841836191448e-04
4.866179651167716891e+00 -1.056930489399815357e-04
4.876179651167716678e+00 -1.034390067570361844e-04
4.886179651167716464e+00 -1.011826710295066808e-04
4.896179651167716251e+00 -9.892405516917886698e-05
4.906179651167716038e+00 -9.666317260480881556e-05
4.916179651167715825e+00 -9.440003678203102489e-05
4.926179651167715612e+00 -9.213466116326496087e-05
4.936179651167715399e+00 -8.986705922762257444e-05
4.946179651167715186e+00 -8.759724447081316287e-05
4.956179651167714972e+00 -8.532523040504928812e-05
4.966179651167714759e+00 -8.305103055895109599e-05
4.976179651167714546e+00 -8.077465847745039134e-05
4.986179651167714333e+00 -7.849612772169395434e-05
4.996179651167714120e+00 -7.621545186894581323e-05
5.006179651167713907e+00 -7.393264451248991005e-05
5.016179651167713693e+00 -7.164771926153070639e-05
5.026179651167713480e+00 -6.936068974109439907e-05
5.036179651167713267e+00 -6.707156959192842808e-05
5.046179651167713054e+00 -6.478037247040097112e-05
5.056179651167712841e+00 -6.248711204840000431e-05
5.066179651167712628e+00 -6.019180201323020814e-05
5.076179651167712414e+00 -5.789445606751155392e-05
5.086179651167712201e+00 -5.559508792907452918e-05
5.096179651167711988e+00 -5.329371133085735531e-05
5.106179651167711775e+00 -5.099034002080026428e-05
5.116179651167711562e+00 -4.868498776174053435e-05
5.126179651167711349e+00 -4.637766833130565548e-05
5.136179651167711135e+00 -4.406839552180763313e-05
5.146179651167710922e+00 -4.175718314013402604e-05
5.156179651167710709e+00 -3.944404500764108444e-05
5.166179651167710496e+00 -3.712899496004356810e-05
5.176179651167710283e+00 -3.481204684730558065e-05
5.186179651167710070e+00 -3.249321453353036049e-05
5.196179651167709856e+00 -3.017251189684920423e-05
5.206179651167709643e+00 -2.784995282930921112e-05
5.216179651167709430e+00 -2.552555123676094619e-05
5.226179651167709217e+00 -2.319932103874526304e-05
5.236179651167709004e+00 -2.087127616837955750e-05
5.246179651167708791e+00 -1.854143057224296419e-05
5.256179651167708577e+00 -1.620979821026046885e-05
5.266179651167708364e+00 -1.387639305558736625e-05
5.276179651167708151e+00 -1.154122909449222737e-05
5.286179651167707938e+00 -9.204320326239236356e-06
5.296179651167707725e+00 -6.865680762969741404e-06
5.306179651167707512e+00 -4.525324429583615969e-06
5.316179651167707298e+00 -2.183265363619190139e-06
5.326179651167707085e+00 1.604823848675023825e-07
5.336179651167706872e+00 2.505904753423531504e-06
5.346179651167706659e+00 4.852987667321463617e-06
5.356179651167706446e+00 7.201717039682045847e-06
5.366179651167706233e+00 9.552078771597554384e-06
5.376179651167706020e+00 1.190405875225588142e-05
5.386179651167705806e+00 1.425764285906625854e-05
5.396179651167705593e+00 1.661281695778427204e-05
5.406179651167705380e+00 1.896956690263853498e-05
5.416179651167705167e+00 2.132787853645831135e-05
5.426179651167704954e+00 2.368773769080087256e-05
5.436179651167704741e+00 2.604913018608101213e-05
5.446179651167704527e+00 2.841204183170008274e-05
5.456179651167704314e+00 3.077645842617617500e-05
5.466179651167704101e+00 3.314236575727554985e-05
5.476179651167703888e+00 3.550974960214396935e-05
5.486179651167703675e+00 3.787859572743979605e-05
5.496179651167703462e+00 5.541191503004175636e-05
5.506179651167703248e+00 7.481746582561378534e-05
5.516179651167703035e+00 9.423463116765623190e-05
5.526179651167702822e+00 1.136632942662614901e-04
5.536179651167702609e+00 1.331033382512246399e-04
5.546179651167702396e+00 1.525546461731697168e-04
5.556179651167702183e+00 1.720171010046781489e-04
5.566179651167701969e+00 1.914905856414223992e-04
5.576179651167701756e+00 2.109749829033074134e-04
5.586179651167701543e+00 2.304701755356181395e-04
5.596179651167701330e+00 2.499760462101696494e-04
5.606179651167701117e+00 2.694924775264737407e-04
5.616179651167700904e+00 2.890193520129012011e-04
5.626179651167700690e+00 3.085565521278510123e-04
5.636179651167700477e+00 3.281039602609369006e-04
5.646179651167700264e+00 3.476614587341656480e-04
5.656179651167700051e+00 3.672289298031314493e-04
5.666179651167699838e+00 3.868062556582115702e-04
5.676179651167699625e+00 4.063933184257754495e-04
5.686179651167699411e+00 4.259900001693907659e-04
5.696179651167699198e+00 4.455961828910377440e-04
5.706179651167698985e+00 4.652117485323390735e-04
5.716179651167698772e+00 4.848365788399041677e-04
5.726179651167698559e+00 5.044705545568755993e-04
5.736179651167698346e+00 5.241135559271858924e-04
5.746179651167698132e+00 5.437654630671483018e-04
5.756179651167697919e+00 5.634261559680805824e-04
5.766179651167697706e+00 5.830955144969919395e-04
5.776179651167697493e+00 6.027734183972847243e-04
5.786179651167697280e+00 6.224597472894635025e-04
5.796179651167697067e+00 6.421543806718614696e-04
5.806179651167696854e+00 6.618571979213781417e-04
5.816179651167696640e+00 6.815680782942296241e-04
5.826179651167696427e+00 7.012869009267097206e-04
5.836179651167696214e+00 7.210135448359657889e-04
5.846179651167696001e+00 7.407478889207876060e-04
5.856179651167695788e+00 7.604898119624066422e-04
5.866179651167695575e+00 7.802391926253135490e-04
5.876179651167695361e+00 7.999959094580812863e-04
5.886179651167695148e+00 8.197598408942051613e-04
5.896179651167694935e+00 8.395308652529602164e-04
5.906179651167694722e+00 8.593088607402620850e-04
5.916179651167694509e+00 8.790937054495503999e-04
5.926179651167694296e+00 8.988852773626804411e-04
5.936179651167694082e+00 9.186834543508269266e-04
5.946179651167693869e+00 9.384881141754077526e-04
5.956179651167693656e+00 9.582991344890133718e-04
5.966179651167693443e+00 9.781163928363569883e-04
5.976179651167693230e+00 9.979397666552308234e-04
5.986179651167693017e+00 1.017769133277484066e-03
5.996179651167692803e+00 1.037604369930006029e-03
6.006179651167692590e+00 1.057445353735730117e-03
6.016179651167692377e+00 1.077291961714647774e-03
6.026179651167692164e+00 1.097144070784839128e-03
6.036179651167691951e+00 1.117001557763513606e-03
6.046179651167691738e+00 1.136864299368067896e-03
6.056179651167691524e+00 1.156732172217154325e-03
6.066179651167691311e+00 1.176605052831770047e-03
6.076179651167691098e+00 1.196482817636351651e-03
6.086179651167690885e+00 1.216365342959890156e-03
6.096179651167690672e+00 1.236252505037058148e-03
6.106179651167690459e+00 1.256144180009347976e-03
6.116179651167690245e+00 1.276040243926230763e-03
6.126179651167690032e+00 1.295940572746326694e-03
6.136179651167689819e+00 1.315845042338585494e-03
6.146179651167689606e+00 1.335753528483487078e-03
6.156179651167689393e+00 1.355665906874254116e-03
6.166179651167689180e+00 1.375582053118079139e-03
6.176179651167688966e+00 1.395501842737367033e-03
6.186179651167688753e+00 1.415425151170988808e-03
6.196179651167688540e+00 1.435351853775555537e-03
6.206179651167688327e+00 1.455281825826700319e-03
6.216179651167688114e+00 1.475214942520379751e-03
6.226179651167687901e+00 1.495151078974188636e-03
6.236179651167687688e+00 1.515090110228689210e-03
6.246179651167687474e+00 1.535031911248751438e-03
6.256179651167687261e+00 1.554976356924915636e-03
6.266179651167687048e+00 1.574923322074762684e-03
6.276179651167686835e+00 1.594872681444302678e-03
6.286179651167686622e+00 1.614824309709377232e-03
6.296179651167686409e+00 1.634778081477075663e-03
6.306179651167686195e+00 1.654733871287167226e-03
6.316179651167685982e+00 1.674691553613548737e-03
6.326179651167685769e+00 1.694651002865705429e-03
6.336179651167685556e+00 1.714612093390185466e-03
6.346179651167685343e+00 1.734574699472092238e-03
6.356179651167685130e+00 1.754538695336590320e-03
6.366179651167684916e+00 1.774503955150425524e-03
6.376179651167684703e+00 1.794470353023460123e-03
6.386179651167684490e+00 1.814437763010222837e-03
6.396179651167684277e+00 1.834406059111474193e-03
6.406179651167684064e+00 1.854375115275785782e-03
6.416179651167683851e+00 1.874344805401135334e-03
6.426179651167683637e+00 1.894315003336514806e-03
6.436179651167683424e+00 1.914285582883555603e-03
6.446179651167683211e+00 1.934256417798167673e-03
6.456179651167682998e+00 1.954227381792192266e-03
6.466179651167682785e+00 1.974198348535071389e-03
6.476179651167682572e+00 1.994169191655530051e-03
6.486179651167682358e+00 2.014139784743273695e-03
6.496179651167682145e+00 2.034110001350703835e-03
6.506179651167681932e+00 2.054079714994641072e-03
6.516179651167681719e+00 2.074048799158070226e-03
6.526179651167681506e+00 2.094017127291897176e-03
6.536179651167681293e+00 2.113984572816718713e-03
6.546179651167681079e+00 2.133951009124609305e-03
6.556179651167680866e+00 2.153916309580921305e-03
6.566179651167680653e+00 2.173880347526100341e-03
6.576179651167680440e+00 2.193842996277515448e-03
6.586179651167680227e+00 2.213804129131303512e-03
6.596179651167680014e+00 2.233763619364225860e-03
6.606179651167679800e+00 2.253721340235544796e-03
6.616179651167679587e+00 2.273677164988907942e-03
6.626179651167679374e+00 2.293630966854253404e-03
6.636179651167679161e+00 2.313582619049724034e-03
6.646179651167678948e+00 2.333531994783597310e-03
6.656179651167678735e+00 2.353478967256231701e-03
6.666179651167678522e+00 2.373423409662025162e-03
6.676179651167678308e+00 2.393365195191388822e-03
6.686179651167678095e+00 2.413304197032732808e-03
6.696179651167677882e+00 2.433240288374469845e-03
6.706179651167677669e+00 2.453173342407028844e-03
6.716179651167677456e+00 2.473103232324884524e-03
6.726179651167677243e+00 2.493029831328600916e-03
6.736179651167677029e+00 2.512953012626889179e-03
6.746179651167676816e+00 2.532872649438676262e-03
6.756179651167676603e+00 2.552788614995192638e-03
6.766179651167676390e+00 2.572700782542067417e-03
6.776179651167676177e+00 2.592609025341441244e-03
6.786179651167675964e+00 2.612513216674092632e-03
6.796179651167675750e+00 2.632413229841576007e-03
6.806179651167675537e+00 2.652308938168372338e-03
6.816179651167675324e+00 2.672200215004056668e-03
6.826179651167675111e+00 2.692086933725476063e-03
6.836179651167674898e+00 2.711968967738943165e-03
6.846179651167674685e+00 2.731846190482437563e-03
6.856179651167674471e+00 2.751718475427824499e-03
6.866179651167674258e+00 2.771585696083090061e-03
6.876179651167674045e+00 2.791447725994578542e-03
6.886179651167673832e+00 2.811304438749253655e-03
6.896179651167673619e+00 2.831155707976966245e-03
6.906179651167673406e+00 2.851001407352733719e-03
6.916179651167673192e+00 2.870841410599036820e-03
6.926179651167672979e+00 2.890675591488125942e-03
6.936179651167672766e+00 2.910503823844338717e-03
6.946179651167672553e+00 2.930325981403588288e-03
6.956179651167672340e+00 2.950141935915086191e-03
6.966179651167672127e+00 2.969951557524193667e-03
6.976179651167671913e+00 2.989754716268312306e-03
6.986179651167671700e+00 3.009551282113047833e-03
6.996179651167671487e+00 3.028636918440121614e-03
7.006179651167671274e+00 3.038235071617874199e-03
7.016179651167671061e+00 3.047829836640012207e-03
7.026179651167670848e+00 3.057421150289112589e-03
7.036179651167670634e+00 3.067008949318473631e-03
7.046179651167670421e+00 3.076593170453267682e-03
7.056179651167670208e+00 3.086173750391713825e-03
7.066179651167669995e+00 3.095750625806259655e-03
7.076179651167669782e+00 3.105323733344783448e-03
7.086179651167669569e+00 3.114893009631803690e-03
7.096179651167669356e+00 3.124458391269711172e-03
7.106179651167669142e+00 3.134019814840009310e-03
7.116179651167668929e+00 3.143577216904570090e-03
7.126179651167668716e+00 3.153130534006908653e-03
7.136179651167668503e+00 3.162679702673466993e-03
7.146179651167668290e+00 3.172224659414913696e-03
7.156179651167668077e+00 3.181765340727458861e-03
7.166179651167667863e+00 3.191301683094184202e-03
7.176179651167667650e+00 3.200833622986382250e-03
7.186179651167667437e+00 3.210361096864914211e-03
7.196179651167667224e+00 3.219884041181581696e-03
7.206179651167667011e+00 3.229402392380509735e-03
7.216179651167666798e+00 3.238916086899546257e-03
7.226179651167666584e+00 3.248425061171673293e-03
7.236179651167666371e+00 3.257929251626431617e-03
7.246179651167666158e+00 3.267428594691363167e-03
7.256179651167665945e+00 3.276923026793460841e-03
7.266179651167665732e+00 3.286412484360637376e-03
7.276179651167665519e+00 3.295896903823203328e-03
7.286179651167665305e+00 3.305376221615360672e-03
7.296179651167665092e+00 3.314850374176709410e-03
7.306179651167664879e+00 3.324319297953766753e-03
7.316179651167664666e+00 3.333782929401499749e-03
7.326179651167664453e+00 3.343241204984869624e-03
7.336179651167664240e+00 3.352694061180393030e-03
7.346179651167664026e+00 3.362141434477708933e-03
7.356179651167663813e+00 3.371583261381164588e-03
7.366179651167663600e+00 3.381019478411411480e-03
7.376179651167663387e+00 3.390450022107014284e-03
7.386179651167663174e+00 3.399874829026071528e-03
7.396179651167662961e+00 3.409293835747847969e-03
7.406179651167662747e+00 3.418706978874421713e-03
7.416179651167662534e+00 3.428114195032339571e-03
7.426179651167662321e+00 3.437515420874288907e-03
7.436179651167662108e+00 3.446910593080775107e-03
7.446179651167661895e+00 3.456299648361817710e-03
7.456179651167661682e+00 3.465682523458653470e-03
7.466179651167661468e+00 3.475059155145451134e-03
7.476179651167661255e+00 3.484429480231039655e-03
7.486179651167661042e+00 3.493793435560646390e-03
7.496179651167660829e+00 3.503150958017644395e-03
7.506179651167660616e+00 3.512501984525315778e-03
7.516179651167660403e+00 3.521846452048620242e-03
7.526179651167660190e+00 3.531184297595976219e-03
7.536179651167659976e+00 3.540515458221055005e-03
7.546179651167659763e+00 3.549839871024581400e-03
7.556179651167659550e+00 3.559157473156148669e-03
7.566179651167659337e+00 3.568468201816036960e-03
7.576179651167659124e+00 3.577771994257051679e-03
7.586179651167658911e+00 3.587068787786360131e-03
7.596179651167658697e+00 3.596358519767348105e-03
7.606179651167658484e+00 3.605641127621479931e-03
7.616179651167658271e+00 3.614916548830167647e-03
7.626179651167658058e+00 3.624184720936654471e-03
7.636179651167657845e+00 3.633445581547900885e-03
7.646179651167657632e+00 3.642699068336483718e-03
7.656179651167657418e+00 3.651945119042503476e-03
7.666179651167657205e+00 3.661183671475499047e-03
7.676179651167656992e+00 3.670414663516369767e-03
7.686179651167656779e+00 3.679638033119310512e-03
7.696179651167656566e+00 3.688853718313747209e-03
7.706179651167656353e+00 3.698061657206289272e-03
7.716179651167656139e+00 3.707261787982680298e-03
7.726179651167655926e+00 3.716454048909764371e-03
7.736179651167655713e+00 3.725638378337453246e-03
7.746179651167655500e+00 3.734814714700707399e-03
7.756179651167655287e+00 3.743982996521516646e-03
7.766179651167655074e+00 3.753143162410892911e-03
7.776179651167654860e+00 3.762295151070868190e-03
7.786179651167654647e+00 3.771438901296497725e-03
7.796179651167654434e+00 3.780574351977871415e-03
7.806179651167654221e+00 3.789701442102129132e-03
7.816179651167654008e+00 3.798820110755483405e-03
7.826179651167653795e+00 3.807930297125246451e-03
7.836179651167653581e+00 3.817031940501866300e-03
7.846179651167653368e+00 3.826124980280961631e-03
7.856179651167653155e+00 3.835209355965367873e-03
7.866179651167652942e+00 3.844285006929174051e-03
7.876179651167652729e+00 3.853351870568845396e-03
7.886179651167652516e+00 3.862409883225834291e-03
7.896179651167652302e+00 3.871458981199216425e-03
7.906179651167652089e+00 3.880499100757466967e-03
7.916179651167651876e+00 3.889530178141141145e-03
7.926179651167651663e+00 3.898552149565586052e-03
7.936179651167651450e+00 3.907564951223681075e-03
7.946179651167651237e+00 3.916568519288600447e-03
7.956179651167651024e+00 3.925562789916613518e-03
7.966179651167650810e+00 3.934547699249901949e-03
7.976179651167650597e+00 3.943523183419414199e-03
7.986179651167650384e+00 3.952489178547739096e-03
7.996179651167650171e+00 3.944418502643666155e-03
8.006179651167650846e+00 3.904423581058322299e-03
8.016179651167650633e+00 3.864471935003343812e-03
8.026179651167650420e+00 3.824563850047936128e-03
8.036179651167650206e+00 3.784699611732627537e-03
8.046179651167649993e+00 3.744879505555724023e-03
8.056179651167649780e+00 3.705103816959646589e-03
8.066179651167649567e+00 3.665372831317167089e-03
8.076179651167649354e+00 3.625686833917538248e-03
8.086179651167649141e+00 3.586046109952514827e-03
8.096179651167648927e+00 3.546450944502276340e-03
8.106179651167648714e+00 3.506901622521246993e-03
8.116179651167648501e+00 3.467398428823816742e-03
8.126179651167648288e+00 3.427941648069963466e-03
8.136179651167648075e+00 3.388531564750781912e-03
8.146179651167647862e+00 3.349168463173918080e-03
8.156179651167647648e+00 3.309852627448909082e-03
8.166179651167647435e+00 3.270584341472436256e-03
8.176179651167647222e+00 3.231363888913489808e-03
8.186179651167647009e+00 3.192191553198441955e-03
8.196179651167646796e+00 3.153067617496046332e-03
8.206179651167646583e+00 3.113992364702344168e-03
8.216179651167646369e+00 3.074966077425494125e-03
8.226179651167646156e+00 3.035989037970527119e-03
8.236179651167645943e+00 2.997061528324019598e-03
8.246179651167645730e+00 2.958183830138698747e-03
8.256179651167645517e+00 2.919356224717967012e-03
8.266179651167645304e+00 2.880578993000365053e-03
8.276179651167645090e+00 2.841852415543959232e-03
8.286179651167644877e+00 2.803176772510670989e-03
8.296179651167644664e+00 2.764552343650536828e-03
8.306179651167644451e+00 2.725979408285909757e-03
8.316179651167644238e+00 2.687458245295600446e-03
8.326179651167644025e+00 2.648989133098960704e-03
8.336179651167643812e+00 2.610572349639913615e-03
8.346179651167643598e+00 2.572208172370930336e-03
8.356179651167643385e+00 2.533896878236959610e-03
8.366179651167643172e+00 2.495638743659302217e-03
8.376179651167642959e+00 2.457434044519448552e-03
8.386179651167642746e+00 2.419283056142865033e-03
8.396179651167642533e+00 2.381186053282747551e-03
8.406179651167642319e+00 2.343143310103729809e-03
8.416179651167642106e+00 2.305155100165557844e-03
8.426179651167641893e+00 2.267221696406732014e-03
8.436179651167641680e+00 2.229343371128116903e-03
8.446179651167641467e+00 2.191520395976519989e-03
8.456179651167641254e+00 2.153753041928247770e-03
8.466179651167641040e+00 2.116041579272636732e-03
8.476179651167640827e+00 2.078386277595559162e-03
8.486179651167640614e+00 2.040787405762916392e-03
8.496179651167640401e+00 2.003245231904109483e-03
8.506179651167640188e+00 1.965760023395499503e-03
8.516179651167639975e+00 1.928332046843855233e-03
8.526179651167639761e+00 1.890961568069790457e-03
8.536179651167639548e+00 1.853648852091197355e-03
8.546179651167639335e+00 1.816394163106676207e-03
8.556179651167639122e+00 1.779197764478960110e-03
8.566179651167638909e+00 1.742059918718343167e-03
8.576179651167638696e+00 1.714110184970336816e-03
8.586179651167638482e+00 1.694381706304493853e-03
8.596179651167638269e+00 1.674684861924246454e-03
8.606179651167638056e+00 1.655019804197091493e-03
8.616179651167637843e+00 1.635386685546055211e-03
8.626179651167637630e+00 1.615785658434978640e-03
8.636179651167637417e+00 1.596216875353783943e-03
8.646179651167637203e+00 1.576680488803654679e-03
8.656179651167636990e+00 1.557176651282140157e-03
8.666179651167636777e+00 1.537705515268173286e-03
8.676179651167636564e+00 1.518267233207019678e-03
8.686179651167636351e+00 1.498861957495149777e-03
8.696179651167636138e+00 1.479489840465038992e-03
8.706179651167635924e+00 1.460151034369903868e-03
8.716179651167635711e+00 1.440845691368367997e-03
8.726179651167635498e+00 1.421573963509069598e-03
8.736179651167635285e+00 1.402336002715205351e-03
8.746179651167635072e+00 1.383131960769019148e-03
8.756179651167634859e+00 1.363961989296236200e-03
8.766179651167634646e+00 1.344826239750445112e-03
8.776179651167634432e+00 1.325724863397429419e-03
8.786179651167634219e+00 1.306658011299459020e-03
8.796179651167634006e+00 1.287625834299529560e-03
8.806179651167633793e+00 1.268628483005571680e-03
8.816179651167633580e+00 1.249666107774615158e-03
8.826179651167633367e+00 1.230738858696922046e-03
8.836179651167633153e+00 1.211846885580089876e-03
8.846179651167632940e+00 1.192990337933124735e-03
8.856179651167632727e+00 1.174169364950490048e-03
8.866179651167632514e+00 1.155384115496132375e-03
8.876179651167632301e+00 1.136634738087489212e-03
8.886179651167632088e+00 1.117921380879480318e-03
8.896179651167631874e+00 1.099244191648486666e-03
8.906179651167631661e+00 1.080603317776319223e-03
8.916179651167631448e+00 1.061998906234180992e-03
8.926179651167631235e+00 1.043431103566625374e-03
8.936179651167631022e+00 1.024900055875515833e-03
8.946179651167630809e+00 1.006405908803986640e-03
8.956179651167630595e+00 9.879488075204099096e-04
8.966179651167630382e+00 9.695288967023731530e-04
8.976179651167630169e+00 9.511463205206688613e-04
8.986179651167629956e+00 9.328012226232976472e-04
8.996179651167629743e+00 9.144937461194942597e-04
9.006179651167629530e+00 8.962240335637711641e-04
9.016179651167629316e+00 8.779922269399926963e-04
9.026179651167629103e+00 8.597984676454720936e-04
9.036179651167628890e+00 8.416428964751050635e-04
9.046179651167628677e+00 8.365778764857533575e-04
9.056179651167628464e+00 8.695615842544430346e-04
9.066179651167628251e+00 9.024748562052856051e-04
9.076179651167628037e+00 9.353174401503631680e-04
9.086179651167627824e+00 9.680890851445102512e-04
9.096179651167627611e+00 1.000789541513788647e-03
9.106179651167627398e+00 1.033418560883867269e-03
9.116179651167627185e+00 1.065975896208294247e-03
9.126179651167626972e+00 1.098461301796656905e-03
9.136179651167626758e+00 1.130874533342625084e-03
9.146179651167626545e+00 1.163215347951872172e-03
9.156179651167626332e+00 1.195483502046146198e-03
9.166179651167626119e+00 1.227678729856918017e-03
9.176179651167625906e+00 1.259800750988688709e-03
9.186179651167625693e+00 1.291849284732995073e-03
9.196179651167625480e+00 1.323824050318801130e-03
9.206179651167625266e+00 1.355724766968924777e-03
9.216179651167625053e+00 1.387551153956542065e-03
9.226179651167624840e+00 1.419302930661758486e-03
9.236179651167624627e+00 1.450979816628228175e-03
9.246179651167624414e+00 1.482581531619819957e-03
9.256179651167624201e+00 1.514107795677306374e-03
9.266179651167623987e+00 1.545558329175070710e-03
9.276179651167623774e+00 1.576932852877810983e-03
9.286179651167623561e+00 1.608231087997239600e-03
9.296179651167623348e+00 1.639452756248750264e-03
9.306179651167623135e+00 1.670597579908053663e-03
9.316179651167622922e+00 1.701665281867757859e-03
9.326179651167622708e+00 1.732655585693884497e-03
9.336179651167622495e+00 1.763568215682309766e-03
9.346179651167622282e+00 1.794402896915108436e-03
9.356179651167622069e+00 1.825159355316796628e-03
9.366179651167621856e+00 1.855837317710455322e-03
9.376179651167621643e+00 1.886436511873717040e-03
9.386179651167621429e+00 1.916956666594611365e-03
9.396179651167621216e+00 1.947397511727246098e-03
9.406179651167621003e+00 1.977758778247316884e-03
9.416179651167620790e+00 2.008040198307426902e-03
9.426179651167620577e+00 2.038241505292205744e-03
9.436179651167620364e+00 2.068362433873211902e-03
9.446179651167620150e+00 2.098402720063608212e-03
9.456179651167619937e+00 2.128362101272589235e-03
9.466179651167619724e+00 2.158240316359557546e-03
9.476179651167619511e+00 2.188037105688021150e-03
9.486179651167619298e+00 2.217752211179215092e-03
9.496179651167619085e+00 2.226312686988932577e-03
9.506179651167618871e+00 2.231188918678266974e-03
9.516179651167618658e+00 2.236051545517978197e-03
9.526179651167618445e+00 2.240900526037882187e-03
9.536179651167618232e+00 2.245735819068290194e-03
9.546179651167618019e+00 2.250557383748525396e-03
9.556179651167617806e+00 2.255365179535379246e-03
9.566179651167617592e+00 2.260159166211501893e-03
9.576179651167617379e+00 2.264939303893724522e-03
9.586179651167617166e+00 2.269705553041314466e-03
9.596179651167616953e+00 2.274457874464157463e-03
9.606179651167616740e+00 2.279196229330867057e-03
9.616179651167616527e+00 2.283920579110632326e-03
9.626179651167616314e+00 2.288630881889372991e-03
9.636179651167616100e+00 2.293327090553216787e-03
9.646179651167615887e+00 2.298009157489093110e-03
9.656179651167615674e+00 2.302677035015519066e-03
9.666179651167615461e+00 2.307330675402122049e-03
9.676179651167615248e+00 2.311970030889113747e-03
9.686179651167615035e+00 2.316595053706718612e-03
9.696179651167614821e+00 2.321205696094541179e-03
9.706179651167614608e+00 2.325801910320877443e-03
9.716179651167614395e+00 2.330383648701956408e-03
9.726179651167614182e+00 2.334950863621111389e-03
9.736179651167613969e+00 2.339503507547876279e-03
9.746179651167613756e+00 2.344041533056994212e-03
9.756179651167613542e+00 2.348564892847346437e-03
9.766179651167613329e+00 2.353073539760779272e-03
9.776179651167613116e+00 2.357567426800839111e-03
9.786179651167612903e+00 2.362046507151399893e-03
9.796179651167612690e+00 2.366510734195181702e-03
9.806179651167612477e+00 2.370960061532153152e-03
9.816179651167612263e+00 2.375394442997816671e-03
9.826179651167612050e+00 2.372200124810901721e-03
9.836179651167611837e+00 2.363277147617815106e-03
9.846179651167611624e+00 2.354384727294631368e-03
9.856179651167611411e+00 2.345522955094292341e-03
9.866179651167611198e+00 2.336691921611428347e-03
9.876179651167610984e+00 2.327891716747019276e-03
9.886179651167610771e+00 2.319122429673379192e-03
9.896179651167610558e+00 2.310384148799476609e-03
9.906179651167610345e+00 2.301676961736593471e-03
9.916179651167610132e+00 2.293000955264344956e-03
9.926179651167609919e+00 2.284356215297061402e-03
9.936179651167609705e+00 2.275742826850546234e-03
9.946179651167609492e+00 2.267160874009223337e-03
9.956179651167609279e+00 2.258610439893678646e-03
9.966179651167609066e+00 2.250091606628609828e-03
9.976179651167608853e+00 2.241604455311195770e-03
9.986179651167608640e+00 2.233149065979888031e-03
9.996179651167608426e+00 2.224725519329785219e-03
1.000617965116760821e+01 2.216333912570854405e-03
1.001617965116760800e+01 2.207974352878361649e-03
1.002617965116760779e+01 2.199646947655739451e-03
1.003617965116760757e+01 2.191351804347650353e-03
1.004617965116760736e+01 2.183089030364542080e-03
1.005617965116760715e+01 2.174858733007732636e-03
1.006617965116760693e+01 2.166661019395041844e-03
1.007617965116760672e+01 2.158495996387003579e-03
1.008617965116760651e+01 2.152333389887179597e-03
1.009617965116760629e+01 2.146509390549882369e-03
1.010617965116760608e+01 2.140709127011387273e-03
1.011617965116760587e+01 2.134932674850421614e-03
1.012617965116760566e+01 2.129180109202244951e-03
1.013617965116760544e+01 2.123451504708458344e-03
1.014617965116760523e+01 2.117746935467349628e-03
1.015617965116760502e+01 2.112066474984808546e-03
1.016617965116760480e+01 2.106410196125813039e-03
1.017617965116760459e+01 2.100778171066517482e-03
1.018617965116760438e+01 2.095170471246955886e-03
1.019617965116760416e+01 2.089587167324375664e-03
1.020617965116760395e+01 2.084028329127226263e-03
1.021617965116760374e+01 2.078494025609812189e-03
1.022617965116760352e+01 2.072984324807636020e-03
1.023617965116760331e+01 2.067499293793440083e-03
1.024617965116760310e+01 2.062038998633969767e-03
1.025617965116760288e+01 2.056603504347472369e-03
1.026617965116760267e+01 2.051192874861949237e-03
1.027617965116760246e+01 2.043358600128732192e-03
1.028617965116760224e+01 2.023855718862324019e-03
1.029617965116760203e+01 2.004443971053108866e-03
1.030617965116760182e+01 1.985123596561222826e-03
1.031617965116760161e+01 1.965894913844497185e-03
1.032617965116760139e+01 1.946758257077917803e-03
1.033617965116760118e+01 1.927713959210449954e-03
1.034617965116760097e+01 1.908762351622316812e-03
1.035617965116760075e+01 1.889903763786530402e-03
1.036617965116760054e+01 1.871138522934828524e-03
1.037617965116760033e+01 1.852466953728167717e-03
1.038617965116760011e+01 1.833889377931922091e-03
1.039617965116759990e+01 1.815406114095941340e-03
1.040617965116759969e+01 1.797017477239612774e-03
1.041617965116759947e+01 1.778723778542077878e-03
1.042617965116759926e+01 1.760525325037747999e-03
1.043617965116759905e+01 1.736285669758127169e-03
1.044617965116759883e+01 1.711873172402268500e-03
1.045617965116759862e+01 1.687591011704877306e-03
1.046617965116759841e+01 1.663439577464228842e-03
1.047617965116759819e+01 1.639419251910022388e-03
1.048617965116759798e+01 1.615530409337671619e-03
1.049617965116759777e+01 1.591773415751068657e-03
1.050617965116759756e+01 1.568148628513985759e-03
1.051617965116759734e+01 1.544656396010276808e-03
1.052617965116759713e+01 1.521297057313033023e-03
1.053617965116759692e+01 1.498070941862838590e-03
1.054617965116759670e+01 1.474978369241571399e-03
1.055617965116759649e+01 1.440504286738209135e-03
1.056617965116759628e+01 1.405493353662244736e-03
1.057617965116759606e+01 1.370689079154844810e-03
1.058617965116759585e+01 1.336092167925949717e-03
1.059617965116759564e+01 1.301703351840974732e-03
1.060617965116759542e+01 1.267523387353658697e-03
1.061617965116759521e+01 1.233553052968992337e-03
1.062617965116759500e+01 1.199793146736980202e-03
1.063617965116759478e+01 1.166244483778072598e-03
1.064617965116759457e+01 1.130782740809731582e-03
1.065617965116759436e+01 1.088913022039870960e-03
1.066617965116759414e+01 1.047313513507186445e-03
1.067617965116759393e+01 1.005985301432878263e-03
1.068617965116759372e+01 9.649294786202725419e-04
1.069617965116759351e+01 9.241471415943161875e-04
1.070617965116759329e+01 8.836393877908196122e-04
1.071617965116759308e+01 8.434073127970541112e-04
1.072617965116759287e+01 8.013726263172895464e-04
1.073617965116759265e+01 7.493585551121512232e-04
1.074617965116759244e+01 6.977101365442877441e-04
1.075617965116759223e+01 6.464289380898846334e-04
1.076617965116759201e+01 5.955178585078770362e-04
1.077617965116759180e+01 5.449801819258086495e-04
1.078617965116759159e+01 4.948188556703898540e-04
1.079617965116759137e+01 4.458066603312043014e-04
1.080617965116759116e+01 3.998546798678610618e-04
1.081617965116759095e+01 3.542591821590218050e-04
1.082617965116759073e+01 3.090217301957371354e-04
1.083617965116759052e+01 2.641436164520361680e-04
1.084617965116759031e+01 2.196258725436094799e-04
1.085617965116759009e+01 1.765518323781914900e-04
1.086617965116758988e+01 1.594003389619242555e-04
1.087617965116758967e+01 1.423906145977130513e-04
1.088617965116758945e+01 1.255226920647774561e-04
1.089617965116758924e+01 1.087965205134297281e-04
1.090617965116758903e+01 9.221196904474405391e-05
1.091617965116758882e+01 8.252693271991348679e-05
1.092617965116758860e+01 8.665561099223410477e-05
1.093617965116758839e+01 9.074909803128425670e-05
1.094617965116758818e+01 9.480762225577371127e-05
1.095617965116758796e+01 9.883127589368881133e-05
1.096617965116758775e+01 1.031773551837600263e-04
1.097617965116758754e+01 1.144868010539196364e-04
1.098617965116758732e+01 1.256951886295712406e-04
1.099617965116758711e+01 1.368014557658336905e-04
1.100617965116758690e+01 1.478042653520862204e-04
1.101617965116758668e+01 1.527995508093785886e-04
1.102617965116758647e+01 1.257222353634965012e-04
1.103617965116758626e+01 9.891816599523913748e-05
1.104617965116758604e+01 7.239289433357706479e-05
1.105617965116758583e+01 4.615227475976808001e-05
1.106617965116758562e+01 1.529673098256146549e-06
1.107617965116758540e+01 -5.143169878089176843e-05
1.108617965116758519e+01 -1.037742806513270203e-04
1.109617965116758498e+01 -1.554827311646374884e-04
1.110617965116758477e+01 -1.825528170030158012e-04
1.111617965116758455e+01 -1.865268286363826102e-04
1.112617965116758434e+01 -1.904460619189380342e-04
1.113617965116758413e+01 -1.943086417373466365e-04
1.114617965116758391e+01 -1.878628489675545255e-04
1.115617965116758370e+01 -1.712937311033658236e-04
1.116617965116758349e+01 -1.550274974045536534e-04
1.117617965116758327e+01 -1.390871764150966746e-04
1.118617965116758306e+01 -1.315259321301010637e-04
1.119617965116758285e+01 -1.296337001528883410e-04
1.120617965116758263e+01 -1.277812313555268470e-04
1.121617965116758242e+01 -1.259662765295693234e-04
1.122617965116758221e+01 -8.421359692260143746e-05
1.123617965116758199e+01 -3.167889674268660775e-05
1.124617965116758178e+01 1.980519273794545388e-05
1.125617965116758157e+01 6.934423212080541115e-05
1.126617965116758135e+01 8.749288319434881354e-05
1.127617965116758114e+01 1.052843099840977746e-04
1.128617965116758093e+01 1.227275405084923940e-04
1.129617965116758072e+01 1.151890600094484309e-04
1.130617965116758050e+01 7.785815261453521180e-05
1.131617965116758029e+01 4.124782088798031198e-05
1.132617965116758008e+01 1.340095672736059753e-05
1.133617965116757986e+01 4.166463886817587027e-05
1.134617965116757965e+01 6.939019521857119196e-05
1.135617965116757944e+01 9.659105499165051277e-05
1.136617965116757922e+01 9.736210812180252059e-05
1.137617965116757901e+01 9.588161891859359361e-05
1.138617965116757880e+01 9.442892251575456686e-05
1.139617965116757858e+01 1.257962566983906929e-04
1.140617965116757837e+01 1.582929271313500809e-04
1.141617965116757816e+01 1.920734837521342322e-04
1.142617965116757794e+01 2.343447921385553433e-04
1.143617965116757773e+01 2.758155994233434279e-04
1.144617965116757752e+01 2.694695055133403258e-04
1.145617965116757730e+01 2.314328565266742421e-04
1.146617965116757709e+01 2.120572843315153425e-04
1.147617965116757688e+01 2.347835501510345019e-04
1.148617965116757667e+01 2.516511796521931667e-04
1.149617965116757645e+01 2.435277252863095820e-04
1.150617965116757624e+01 2.274878564881873788e-04
1.151617965116757603e+01 1.931052160743306032e-04
1.152617965116757581e+01 1.822087982034735877e-04
1.153617965116757560e+01 1.872300414678924690e-04
1.154617965116757539e+01 2.017494298215393995e-04
1.155617965116757517e+01 2.148462977507982290e-04
1.156617965116757496e+01 2.212515148067451388e-04
1.157617965116757475e+01 2.134957377688650852e-04
1.158617965116757453e+01 1.695427124816447652e-04
1.159617965116757432e+01 8.083091021898606340e-05
1.160617965116757411e+01 7.179495153220152642e-05
1.161617965116757389e+01 -3.083785665976864604e-04
1.162617965116757368e+01 -3.820411797844395704e-04
1.163617965116757347e+01 -3.433810482541719503e-03
1.164617965116757325e+01 -1.962839555637850911e-03
1.165617965116757304e+01 -6.868525216162791984e-04
1.166617965116757283e+01 -3.571599452439752826e-04
1.167617965116757262e+01 -1.867164244697904179e-04
1.168617965116757240e+01 1.933803824389854231e-04
1.169617965116757219e+01 3.454986913378563381e-04
1.170617965116757198e+01 -1.477147721717722041e-04
1.171617965116757176e+01 7.698951452805715768e-04
1.172617965116757155e+01 7.998209803545684900e-04
1.173617965116757134e+01 -5.830949884415449064e-04
1.174617965116757112e+01 1.581054822629490491e-03
1.175617965116757091e+01 -1.616461943283605332e-03
1.176617965116757070e+01 5.663698542177378293e-04
1.177617965116757048e+01 1.699915887851839984e-04
1.178617965116757027e+01 1.586502533600195764e-03
1.179617965116757006e+01 -1.099022008641007894e-03
1.180617965116756984e+01 -1.004708378301831257e-03
1.181617965116756963e+01 2.008725614446306169e-03
1.182617965116756942e+01 -9.114526625157955749e-04
1.183617965116756920e+01 2.293172871724476463e-05
1.184617965116756899e+01 4.639666670356284018e-04
1.185617965116756878e+01 1.349463040779076044e-03
1.186617965116756857e+01 -1.400656630304052130e-03
1.187617965116756835e+01 3.101517662568767895e-04
1.188617965116756814e+01 3.979956459697432452e-04
1.189617965116756793e+01 2.931705830485566871e-04
1.190617965116756771e+01 3.522071002540812386e-04
1.191617965116756750e+01 3.275778652640788766e-04
1.192617965116756729e+01 3.346974125130852250e-04
1.193617965116756707e+01 3.379664876780500522e-04
1.194617965116756686e+01 3.393202337249436929e-04
1.195617965116756665e+01 3.407273115726612588e-04
1.196617965116756643e+01 3.380120472953766558e-04
1.197617965116756622e+01 3.819232752900951857e-04
1.198617965116756601e+01 2.974293589193970121e-04
1.199617965116756579e+01 6.222265346353013371e-04
1.200617965116756558e+01 9.933779809466237749e-04
1.201617965116756537e+01 3.816571343203235085e-04
1.202617965116756515e+01 -5.327199906440264121e-04
1.203617965116756494e+01 -1.472034305292663648e-04
1.204617965116756473e+01 3.603939862214391261e-04
1.205617965116756451e+01 2.952916697978762227e-04
1.206617965116756430e+01 2.700115528689542993e-04
1.207617965116756409e+01 3.032785875276085199e-04
1.208617965116756388e+01 3.195314425430809710e-04
1.209617965116756366e+01 3.366215710467053120e-04
1.210617965116756345e+01 3.304369706559054029e-04
1.211617965116756324e+01 3.197538097509841333e-04
1.212617965116756302e+01 3.070723142318722699e-04
1.213617965116756281e+01 2.981329445712395821e-04
1.214617965116756260e+01 3.065398121314000940e-04
1.215617965116756238e+01 3.195233118992464442e-04
1.216617965116756217e+01 3.424239338611288460e-04
1.217617965116756196e+01 3.461311584968928125e-04
1.218617965116756174e+01 3.472157511893312807e-04
1.219617965116756153e+01 6.838087180150879745e-04
1.220617965116756132e+01 4.330292630757425366e-04
1.221617965116756110e+01 -1.447692326346472188e-04
1.222617965116756089e+01 3.533285187135869242e-04
1.223617965116756068e+01 3.662022606284589068e-04
1.224617965116756046e+01 3.663496643610858103e-04
1.225617965116756025e+01 3.699717551203687664e-04
1.226617965116756004e+01 3.757015571356169242e-04
1.227617965116755983e+01 3.784733259555195673e-04
1.228617965116755961e+01 3.777361179486613527e-04
1.229617965116755940e+01 4.346033834720982995e-04
1.230617965116755919e+01 3.873397457156445072e-04
1.231617965116755897e+01 5.450954391046641942e-04
1.232617965116755876e+01 3.564320990754231097e-04
1.233617965116755855e+01 2.984274810247507194e-04
1.234617965116755833e+01 1.759399516400993342e-04
1.235617965116755812e+01 5.977555482083961709e-05
1.236617965116755791e+01 5.685274885165794701e-05
1.237617965116755769e+01 3.524542350262428628e-04
1.238034905647538331e+01 3.482555831782974880e-04
