1.000000000000000021e-03 1.382286410616095310e-03
1.470610403577676068e-03 1.382286436553494457e-03
6.176714439354437196e-03 1.382287239398391357e-03
1.617671443935443654e-02 1.382292225996819158e-03
2.617671443935443848e-02 1.382301674172599533e-03
3.617671443935444042e-02 1.382315583891156191e-03
4.617671443935444237e-02 1.382333955101589310e-03
5.617671443935444431e-02 1.382356787736673583e-03
6.617671443935443931e-02 1.382384081712858008e-03
7.617671443935443432e-02 1.382415836930266312e-03
8.617671443935442932e-02 1.382452053272696744e-03
9.617671443935442432e-02 1.382492730607622284e-03
1.061767144393544193e-01 1.382537868786191948e-03
1.161767144393544143e-01 1.382587467643229054e-03
1.261767144393544093e-01 1.382641526997234254e-03
1.361767144393544182e-01 1.382700046650383371e-03
1.461767144393544271e-01 1.382763026388529343e-03
1.561767144393544360e-01 1.382830465981202883e-03
1.661767144393544449e-01 1.382902365181612036e-03
1.761767144393544537e-01 1.382978723726642836e-03
1.861767144393544626e-01 1.383059541336860822e-03
1.961767144393544715e-01 1.383144817716510386e-03
2.061767144393544804e-01 1.383234552553516510e-03
2.161767144393544893e-01 1.383328745519484980e-03
2.261767144393544982e-01 1.383427396269703040e-03
2.361767144393545070e-01 1.383530504443140257e-03
2.461767144393545159e-01 1.383638069662449389e-03
2.561767144393545248e-01 1.383750091533967469e-03
2.661767144393545337e-01 1.383866569647715155e-03
2.761767144393545426e-01 1.383987503577400200e-03
2.861767144393545514e-01 1.384112892880416364e-03
2.961767144393545603e-01 1.384242737097844938e-03
3.061767144393545692e-01 1.384377035754456474e-03
3.161767144393545781e-01 1.384515788358710352e-03
3.261767144393545870e-01 1.384658994402757819e-03
3.361767144393545959e-01 1.384806653362440900e-03
3.461767144393546047e-01 1.384958764697295439e-03
3.561767144393546136e-01 1.385115327850551092e-03
3.661767144393546225e-01 1.385276342249133503e-03
3.761767144393546314e-01 1.385441807303664950e-03
3.861767144393546403e-01 1.385611722408468466e-03
3.961767144393546491e-01 1.385786086941568924e-03
4.061767144393546580e-01 1.385964900264693902e-03
4.161767144393546669e-01 1.386148161723273903e-03
4.261767144393546758e-01 1.386335870646443870e-03
4.361767144393546847e-01 1.386528026347046008e-03
4.461767144393546936e-01 1.386724628121629999e-03
4.561767144393547024e-01 1.386925675250454517e-03
4.661767144393547113e-01 1.387131166997490920e-03
4.761767144393547202e-01 1.387341102610421947e-03
4.861767144393547291e-01 1.387555481320646052e-03
4.961767144393547380e-01 1.387774302343277189e-03
5.061767144393547468e-01 1.387997564877148501e-03
5.161767144393547557e-01 1.388225268104812966e-03
5.261767144393547646e-01 1.388457411192544916e-03
5.361767144393547735e-01 1.388693993290343294e-03
5.461767144393547824e-01 1.388935013531932298e-03
5.561767144393547913e-01 1.389180471034763553e-03
5.661767144393548001e-01 1.389430364900019364e-03
5.761767144393548090e-01 1.389684694212613798e-03
5.861767144393548179e-01 1.389943458041193770e-03
5.961767144393548268e-01 1.390206655438143597e-03
6.061767144393548357e-01 1.390474285439585213e-03
6.161767144393548445e-01 1.390746347065380771e-03
6.261767144393548534e-01 1.391022839319135682e-03
6.361767144393548623e-01 1.391303761188200129e-03
6.461767144393548712e-01 1.391589111643671238e-03
6.561767144393548801e-01 1.391878889640395679e-03
6.661767144393548890e-01 1.392173094116972700e-03
6.761767144393548978e-01 1.392471723995755001e-03
6.861767144393549067e-01 1.392774778182853061e-03
6.961767144393549156e-01 1.393082255568136229e-03
7.061767144393549245e-01 1.393394155025235977e-03
7.161767144393549334e-01 1.393710475411547196e-03
7.261767144393549422e-01 1.394031215568233405e-03
7.361767144393549511e-01 1.394356374320226098e-03
7.461767144393549600e-01 1.394685950476229732e-03
7.561767144393549689e-01 1.395019942828724328e-03
7.661767144393549778e-01 1.395358350153966340e-03
7.761767144393549867e-01 1.395701171211993427e-03
7.861767144393549955e-01 1.396048404746626399e-03
7.961767144393550044e-01 1.396400049485472042e-03
8.061767144393550133e-01 1.396756104139926149e-03
8.161767144393550222e-01 1.397116567405176342e-03
8.261767144393550311e-01 1.397481437960205108e-03
8.361767144393550399e-01 1.397850714467791964e-03
8.461767144393550488e-01 1.398224395574518232e-03
8.561767144393550577e-01 1.398602479910768335e-03
8.661767144393550666e-01 1.398984966090733705e-03
8.761767144393550755e-01 1.399371852712415817e-03
8.861767144393550844e-01 1.399763138357629005e-03
8.961767144393550932e-01 1.400158821592003720e-03
9.061767144393551021e-01 1.400558900964990645e-03
9.161767144393551110e-01 1.400963375009862000e-03
9.261767144393551199e-01 1.401372242243716960e-03
9.361767144393551288e-01 1.401785501167482958e-03
9.461767144393551376e-01 1.402203150265921103e-03
9.561767144393551465e-01 1.402625188007627704e-03
9.661767144393551554e-01 1.403051612845038600e-03
9.761767144393551643e-01 1.403482423214432199e-03
9.861767144393551732e-01 1.403917617535933599e-03
9.961767144393551821e-01 1.404357194213517622e-03
1.006176714439355191e+00 1.404801151635011632e-03
1.016176714439355200e+00 1.405249488172101175e-03
1.026176714439355209e+00 1.405702202180330413e-03
1.036176714439355218e+00 1.406159291999109278e-03
1.046176714439355226e+00 1.406620755951714340e-03
1.056176714439355235e+00 1.407086592345293792e-03
1.066176714439355244e+00 1.407556799470871360e-03
1.076176714439355253e+00 1.408031375603348897e-03
1.086176714439355262e+00 1.408510319001511808e-03
1.096176714439355271e+00 1.408993627908031003e-03
1.106176714439355280e+00 1.409481300549468097e-03
1.116176714439355289e+00 1.409973335136279751e-03
1.126176714439355298e+00 1.410469729862819186e-03
1.136176714439355306e+00 1.410970482907342692e-03
1.146176714439355315e+00 1.411475592432012011e-03
1.156176714439355324e+00 1.411985056582899323e-03
1.166176714439355333e+00 1.412498873489990503e-03
1.176176714439355342e+00 1.413017041267189671e-03
1.186176714439355351e+00 1.413539558012323529e-03
1.196176714439355360e+00 1.414066421807144182e-03
1.206176714439355369e+00 1.414597630717334773e-03
1.216176714439355377e+00 1.415133182792513173e-03
1.226176714439355386e+00 1.415673076066235880e-03
1.236176714439355395e+00 1.416217308556002143e-03
1.246176714439355404e+00 1.416765878263259379e-03
1.256176714439355413e+00 1.417318783173405778e-03
1.266176714439355422e+00 1.417876021255796157e-03
1.276176714439355431e+00 1.418437590463745646e-03
1.286176714439355440e+00 1.419003488734533807e-03
1.296176714439355449e+00 1.419573713989409408e-03
1.306176714439355457e+00 1.420148264133595187e-03
1.316176714439355466e+00 1.420727137056290897e-03
1.326176714439355475e+00 1.421310330630680668e-03
1.336176714439355484e+00 1.421897842713933883e-03
1.346176714439355493e+00 1.422489671147212763e-03
1.356176714439355502e+00 1.423085813755675406e-03
1.366176714439355511e+00 1.423686268348480334e-03
1.376176714439355520e+00 1.424291032718792574e-03
1.386176714439355528e+00 1.424900104643786469e-03
1.396176714439355537e+00 1.425513481884651537e-03
1.406176714439355546e+00 1.426131162186597238e-03
1.416176714439355555e+00 1.426753143278857100e-03
1.426176714439355564e+00 1.427379422874693700e-03
1.436176714439355573e+00 1.428009998671403869e-03
1.446176714439355582e+00 1.428644868350323035e-03
1.456176714439355591e+00 1.429284029576830418e-03
1.466176714439355599e+00 1.429927480000353591e-03
1.476176714439355608e+00 1.430575217254374332e-03
1.486176714439355617e+00 1.431227238956431875e-03
1.496176714439355626e+00 1.431883542708129202e-03
1.506176714439355635e+00 1.432544126095138242e-03
1.516176714439355644e+00 1.433208986687203998e-03
1.526176714439355653e+00 1.433878122038149527e-03
1.536176714439355662e+00 1.434551529685882450e-03
1.546176714439355671e+00 1.435229207152398205e-03
1.556176714439355679e+00 1.435911151943786331e-03
1.566176714439355688e+00 1.436597361550235675e-03
1.576176714439355697e+00 1.437287833446038729e-03
1.586176714439355706e+00 1.437982565089597486e-03
1.596176714439355715e+00 1.438681553923428641e-03
1.606176714439355724e+00 1.439384797374168795e-03
1.616176714439355733e+00 1.440092292852580098e-03
1.626176714439355742e+00 1.440804037753554145e-03
1.636176714439355750e+00 1.441520029456119572e-03
1.646176714439355759e+00 1.442240265323445087e-03
1.656176714439355768e+00 1.442964742702847062e-03
1.666176714439355777e+00 1.443693458925793000e-03
1.676176714439355786e+00 1.444426411307908045e-03
1.686176714439355795e+00 1.445399375066389177e-03
1.696176714439355804e+00 1.446410240368336533e-03
1.706176714439355813e+00 1.447426870242796582e-03
1.716176714439355822e+00 1.448449260943502790e-03
1.726176714439355830e+00 1.449477408702625142e-03
1.736176714439355839e+00 1.450511309730778600e-03
1.746176714439355848e+00 1.451550960217031774e-03
1.756176714439355857e+00 1.452596356328912566e-03
1.766176714439355866e+00 1.453647494212417486e-03
1.776176714439355875e+00 1.454704369992019033e-03
1.786176714439355884e+00 1.455766979770673278e-03
1.796176714439355893e+00 1.456835319629827454e-03
1.806176714439355901e+00 1.457909385629428201e-03
1.816176714439355910e+00 1.458989173807929583e-03
1.826176714439355919e+00 1.460074680182301115e-03
1.836176714439355928e+00 1.461165900748034267e-03
1.846176714439355937e+00 1.462262831479152437e-03
1.856176714439355946e+00 1.463365468328217678e-03
1.866176714439355955e+00 1.464473807226339365e-03
1.876176714439355964e+00 1.465587844083181355e-03
1.886176714439355973e+00 1.466707574786971962e-03
1.896176714439355981e+00 1.467832995204509374e-03
1.906176714439355990e+00 1.468964101181172285e-03
1.916176714439355999e+00 1.470100888540927693e-03
1.926176714439356008e+00 1.471243353086336978e-03
1.936176714439356017e+00 1.472391490598566523e-03
1.946176714439356026e+00 1.473545296837396176e-03
1.956176714439356035e+00 1.474704767541224881e-03
1.966176714439356044e+00 1.475869898427081524e-03
1.976176714439356052e+00 1.477040685190632958e-03
1.986176714439356061e+00 1.478217123506191588e-03
1.996176714439356070e+00 1.479399209026724480e-03
2.006176714439356079e+00 1.480586937383861169e-03
2.016176714439355866e+00 1.481780304187903198e-03
2.026176714439355653e+00 1.482979305027831707e-03
2.036176714439355440e+00 1.484183935471316326e-03
2.046176714439355226e+00 1.485394191064723412e-03
2.056176714439355013e+00 1.486610067333126025e-03
2.066176714439354800e+00 1.487831559780310869e-03
2.076176714439354587e+00 1.489058663888787395e-03
2.086176714439354374e+00 1.490291375119797996e-03
2.096176714439354161e+00 1.491529688913324075e-03
2.106176714439353947e+00 1.492773600688097977e-03
2.116176714439353734e+00 1.494023105841608403e-03
2.126176714439353521e+00 1.495278199750112559e-03
2.136176714439353308e+00 1.496538877768642225e-03
2.146176714439353095e+00 1.497805135231140795e-03
2.156176714439352882e+00 1.499076967451087568e-03
2.166176714439352669e+00 1.500354369721056689e-03
2.176176714439352455e+00 1.501637337312470167e-03
2.186176714439352242e+00 1.502925865475606120e-03
2.196176714439352029e+00 1.504219949439607228e-03
2.206176714439351816e+00 1.505519584412489623e-03
2.216176714439351603e+00 1.506824765581153084e-03
2.226176714439351390e+00 1.508135488111389489e-03
2.236176714439351176e+00 1.509451747147890410e-03
2.246176714439350963e+00 1.510773537814258816e-03
2.256176714439350750e+00 1.512100855213016235e-03
2.266176714439350537e+00 1.513433694425612725e-03
2.276176714439350324e+00 1.514772050512435330e-03
2.286176714439350111e+00 1.516115918512817842e-03
2.296176714439349897e+00 1.517465293445050337e-03
2.306176714439349684e+00 1.518820170306386984e-03
2.316176714439349471e+00 1.520180544073057105e-03
2.326176714439349258e+00 1.521546409700273196e-03
2.336176714439349045e+00 1.522917762122240250e-03
2.346176714439348832e+00 1.524294596252165519e-03
2.356176714439348618e+00 1.525676906982268051e-03
2.366176714439348405e+00 1.527064689183787365e-03
2.376176714439348192e+00 1.528457937706992559e-03
2.386176714439347979e+00 1.529856647381193152e-03
2.396176714439347766e+00 1.531260813014747322e-03
2.406176714439347553e+00 1.532670429395071882e-03
2.416176714439347339e+00 1.534121680260080089e-03
2.426176714439347126e+00 1.535914633900228084e-03
2.436176714439346913e+00 1.537714447560525020e-03
2.446176714439346700e+00 1.539521114556052436e-03
2.456176714439346487e+00 1.541334628175520822e-03
2.466176714439346274e+00 1.543154981681278725e-03
2.476176714439346060e+00 1.544982168309327062e-03
2.486176714439345847e+00 1.546816181269330178e-03
2.496176714439345634e+00 1.548657013744629074e-03
2.506176714439345421e+00 1.550504658892252249e-03
2.516176714439345208e+00 1.552359109842928056e-03
2.526176714439344995e+00 1.554220359701098154e-03
2.536176714439344781e+00 1.556088401544928560e-03
2.546176714439344568e+00 1.557963228426322445e-03
2.556176714439344355e+00 1.559844833370931843e-03
2.566176714439344142e+00 1.561733209378171530e-03
2.576176714439343929e+00 1.563628349421228997e-03
2.586176714439343716e+00 1.565530246447079197e-03
2.596176714439343503e+00 1.567438893376495385e-03
2.606176714439343289e+00 1.569354283104062130e-03
2.616176714439343076e+00 1.571276408498187890e-03
2.626176714439342863e+00 1.573205262401116723e-03
2.636176714439342650e+00 1.575140837628941949e-03
2.646176714439342437e+00 1.577083126971618723e-03
2.656176714439342224e+00 1.579032123192974446e-03
2.666176714439342010e+00 1.580987819030724596e-03
2.676176714439341797e+00 1.582950207196482479e-03
2.686176714439341584e+00 1.584919280375773334e-03
2.696176714439341371e+00 1.586895031228047767e-03
2.706176714439341158e+00 1.588877452386691950e-03
2.716176714439340945e+00 1.590866536459042795e-03
2.726176714439340731e+00 1.592862276026399664e-03
2.736176714439340518e+00 1.594864663644036951e-03
2.746176714439340305e+00 1.596873691841217300e-03
2.756176714439340092e+00 1.598889353121204409e-03
2.766176714439339879e+00 1.600911639961276681e-03
2.776176714439339666e+00 1.602940544812737423e-03
2.786176714439339452e+00 1.604976060100931539e-03
2.796176714439339239e+00 1.607018178225255072e-03
2.806176714439339026e+00 1.609066891559170383e-03
2.816176714439338813e+00 1.611122192450218293e-03
2.826176714439338600e+00 1.613184073220031746e-03
2.836176714439338387e+00 1.615252526164346865e-03
2.846176714439338173e+00 1.617327543553019869e-03
2.856176714439337960e+00 1.619409117630036393e-03
2.866176714439337747e+00 1.621497240613525804e-03
2.876176714439337534e+00 1.623591904695776160e-03
2.886176714439337321e+00 1.625693102043244617e-03
2.896176714439337108e+00 1.627800824796573481e-03
2.906176714439336894e+00 1.629915065070600610e-03
2.916176714439336681e+00 1.632035814954375030e-03
2.926176714439336468e+00 1.634163066511169510e-03
2.936176714439336255e+00 1.636296811778492925e-03
2.946176714439336042e+00 1.638437042768105430e-03
2.956176714439335829e+00 1.640583751466030606e-03
2.966176714439335615e+00 1.642758723272275644e-03
2.976176714439335402e+00 1.645325363507783769e-03
2.986176714439335189e+00 1.647899673467903602e-03
2.996176714439334976e+00 1.650481643507193579e-03
3.006176714439334763e+00 1.653071263952440514e-03
3.016176714439334550e+00 1.655668525100442191e-03
3.026176714439334337e+00 1.658273417217589508e-03
3.036176714439334123e+00 1.660885930539878624e-03
3.046176714439333910e+00 1.663506055272927437e-03
3.056176714439333697e+00 1.666133781591989894e-03
3.066176714439333484e+00 1.668769099641972909e-03
3.076176714439333271e+00 1.671411999537449587e-03
3.086176714439333058e+00 1.674062471362675270e-03
3.096176714439332844e+00 1.676720505171602716e-03
3.106176714439332631e+00 1.679386090987895763e-03
3.116176714439332418e+00 1.682059218804947322e-03
3.126176714439332205e+00 1.684739878585893476e-03
3.136176714439331992e+00 1.687428060263626703e-03
3.146176714439331779e+00 1.690123753740814961e-03
3.156176714439331565e+00 1.692826948889913832e-03
3.166176714439331352e+00 1.695537635553183865e-03
3.176176714439331139e+00 1.698255803542704240e-03
3.186176714439330926e+00 1.700981442640389684e-03
3.196176714439330713e+00 1.703714542598005425e-03
3.206176714439330500e+00 1.706455093137182596e-03
3.216176714439330286e+00 1.709203083949434061e-03
3.226176714439330073e+00 1.711958504696168290e-03
3.236176714439329860e+00 1.714721345008707798e-03
3.246176714439329647e+00 1.717491594488302579e-03
3.256176714439329434e+00 1.720269242706145727e-03
3.266176714439329221e+00 1.723054279203389697e-03
3.276176714439329007e+00 1.725846693491162997e-03
3.286176714439328794e+00 1.728646475050584072e-03
3.296176714439328581e+00 1.731453613332777130e-03
3.306176714439328368e+00 1.734268097758889706e-03
3.316176714439328155e+00 1.737089917720106109e-03
3.326176714439327942e+00 1.739919062577666067e-03
3.336176714439327728e+00 1.742755521662877737e-03
3.346176714439327515e+00 1.745599284277134407e-03
3.356176714439327302e+00 1.748450339691932486e-03
3.366176714439327089e+00 1.751308677148884739e-03
3.376176714439326876e+00 1.754174285859737194e-03
3.386176714439326663e+00 1.757047155006386495e-03
3.396176714439326449e+00 1.759927273740894424e-03
3.406176714439326236e+00 1.762814631185503304e-03
3.416176714439326023e+00 1.765709216432655507e-03
3.426176714439325810e+00 1.768514813554530494e-03
3.436176714439325597e+00 1.771250786711155026e-03
3.446176714439325384e+00 1.773993526798816993e-03
3.456176714439325171e+00 1.776743023446800606e-03
3.466176714439324957e+00 1.779499266256437178e-03
3.476176714439324744e+00 1.782262244801121600e-03
3.486176714439324531e+00 1.785031948626327088e-03
3.496176714439324318e+00 1.787808367249618408e-03
3.506176714439324105e+00 1.790591490160671614e-03
3.516176714439323892e+00 1.793381306821286618e-03
3.526176714439323678e+00 1.796177806665404759e-03
3.536176714439323465e+00 1.798980979099121811e-03
3.546176714439323252e+00 1.801790813500707281e-03
3.556176714439323039e+00 1.804607299220616773e-03
3.566176714439322826e+00 1.807430425581510632e-03
3.576176714439322613e+00 1.810260181878268473e-03
3.586176714439322399e+00 1.813096557378005014e-03
3.596176714439322186e+00 1.815939541320085900e-03
3.606176714439321973e+00 1.818789122916145053e-03
3.616176714439321760e+00 1.821645291350099637e-03
3.626176714439321547e+00 1.824508035778166963e-03
3.636176714439321334e+00 1.827377345329593734e-03
3.646176714439321120e+00 1.830253209110093825e-03
3.656176714439320907e+00 1.833135616199221265e-03
3.666176714439320694e+00 1.836024555648934969e-03
3.676176714439320481e+00 1.838920016483609147e-03
3.686176714439320268e+00 1.841821987700046964e-03
3.696176714439320055e+00 1.844730458267493768e-03
3.706176714439319841e+00 1.847645417127651403e-03
3.716176714439319628e+00 1.850566853194692517e-03
3.726176714439319415e+00 1.853494755355274658e-03
3.736176714439319202e+00 1.856429112468553719e-03
3.746176714439318989e+00 1.859369913366198685e-03
3.756176714439318776e+00 1.862317146852405722e-03
3.766176714439318562e+00 1.865270801703911843e-03
3.776176714439318349e+00 1.868230866670009434e-03
3.786176714439318136e+00 1.871197330472561217e-03
3.796176714439317923e+00 1.874170181806013693e-03
3.806176714439317710e+00 1.877149409337411454e-03
3.816176714439317497e+00 1.879914081586698442e-03
3.826176714439317283e+00 1.881510460224003305e-03
3.836176714439317070e+00 1.883110222708981370e-03
3.846176714439316857e+00 1.884713362936431442e-03
3.856176714439316644e+00 1.886319874786572190e-03
3.866176714439316431e+00 1.887929752125047352e-03
3.876176714439316218e+00 1.889542988802935279e-03
3.886176714439316005e+00 1.891159578656756522e-03
3.896176714439315791e+00 1.892779515508481421e-03
3.906176714439315578e+00 1.894402793165538348e-03
3.916176714439315365e+00 1.896029405420821294e-03
3.926176714439315152e+00 1.897659346052698323e-03
3.936176714439314939e+00 1.899292608825019603e-03
3.946176714439314726e+00 1.900929187487125638e-03
3.956176714439314512e+00 1.902569075773853993e-03
3.966176714439314299e+00 1.904212267405550139e-03
3.976176714439314086e+00 1.905858756088072868e-03
3.986176714439313873e+00 1.907508535512804056e-03
3.996176714439313660e+00 1.909161599356657118e-03
4.006176714439313891e+00 1.910817941282084162e-03
4.016176714439313677e+00 1.912477554937085317e-03
4.026176714439313464e+00 1.914140433955216752e-03
4.036176714439313251e+00 1.915806571955599134e-03
4.046176714439313038e+00 1.917475962542926305e-03
4.056176714439312825e+00 1.919148599307473084e-03
4.066176714439312612e+00 1.920824475825104590e-03
4.076176714439312398e+00 1.922503585657284707e-03
4.086176714439312185e+00 1.924185922351084313e-03
4.096176714439311972e+00 1.925871479439190612e-03
4.106176714439311759e+00 1.927560250439914937e-03
4.116176714439311546e+00 1.929252228857202510e-03
4.126176714439311333e+00 1.930947408180640895e-03
4.136176714439311120e+00 1.932645781885468459e-03
4.146176714439310906e+00 1.934347343432583693e-03
4.156176714439310693e+00 1.936052086268554321e-03
4.166176714439310480e+00 1.937484541827906928e-03
4.176176714439310267e+00 1.937096172301348666e-03
4.186176714439310054e+00 1.936707085189777943e-03
4.196176714439309841e+00 1.936317281992620343e-03
4.206176714439309627e+00 1.935926764212548201e-03
4.216176714439309414e+00 1.935535533355477351e-03
4.226176714439309201e+00 1.935143590930567129e-03
4.236176714439308988e+00 1.934750938450217330e-03
4.246176714439308775e+00 1.934357577430068000e-03
4.256176714439308562e+00 1.933963509388996393e-03
4.266176714439308348e+00 1.933568735849116108e-03
4.276176714439308135e+00 1.933173258335775784e-03
4.286176714439307922e+00 1.932777078377556504e-03
4.296176714439307709e+00 1.932380197506270922e-03
4.306176714439307496e+00 1.931982617256960879e-03
4.316176714439307283e+00 1.931584339167896755e-03
4.326176714439307069e+00 1.931185364780574430e-03
4.336176714439306856e+00 1.930785695639714635e-03
4.346176714439306643e+00 1.930385333293260786e-03
4.356176714439306430e+00 1.929984279292377026e-03
4.366176714439306217e+00 1.929582535191447148e-03
4.376176714439306004e+00 1.929180102548071988e-03
4.386176714439305790e+00 1.928776982923068343e-03
4.396176714439305577e+00 1.928373177880466586e-03
4.406176714439305364e+00 1.927968688987509796e-03
4.416176714439305151e+00 1.927563517814650292e-03
4.426176714439304938e+00 1.927157665935550065e-03
4.436176714439304725e+00 1.926751134927076441e-03
4.446176714439304511e+00 1.926343926369302514e-03
4.456176714439304298e+00 1.925936041845503245e-03
4.466176714439304085e+00 1.925527482942155245e-03
4.476176714439303872e+00 1.925118251248933736e-03
4.486176714439303659e+00 1.923658580193696871e-03
4.496176714439303446e+00 1.921027224077630864e-03
4.506176714439303232e+00 1.918391586743691587e-03
4.516176714439303019e+00 1.915751678461982384e-03
4.526176714439302806e+00 1.913107509523045329e-03
4.536176714439302593e+00 1.910459090237849947e-03
4.546176714439302380e+00 1.907806430937779123e-03
4.556176714439302167e+00 1.905149541974615873e-03
4.566176714439301954e+00 1.902488433720531634e-03
4.576176714439301740e+00 1.899823116568071088e-03
4.586176714439301527e+00 1.897153600930139798e-03
4.596176714439301314e+00 1.894479897239990333e-03
4.606176714439301101e+00 1.891802015951208824e-03
4.616176714439300888e+00 1.889119967537700000e-03
4.626176714439300675e+00 1.886433762493662904e-03
4.636176714439300461e+00 1.883743411331171604e-03
4.646176714439300248e+00 1.881048924577824206e-03
4.656176714439300035e+00 1.878350312780996401e-03
4.666176714439299822e+00 1.875647586508417388e-03
4.676176714439299609e+00 1.872940756348159255e-03
4.686176714439299396e+00 1.870229832908627864e-03
4.696176714439299182e+00 1.867514826818551799e-03
4.706176714439298969e+00 1.864795748726973254e-03
4.716176714439298756e+00 1.862072609303238062e-03
4.726176714439298543e+00 1.859345419236983765e-03
4.736176714439298330e+00 1.856614189238130945e-03
4.746176714439298117e+00 1.853878930036871511e-03
4.756176714439297903e+00 1.851139652383658289e-03
4.766176714439297690e+00 1.848396367049193970e-03
4.776176714439297477e+00 1.844409171884905810e-03
4.786176714439297264e+00 1.839332303827422152e-03
4.796176714439297051e+00 1.834248100313666139e-03
4.806176714439296838e+00 1.829156581367893898e-03
4.816176714439296624e+00 1.824057767051623412e-03
4.826176714439296411e+00 1.818951677463614578e-03
4.836176714439296198e+00 1.813838332739846435e-03
4.846176714439295985e+00 1.808717753053495480e-03
4.856176714439295772e+00 1.803589958614912250e-03
4.866176714439295559e+00 1.798454969671600288e-03
4.876176714439295345e+00 1.793312806508190992e-03
4.886176714439295132e+00 1.788163489446422142e-03
4.896176714439294919e+00 1.783007038845113405e-03
4.906176714439294706e+00 1.777843475100141825e-03
4.916176714439294493e+00 1.772672818644418840e-03
4.926176714439294280e+00 1.767495089947863397e-03
4.936176714439294066e+00 1.762310309517380914e-03
4.946176714439293853e+00 1.757118497896833793e-03
4.956176714439293640e+00 1.751919675667018214e-03
4.966176714439293427e+00 1.746713863445638120e-03
4.976176714439293214e+00 1.741501081887278759e-03
4.986176714439293001e+00 1.736281351683378708e-03
4.996176714439292788e+00 1.731054693562205163e-03
5.006176714439292574e+00 1.725821128288825305e-03
5.016176714439292361e+00 1.720580676665079203e-03
5.026176714439292148e+00 1.715333359529550320e-03
5.036176714439291935e+00 1.710079197757525182e-03
5.046176714439291722e+00 1.702705322784475034e-03
5.056176714439291509e+00 1.694981968077513470e-03
5.066176714439291295e+00 1.687248670209436476e-03
5.076176714439291082e+00 1.679505459976252373e-03
5.086176714439290869e+00 1.671752368228452161e-03
5.096176714439290656e+00 1.663989425870987396e-03
5.106176714439290443e+00 1.656216663863248947e-03
5.116176714439290230e+00 1.648434113219044003e-03
5.126176714439290016e+00 1.640641805006573962e-03
5.136176714439289803e+00 1.632839770348409924e-03
5.146176714439289590e+00 1.625028040421469273e-03
5.156176714439289377e+00 1.617206646456990742e-03
5.166176714439289164e+00 1.609375619740509040e-03
5.176176714439288951e+00 1.601534991611829268e-03
5.186176714439288737e+00 1.593684793465000027e-03
5.196176714439288524e+00 1.585825056748287184e-03
5.206176714439288311e+00 1.577955812964145898e-03
5.216176714439288098e+00 1.570077093669191128e-03
5.226176714439287885e+00 1.562188930474169880e-03
5.236176714439287672e+00 1.554291355043932584e-03
5.246176714439287458e+00 1.546384399097400350e-03
5.256176714439287245e+00 1.538468094407536776e-03
5.266176714439287032e+00 1.530542472801314129e-03
5.276176714439286819e+00 1.522607566159682327e-03
5.286176714439286606e+00 1.514327824568912056e-03
5.296176714439286393e+00 1.503746804479073234e-03
5.306176714439286179e+00 1.493153559434117188e-03
5.316176714439285966e+00 1.482548132134622020e-03
5.326176714439285753e+00 1.471930565352749841e-03
5.336176714439285540e+00 1.461300901932193873e-03
5.346176714439285327e+00 1.450659184788133339e-03
5.356176714439285114e+00 1.440005456907181205e-03
5.366176714439284900e+00 1.429339761347332791e-03
5.376176714439284687e+00 1.418662141237911779e-03
5.386176714439284474e+00 1.407972639779518599e-03
5.396176714439284261e+00 1.397271300243976225e-03
5.406176714439284048e+00 1.386558165974272495e-03
5.416176714439283835e+00 1.375833280377570687e-03
5.426176714439283622e+00 1.365096686899906417e-03
5.436176714439283408e+00 1.354348429050190568e-03
5.446176714439283195e+00 1.343588550409929167e-03
5.456176714439282982e+00 1.332817094633204731e-03
5.466176714439282769e+00 1.322034105446657842e-03
5.476176714439282556e+00 1.311239626649458954e-03
5.486176714439282343e+00 1.300433702113288443e-03
5.496176714439282129e+00 1.289616375782307338e-03
5.506176714439281916e+00 1.278787691673131726e-03
5.516176714439281703e+00 1.267706186124879786e-03
5.526176714439281490e+00 1.253984648742475193e-03
5.536176714439281277e+00 1.240248916862298108e-03
5.546176714439281064e+00 1.226499046509915529e-03
5.556176714439280850e+00 1.212735093802323923e-03
5.566176714439280637e+00 1.198957114947903036e-03
5.576176714439280424e+00 1.185165166246371447e-03
5.586176714439280211e+00 1.171359304088740805e-03
5.596176714439279998e+00 1.157539584957270086e-03
5.606176714439279785e+00 1.143706065425413110e-03
5.616176714439279571e+00 1.129858802157767154e-03
5.626176714439279358e+00 1.115997851910022209e-03
5.636176714439279145e+00 1.102123271528903520e-03
5.646176714439278932e+00 1.088235117952117588e-03
5.656176714439278719e+00 1.074333448208293412e-03
5.666176714439278506e+00 1.060418319416921986e-03
5.676176714439278292e+00 1.046489788788293636e-03
5.686176714439278079e+00 1.032547913623436866e-03
5.696176714439277866e+00 1.018592751314052009e-03
5.706176714439277653e+00 1.004624359342443790e-03
5.716176714439277440e+00 9.906427952814512820e-04
5.726176714439277227e+00 9.766481167943798225e-04
5.736176714439277013e+00 9.614086999444967528e-04
5.746176714439276800e+00 9.450930736741923292e-04
5.756176714439276587e+00 9.287623883513278439e-04
5.766176714439276374e+00 9.124167114314281866e-04
5.776176714439276161e+00 8.960561104626306884e-04
5.786176714439275948e+00 8.796806531003826743e-04
5.796176714439275734e+00 8.632904071074043841e-04
5.806176714439275521e+00 8.468854403536436523e-04
5.816176714439275308e+00 8.304658208162258182e-04
5.826176714439275095e+00 8.140316165794037441e-04
5.836176714439274882e+00 7.975828958345098935e-04
5.846176714439274669e+00 7.811197268798950738e-04
5.856176714439274456e+00 7.646421781208753102e-04
5.866176714439274242e+00 7.481503180696690708e-04
5.876176714439274029e+00 7.316442153453372012e-04
5.886176714439273816e+00 7.151239386737127772e-04
5.896176714439273603e+00 6.985895568873372449e-04
5.906176714439273390e+00 6.820411389253903814e-04
5.916176714439273177e+00 6.654787538336135334e-04
5.926176714439272963e+00 6.489024707642355658e-04
5.936176714439272750e+00 6.331195361988531346e-04
5.946176714439272537e+00 6.189484072248896841e-04
5.956176714439272324e+00 6.047655941627380540e-04
5.966176714439272111e+00 5.905711563955224220e-04
5.976176714439271898e+00 5.763651533968937269e-04
5.986176714439271684e+00 5.621476447309471615e-04
5.996176714439271471e+00 5.479186900521422661e-04
6.006176714439271258e+00 5.336783491052168437e-04
6.016176714439271045e+00 5.194266817251014159e-04
6.026176714439270832e+00 5.051637478368301015e-04
6.036176714439270619e+00 4.908896074554467250e-04
6.046176714439270405e+00 4.766043206859114662e-04
6.056176714439270192e+00 4.623079477230028489e-04
6.066176714439269979e+00 4.480005488479757414e-04
6.076176714439269766e+00 4.336821843953612434e-04
6.086176714439269553e+00 4.193529147676150156e-04
6.096176714439269340e+00 4.050128004594252015e-04
6.106176714439269126e+00 3.906619020580046737e-04
6.116176714439268913e+00 3.763002802430370948e-04
6.126176714439268700e+00 3.645411444495596999e-04
6.136176714439268487e+00 3.580988714600819391e-04
6.146176714439268274e+00 3.516518771065506636e-04
6.156176714439268061e+00 3.452001887335290104e-04
6.166176714439267847e+00 3.387438337268472910e-04
6.176176714439267634e+00 3.322828395135684048e-04
6.186176714439267421e+00 3.258172335619520066e-04
6.196176714439267208e+00 3.193470433814175891e-04
6.206176714439266995e+00 3.128722965225065361e-04
6.216176714439266782e+00 3.063930205768429288e-04
6.226176714439266568e+00 2.999092431770909359e-04
6.236176714439266355e+00 2.934209919969129102e-04
6.246176714439266142e+00 2.869282947509265618e-04
6.256176714439265929e+00 2.804311791946573619e-04
6.266176714439265716e+00 2.739296731244933317e-04
6.276176714439265503e+00 2.674238043776358195e-04
6.286176714439265290e+00 2.609136008320492479e-04
6.296176714439265076e+00 2.543990904064110238e-04
6.306176714439264863e+00 2.513275898824418575e-04
6.316176714439264650e+00 2.544362138733177389e-04
6.326176714439264437e+00 2.575468503225604553e-04
6.336176714439264224e+00 2.606594858478810230e-04
6.346176714439264011e+00 2.637741070477216923e-04
6.356176714439263797e+00 2.668907005017467655e-04
6.366176714439263584e+00 2.700092527764719370e-04
6.376176714439263371e+00 2.731297504231448956e-04
6.386176714439263158e+00 2.762521799730229726e-04
6.396176714439262945e+00 2.793765279372963269e-04
6.406176714439262732e+00 2.825027808071067011e-04
6.416176714439262518e+00 2.856309250535686724e-04
6.426176714439262305e+00 2.887609471277901977e-04
6.436176714439262092e+00 2.918928334608941895e-04
6.446176714439261879e+00 2.950265704640416637e-04
6.456176714439261666e+00 2.981621445284557545e-04
6.466176714439261453e+00 3.012995420254454041e-04
6.476176714439261239e+00 3.070486525417728731e-04
6.486176714439261026e+00 3.201600296261039764e-04
6.496176714439260813e+00 3.332788470322742931e-04
6.506176714439260600e+00 3.464050475391252932e-04
6.516176714439260387e+00 3.595385738429395417e-04
6.526176714439260174e+00 3.726793685575651100e-04
6.536176714439259960e+00 3.858273742145419943e-04
6.546176714439259747e+00 3.989825332632380202e-04
6.556176714439259534e+00 4.121447880709805736e-04
6.566176714439259321e+00 4.253140809232000400e-04
6.576176714439259108e+00 4.384903540235699925e-04
6.586176714439258895e+00 4.516735494941591421e-04
6.596176714439258681e+00 4.648636093755799826e-04
6.606176714439258468e+00 4.780604756271439933e-04
6.616176714439258255e+00 4.912640901270241616e-04
6.626176714439258042e+00 5.044743946732428534e-04
6.636176714439257829e+00 5.176913309982429483e-04
6.646176714439257616e+00 5.399035514781535053e-04
6.656176714439257402e+00 5.630328579426858472e-04
6.666176714439257189e+00 5.861734519626471580e-04
6.676176714439256976e+00 6.093252311029904479e-04
6.686176714439256763e+00 6.324880927796057819e-04
6.696176714439256550e+00 6.556619342595465527e-04
6.706176714439256337e+00 6.788466526612673552e-04
6.716176714439256124e+00 7.020421449548714006e-04
6.726176714439255910e+00 7.252483079623677983e-04
6.736176714439255697e+00 7.484650383579249337e-04
6.746176714439255484e+00 7.716922326681503004e-04
6.756176714439255271e+00 7.949297872723640451e-04
6.766176714439255058e+00 8.181775984028861722e-04
6.776176714439254845e+00 8.414355621453325313e-04
6.786176714439254631e+00 8.647035744389207790e-04
6.796176714439254418e+00 8.897039115592926106e-04
6.806176714439254205e+00 9.222929638309253480e-04
6.816176714439253992e+00 9.548956399980850027e-04
6.826176714439253779e+00 9.875117936226200394e-04
6.836176714439253566e+00 1.020141278063811359e-03
6.846176714439253352e+00 1.052783946478868648e-03
6.856176714439253139e+00 1.085439651823442552e-03
6.866176714439252926e+00 1.118108246852144230e-03
6.876176714439252713e+00 1.150789584119117810e-03
6.886176714439252500e+00 1.183483515984733170e-03
6.896176714439252287e+00 1.216189894618361928e-03
6.906176714439252073e+00 1.248908571977416998e-03
6.916176714439251860e+00 1.281639399804771753e-03
6.926176714439251647e+00 1.314382229629184381e-03
6.936176714439251434e+00 1.347136912765746312e-03
6.946176714439251221e+00 1.379903300316351680e-03
6.956176714439251008e+00 1.420772102367045663e-03
6.966176714439250794e+00 1.461690689916603529e-03
6.976176714439250581e+00 1.502623324644896709e-03
6.986176714439250368e+00 1.543569819680398704e-03
6.996176714439250155e+00 1.584529987888666372e-03
7.006176714439249942e+00 1.625503641873032954e-03
7.016176714439249729e+00 1.666490593975296104e-03
7.026176714439249515e+00 1.707490656276450594e-03
7.036176714439249302e+00 1.748503640597419070e-03
7.046176714439249089e+00 1.789529358499808822e-03
7.056176714439248876e+00 1.830567621286699129e-03
7.066176714439248663e+00 1.871618240003417987e-03
7.076176714439248450e+00 1.912681025438372389e-03
7.086176714439248236e+00 1.953755788123870147e-03
7.096176714439248023e+00 1.996448864054491644e-03
7.106176714439247810e+00 2.043813362430450895e-03
7.116176714439247597e+00 2.091191007431783978e-03
7.126176714439247384e+00 2.138581579505492280e-03
7.136176714439247171e+00 2.185984858755444550e-03
7.146176714439246958e+00 2.233400624965023278e-03
7.156176714439246744e+00 2.280828657600499597e-03
7.166176714439246531e+00 2.328268735811930574e-03
7.176176714439246318e+00 2.375720638434056491e-03
7.186176714439246105e+00 2.423184143987257115e-03
7.196176714439245892e+00 2.470659030678498420e-03
7.206176714439245679e+00 2.518145076402332656e-03
7.216176714439245465e+00 2.565642058741912732e-03
7.226176714439245252e+00 2.613149754970023071e-03
7.236176714439245039e+00 2.660667942050156873e-03
7.246176714439244826e+00 2.708515333068533138e-03
7.256176714439244613e+00 2.756409980573194720e-03
7.266176714439244400e+00 2.804314521544375854e-03
7.276176714439244186e+00 2.852228730039439112e-03
7.286176714439243973e+00 2.900152379809904906e-03
7.296176714439243760e+00 2.948085244302672304e-03
7.306176714439243547e+00 2.996027096661291016e-03
7.316176714439243334e+00 3.043977709727246819e-03
7.326176714439243121e+00 3.091936856041269110e-03
7.336176714439242907e+00 3.139904307844677053e-03
7.346176714439242694e+00 3.187879837061176683e-03
7.356176714439242481e+00 3.235863215201545233e-03
7.366176714439242268e+00 3.283854213411014668e-03
7.376176714439242055e+00 3.331852602500651964e-03
7.386176714439241842e+00 3.372307606959779481e-03
7.396176714439241628e+00 3.411477635259564569e-03
7.406176714439241415e+00 3.450653130698607893e-03
7.416176714439241202e+00 3.489833905217310742e-03
7.426176714439240989e+00 3.529019770488578747e-03
7.436176714439240776e+00 3.568210537918917787e-03
7.446176714439240563e+00 3.607406018649543782e-03
7.456176714439240349e+00 3.646606023557526308e-03
7.466176714439240136e+00 3.685810363256963439e-03
7.476176714439239923e+00 3.725018848100174369e-03
7.486176714439239710e+00 3.764231288178924127e-03
7.496176714439239497e+00 3.803447493325667374e-03
7.506176714439239284e+00 3.842667273114828627e-03
7.516176714439239070e+00 3.879660385910545760e-03
7.526176714439238857e+00 3.906524403204707230e-03
7.536176714439238644e+00 3.933390476290876681e-03
7.546176714439238431e+00 3.960258474059104826e-03
7.556176714439238218e+00 3.987128265223550960e-03
7.566176714439238005e+00 4.013999718282225231e-03
7.576176714439237792e+00 4.040872701510651692e-03
7.586176714439237578e+00 4.067747082976890145e-03
7.596176714439237365e+00 4.094622730542524930e-03
7.606176714439237152e+00 4.121499511863462029e-03
7.616176714439236939e+00 4.148377294390757399e-03
7.626176714439236726e+00 4.175255945371473057e-03
7.636176714439236513e+00 4.202135331849547913e-03
7.646176714439236299e+00 4.228585169413716545e-03
7.656176714439236086e+00 4.244888911272443402e-03
7.666176714439235873e+00 4.261192856572395930e-03
7.676176714439235660e+00 4.277496924184822844e-03
7.686176714439235447e+00 4.293801032860632486e-03
7.696176714439235234e+00 4.310105101231009525e-03
7.706176714439235020e+00 4.326409047808038588e-03
7.716176714439234807e+00 4.342712790985350443e-03
7.726176714439234594e+00 4.359016249038778594e-03
7.736176714439234381e+00 4.375319340127026280e-03
7.746176714439234168e+00 4.391621982292356896e-03
7.756176714439233955e+00 4.407924093460117813e-03
7.766176714439233741e+00 4.424225591423513841e-03
7.776176714439233528e+00 4.435209075540760132e-03
7.786176714439233315e+00 4.442406524090593278e-03
7.796176714439233102e+00 4.449603592612723542e-03
7.806176714439232889e+00 4.456800244568786575e-03
7.816176714439232676e+00 4.463996443361867641e-03
7.826176714439232462e+00 4.471192152336798259e-03
7.836176714439232249e+00 4.478387334780468444e-03
7.846176714439232036e+00 4.485581953922142436e-03
7.856176714439231823e+00 4.492775972933786555e-03
7.866176714439231610e+00 4.499969354930394468e-03
7.876176714439231397e+00 4.507162062970336731e-03
7.886176714439231183e+00 4.514354060055697331e-03
7.896176714439230970e+00 4.513854823902753617e-03
7.906176714439230757e+00 4.512852435326882537e-03
7.916176714439230544e+00 4.511850161381515331e-03
7.926176714439230331e+00 4.510848007255235069e-03
7.936176714439230118e+00 4.509845978144213369e-03
7.946176714439229904e+00 4.508844079252409022e-03
7.956176714439229691e+00 4.507842315794265489e-03
7.966176714439229478e+00 4.506840692994430742e-03
7.976176714439229265e+00 4.505839216086260195e-03
7.986176714439229052e+00 4.504837890311749055e-03
7.996176714439228839e+00 4.502146021458833247e-03
8.006176714439229514e+00 4.493264483293527879e-03
8.016176714439229301e+00 4.484384426061465735e-03
8.026176714439229087e+00 4.475505896574364512e-03
8.036176714439228874e+00 4.466628941718069241e-03
8.046176714439228661e+00 4.457753608452017999e-03
8.056176714439228448e+00 4.448879943808698931e-03
8.066176714439228235e+00 4.440007994893095146e-03
8.076176714439228022e+00 4.431137808882116592e-03
8.086176714439227808e+00 4.422269433024023262e-03
8.096176714439227595e+00 4.409098164860993097e-03
8.106176714439227382e+00 4.391782935951698413e-03
8.116176714439227169e+00 4.374471520504179256e-03
8.126176714439226956e+00 4.357164011362955024e-03
8.136176714439226743e+00 4.339860501610987194e-03
8.146176714439226529e+00 4.322561084549987609e-03
8.156176714439226316e+00 4.305265853640471638e-03
8.166176714439226103e+00 4.287974902499684313e-03
8.176176714439225890e+00 4.270688324900376483e-03
8.186176714439225677e+00 4.242988843135084807e-03
8.196176714439225464e+00 4.214283042023039653e-03
8.206176714439225250e+00 4.185584976261684347e-03
8.216176714439225037e+00 4.156894802662070010e-03
8.226176714439224824e+00 4.128212678282783266e-03
8.236176714439224611e+00 4.099538760427668543e-03
8.246176714439224398e+00 4.070873206643489672e-03
8.256176714439224185e+00 4.030016755864321634e-03
8.266176714439223971e+00 3.977162407503779216e-03
8.276176714439223758e+00 3.924324364946285733e-03
8.286176714439223545e+00 3.871502920603561455e-03
8.296176714439223332e+00 3.818698367338752443e-03
8.306176714439223119e+00 3.765910998892741442e-03
8.316176714439222906e+00 3.697000895095367383e-03
8.326176714439222692e+00 3.595648057827226848e-03
8.336176714439222479e+00 3.494329938905866260e-03
8.346176714439222266e+00 3.393047107294528027e-03
8.356176714439222053e+00 3.291800132903981331e-03
8.366176714439221840e+00 3.176358265976976340e-03
8.376176714439221627e+00 3.001955592170478179e-03
8.386176714439221413e+00 2.827617685804325372e-03
8.396176714439221200e+00 2.653345535653574977e-03
8.406176714439220987e+00 2.479140132040711167e-03
8.416176714439220774e+00 2.239894009560218155e-03
8.426176714439220561e+00 1.985048368888788980e-03
8.436176714439220348e+00 1.730304811464936695e-03
8.446176714439220135e+00 1.475664795963635943e-03
8.456176714439219921e+00 1.173630628770630123e-03
8.466176714439219708e+00 8.665290662125213570e-04
8.476176714439219495e+00 5.595577884652900430e-04
8.486176714439219282e+00 2.543921697693212001e-04
8.496176714439219069e+00 -4.508499774331117902e-05
8.506176714439218856e+00 -3.444297304294284133e-04
8.516176714439218642e+00 -6.436402822051177919e-04
8.526176714439218429e+00 -9.076580624849459175e-04
8.536176714439218216e+00 -1.143812543610831390e-03
8.546176714439218003e+00 -1.379856872608244828e-03
8.556176714439217790e+00 -1.615789661102394470e-03
8.566176714439217577e+00 -1.797667022338288309e-03
8.576176714439217363e+00 -1.951034993503249649e-03
8.586176714439217150e+00 -2.104327669360436023e-03
8.596176714439216937e+00 -2.257544140985486090e-03
8.606176714439216724e+00 -2.388941786407605596e-03
8.616176714439216511e+00 -2.471118362611958268e-03
8.626176714439216298e+00 -2.553252555340383267e-03
8.636176714439216084e+00 -2.635343870926407876e-03
8.646176714439215871e+00 -2.717391814827614226e-03
8.656176714439215658e+00 -2.783708407596684458e-03
8.666176714439215445e+00 -2.815607963091409493e-03
8.676176714439215232e+00 -2.847490058452273234e-03
8.686176714439215019e+00 -2.879354499888002721e-03
8.696176714439214805e+00 -2.911201093291886349e-03
8.706176714439214592e+00 -2.943029644246776370e-03
8.716176714439214379e+00 -2.956133143901511044e-03
8.726176714439214166e+00 -2.956652287459121328e-03
8.736176714439213953e+00 -2.957171126839931111e-03
8.746176714439213740e+00 -2.957689658849779746e-03
8.756176714439213526e+00 -2.958207880289855790e-03
8.766176714439213313e+00 -2.958725787952213183e-03
8.776176714439213100e+00 -2.953264692457702872e-03
8.786176714439212887e+00 -2.933888983139537176e-03
8.796176714439212674e+00 -2.914525390722197493e-03
8.806176714439212461e+00 -2.895174036848087440e-03
8.816176714439212247e+00 -2.875835043367752728e-03
8.826176714439212034e+00 -2.856508532336255596e-03
8.836176714439211821e+00 -2.837194626009501529e-03
8.846176714439211608e+00 -2.808609050781244332e-03
8.856176714439211395e+00 -2.773291439469033424e-03
8.866176714439211182e+00 -2.737997581518206679e-03
8.876176714439210969e+00 -2.702727702185528293e-03
8.886176714439210755e+00 -2.667482027060503677e-03
8.896176714439210542e+00 -2.632260782058300046e-03
8.906176714439210329e+00 -2.597064193767064082e-03
8.916176714439210116e+00 -2.552747130969868373e-03
8.926176714439209903e+00 -2.501899249481550139e-03
8.936176714439209690e+00 -2.451088032792413454e-03
8.946176714439209476e+00 -2.400313813208012487e-03
8.956176714439209263e+00 -2.349576923599270770e-03
8.966176714439209050e+00 -2.298877697390747966e-03
8.976176714439208837e+00 -2.248216468548769591e-03
8.986176714439208624e+00 -2.189818219374303505e-03
8.996176714439208411e+00 -2.121890671739394552e-03
9.006176714439208197e+00 -2.054015498867252376e-03
9.016176714439207984e+00 -1.986193151974531730e-03
9.026176714439207771e+00 -1.918424082922688418e-03
9.036176714439207558e+00 -1.850708744418347231e-03
9.046176714439207345e+00 -1.783047592397092596e-03
9.056176714439207132e+00 -1.709205319776588988e-03
9.066176714439206918e+00 -1.621102666768732157e-03
9.076176714439206705e+00 -1.533072482500324758e-03
9.086176714439206492e+00 -1.445115368054997141e-03
9.096176714439206279e+00 -1.357231925505937055e-03
9.106176714439206066e+00 -1.269422757890832426e-03
9.116176714439205853e+00 -1.181688469186525101e-03
9.126176714439205639e+00 -1.087635155451474383e-03
9.136176714439205426e+00 -9.757247483054829786e-04
9.146176714439205213e+00 -8.639123411472524744e-04
9.156176714439205000e+00 -7.521987101880012183e-04
9.166176714439204787e+00 -6.405846337470444581e-04
9.176176714439204574e+00 -5.290708973148794923e-04
9.186176714439204360e+00 -4.176582898429007161e-04
9.196176714439204147e+00 -3.000763161079639469e-04
9.206176714439203934e+00 -1.743034629634086048e-04
9.216176714439203721e+00 -4.864766972111870137e-05
9.226176714439203508e+00 7.689016530580282307e-05
9.236176714439203295e+00 2.023091424053738061e-04
9.246176714439203081e+00 3.276083605108254682e-04
9.256176714439202868e+00 4.527869172451941303e-04
9.266176714439202655e+00 5.707273347941830850e-04
9.276176714439202442e+00 6.877070445642591507e-04
9.286176714439202229e+00 8.045712333116924672e-04
9.296176714439202016e+00 9.213190439958808108e-04
9.306176714439201803e+00 1.037949614143349273e-03
9.316176714439201589e+00 1.154462079721348209e-03
9.326176714439201376e+00 1.256677564618608476e-03
9.336176714439201163e+00 1.351667483217430668e-03
9.346176714439200950e+00 1.446558791476857710e-03
9.356176714439200737e+00 1.541350778963836068e-03
9.366176714439200524e+00 1.636042734204733781e-03
9.376176714439200310e+00 1.730633944725943826e-03
9.386176714439200097e+00 1.807126396907944273e-03
9.396176714439199884e+00 1.876339593380568944e-03
9.406176714439199671e+00 1.945477341906485039e-03
9.416176714439199458e+00 2.014539110192916510e-03
9.426176714439199245e+00 2.083524363969308478e-03
9.436176714439199031e+00 2.152150501629552376e-03
9.446176714439198818e+00 2.193442032650919169e-03
9.456176714439198605e+00 2.234686697835845583e-03
9.466176714439198392e+00 2.275884174605924924e-03
9.476176714439198179e+00 2.317034139917192783e-03
9.486176714439197966e+00 2.358136270281199157e-03
9.496176714439197752e+00 2.384139530597534622e-03
9.506176714439197539e+00 2.396572178280869259e-03
9.516176714439197326e+00 2.408990027411643444e-03
9.526176714439197113e+00 2.421392978004498642e-03
9.536176714439196900e+00 2.433780929597310124e-03
9.546176714439196687e+00 2.439384946818178284e-03
9.556176714439196473e+00 2.423219991770318976e-03
9.566176714439196260e+00 2.407075052335627859e-03
9.576176714439196047e+00 2.390950260754288147e-03
9.586176714439195834e+00 2.374845749448805093e-03
9.596176714439195621e+00 2.355461907304797799e-03
9.606176714439195408e+00 2.311795591917880331e-03
9.616176714439195194e+00 2.268185488031411109e-03
9.626176714439194981e+00 2.224631960176682438e-03
9.636176714439194768e+00 2.181135377303280044e-03
9.646176714439194555e+00 2.134349694259188995e-03
9.656176714439194342e+00 2.068908317546406649e-03
9.666176714439194129e+00 2.003554519158731902e-03
9.676176714439193915e+00 1.938288859586417270e-03
9.686176714439193702e+00 1.873111900073284354e-03
9.696176714439193489e+00 1.806747775117260564e-03
9.706176714439193276e+00 1.737680604020342334e-03
9.716176714439193063e+00 1.668709479657321882e-03
9.726176714439192850e+00 1.599835005075577301e-03
9.736176714439192637e+00 1.531057792064085057e-03
9.746176714439192423e+00 1.468966519477026217e-03
9.756176714439192210e+00 1.411540674708984837e-03
9.766176714439191997e+00 1.354197815569459966e-03
9.776176714439191784e+00 1.296938458229828514e-03
9.786176714439191571e+00 1.239763119512605170e-03
9.796176714439191358e+00 1.195263789255826721e-03
9.806176714439191144e+00 1.151106482698827137e-03
9.816176714439190931e+00 1.107015461848050294e-03
9.826176714439190718e+00 1.062991133768701520e-03
9.836176714439190505e+00 1.024893934371734526e-03
9.846176714439190292e+00 9.932269648269072184e-04
9.856176714439190079e+00 9.616090081257782501e-04
9.866176714439189865e+00 9.300403628672669750e-04
9.876176714439189652e+00 8.995900907516749716e-04
9.886176714439189439e+00 8.799306467044376275e-04
9.896176714439189226e+00 8.603025695015126435e-04
9.906176714439189013e+00 8.407060464934205338e-04
9.916176714439188800e+00 8.211412668359613712e-04
9.926176714439188586e+00 8.109950183614200335e-04
9.936176714439188373e+00 8.030290963983044037e-04
9.946176714439188160e+00 7.950763775748300463e-04
9.956176714439187947e+00 7.871369408726501017e-04
9.966176714439187734e+00 7.865614416166494651e-04
9.976176714439187521e+00 7.900360795275709804e-04
9.986176714439187307e+00 7.935047806485677046e-04
9.996176714439187094e+00 7.969675101470915504e-04
1.000617671443918688e+01 8.069544814214396318e-04
1.001617671443918667e+01 8.215363686649007884e-04
1.002617671443918645e+01 8.360925687871445305e-04
1.003617671443918624e+01 8.506229298509738763e-04
1.004617671443918603e+01 8.695422706760401249e-04
1.005617671443918582e+01 8.909578595794102017e-04
1.006617671443918560e+01 9.123345527553352067e-04
1.007617671443918539e+01 9.336721245989512480e-04
1.008617671443918518e+01 9.541168262327775866e-04
1.009617671443918496e+01 9.743002773685486943e-04
1.010617671443918475e+01 9.944459295265020444e-04
1.011617671443918454e+01 1.014268272442005181e-03
1.012617671443918432e+01 1.029054869389625128e-03
1.013617671443918411e+01 1.043813126937755001e-03
1.014617671443918390e+01 1.058542881423875067e-03
1.015617671443918368e+01 1.070984584677325087e-03
1.016617671443918347e+01 1.080218855999078454e-03
1.017617671443918326e+01 1.089434876093380586e-03
1.018617671443918304e+01 1.098632538320187032e-03
1.019617671443918283e+01 1.103123634936602768e-03
1.020617671443918262e+01 1.106909911758218075e-03
1.021617671443918240e+01 1.110688468388629615e-03
1.022617671443918219e+01 1.112254272560331096e-03
1.023617671443918198e+01 1.110733869437670546e-03
1.024617671443918177e+01 1.109216639377702367e-03
1.025617671443918155e+01 1.107450069166041441e-03
1.026617671443918134e+01 1.100776566249551730e-03
1.027617671443918113e+01 1.094117324427153681e-03
1.028617671443918091e+01 1.087472425715157922e-03
1.029617671443918070e+01 1.077012646852179914e-03
1.030617671443918049e+01 1.065387603074839954e-03
1.031617671443918027e+01 1.053788194886031088e-03
1.032617671443918006e+01 1.039770465140598971e-03
1.033617671443917985e+01 1.023828945713924120e-03
1.034617671443917963e+01 1.007923433711008492e-03
1.035617671443917942e+01 9.914248852063609844e-04
1.036617671443917921e+01 9.741035535457649242e-04
1.037617671443917899e+01 9.568222942078163885e-04
1.038617671443917878e+01 9.401580091559620872e-04
1.039617671443917857e+01 9.245569984739252737e-04
1.040617671443917835e+01 9.089929638555172779e-04
1.041617671443917814e+01 8.943021302037964517e-04
1.042617671443917793e+01 8.810895999246621873e-04
1.043617671443917772e+01 8.679091580587496154e-04
1.044617671443917750e+01 8.557341148905058849e-04
1.045617671443917729e+01 8.448277002159343147e-04
1.046617671443917708e+01 8.339484294971879694e-04
1.047617671443917686e+01 8.243361902275514333e-04
1.048617671443917665e+01 8.156549305183881122e-04
1.049617671443917644e+01 8.069958210930810267e-04
1.050617671443917622e+01 7.999781626411938242e-04
1.051617671443917601e+01 7.934418398926758971e-04
1.052617671443917580e+01 7.869994639855002264e-04
1.053617671443917558e+01 7.825159125332358358e-04
1.054617671443917537e+01 7.780442893447910534e-04
1.055617671443917516e+01 7.742790013339407749e-04
1.056617671443917494e+01 7.717705298357608419e-04
1.057617671443917473e+01 7.692689031162414396e-04
1.058617671443917452e+01 7.675879637632366647e-04
1.059617671443917430e+01 7.662065466145846120e-04
1.060617671443917409e+01 7.646932899894327406e-04
1.061617671443917388e+01 7.625003629106792040e-04
1.062617671443917367e+01 7.603136825266321999e-04
1.063617671443917345e+01 7.568165332840961351e-04
1.064617671443917324e+01 7.526229366726470971e-04
1.065617671443917303e+01 7.480587021744943433e-04
1.066617671443917281e+01 7.418472872909517846e-04
1.067617671443917260e+01 7.356543551852574815e-04
1.068617671443917239e+01 7.279593833470363257e-04
1.069617671443917217e+01 7.198434663509337399e-04
1.070617671443917196e+01 7.109822036709206004e-04
1.071617671443917175e+01 7.010334422801862107e-04
1.072617671443917153e+01 6.909545037145203156e-04
1.073617671443917132e+01 6.792635471261266765e-04
1.074617671443917111e+01 6.676096128849827796e-04
1.075617671443917089e+01 6.545866757978688073e-04
1.076617671443917068e+01 6.412867955520313960e-04
1.077617671443917047e+01 6.271752269820893722e-04
1.078617671443917025e+01 6.125016318729208445e-04
1.079617671443917004e+01 5.979928847401593797e-04
1.080617671443916983e+01 5.837106771137900389e-04
1.081617671443916961e+01 5.701022892194713542e-04
1.082617671443916940e+01 5.584584507185943493e-04
1.083617671443916919e+01 5.472881605020000866e-04
1.084617671443916898e+01 5.389166059571556160e-04
1.085617671443916876e+01 5.307678758569339857e-04
1.086617671443916855e+01 5.255226879596474211e-04
1.087617671443916834e+01 5.203742308728902385e-04
1.088617671443916812e+01 5.181015364273791656e-04
1.089617671443916791e+01 5.159070905192129127e-04
1.090617671443916770e+01 5.164497515686089849e-04
1.091617671443916748e+01 5.171422513676490838e-04
1.092617671443916727e+01 5.203394908736424943e-04
1.093617671443916706e+01 5.238303973079152772e-04
1.094617671443916684e+01 5.295150580761144891e-04
1.095617671443916663e+01 5.355557609332979845e-04
1.096617671443916642e+01 5.429323473502547723e-04
1.097617671443916620e+01 5.501310790353231353e-04
1.098617671443916599e+01 5.570169078031122177e-04
1.099617671443916578e+01 5.628482084756574345e-04
1.100617671443916556e+01 5.676249777900707789e-04
1.101617671443916535e+01 5.709140514877345971e-04
1.102617671443916514e+01 5.735111299810453141e-04
1.103617671443916493e+01 5.742727814246876726e-04
1.104617671443916471e+01 5.745491255055464302e-04
1.105617671443916450e+01 5.731768357585679315e-04
1.106617671443916429e+01 5.710456059072786198e-04
1.107617671443916407e+01 5.678628891253764384e-04
1.108617671443916386e+01 5.634358836302734864e-04
1.109617671443916365e+01 5.584491340932826262e-04
1.110617671443916343e+01 5.519100021249302972e-04
1.111617671443916322e+01 5.445972184248988992e-04
1.112617671443916301e+01 5.362411423434474854e-04
1.113617671443916279e+01 5.260647853404746416e-04
1.114617671443916258e+01 5.149491302708301532e-04
1.115617671443916237e+01 5.021258480839961178e-04
1.116617671443916215e+01 4.877869227547238493e-04
1.117617671443916194e+01 4.724687309516703701e-04
1.118617671443916173e+01 4.555167243891115685e-04
1.119617671443916151e+01 4.372906870411323826e-04
1.120617671443916130e+01 4.181522355842672944e-04
1.121617671443916109e+01 3.976944559803029179e-04
1.122617671443916088e+01 3.760581881163919536e-04
1.123617671443916066e+01 3.538019309883997580e-04
1.124617671443916045e+01 3.309839409402973837e-04
1.125617671443916024e+01 3.095306046736067849e-04
1.126617671443916002e+01 2.901388453745701573e-04
1.127617671443915981e+01 2.730421828447706072e-04
1.128617671443915960e+01 2.591433503213631546e-04
1.129617671443915938e+01 2.480739680364274068e-04
1.130617671443915917e+01 2.392512424981047979e-04
1.131617671443915896e+01 2.326514923066156726e-04
1.132617671443915874e+01 2.287910718776406925e-04
1.133617671443915853e+01 2.273119924285656028e-04
1.134617671443915832e+01 2.278012212497897257e-04
1.135617671443915810e+01 2.301804681849705780e-04
1.136617671443915789e+01 2.343818163748248150e-04
1.137617671443915768e+01 2.404420639355643347e-04
1.138617671443915746e+01 2.476979943902841009e-04
1.139617671443915725e+01 2.561024071611824504e-04
1.140617671443915704e+01 2.656117204888758785e-04
1.141617671443915683e+01 2.761819197675392757e-04
1.142617671443915661e+01 2.879021153824215897e-04
1.143617671443915640e+01 3.006385966198202157e-04
1.144617671443915619e+01 3.142442304299716892e-04
1.145617671443915597e+01 3.284889477811330795e-04
1.146617671443915576e+01 3.423048938048710798e-04
1.147617671443915555e+01 3.539369832889839346e-04
1.148617671443915533e+01 3.617936729581218555e-04
1.149617671443915512e+01 3.655281614986177568e-04
1.150617671443915491e+01 3.652810550621801450e-04
1.151617671443915469e+01 3.610433970656984283e-04
1.152617671443915448e+01 3.533013507938049039e-04
1.153617671443915427e+01 3.422123105248435189e-04
1.154617671443915405e+01 3.279353041468217249e-04
1.155617671443915384e+01 3.112644967260792209e-04
1.156617671443915363e+01 2.941873541445610149e-04
1.157617671443915341e+01 2.784135723609911547e-04
1.158617671443915320e+01 2.643673908957729969e-04
1.159617671443915299e+01 2.520237751898366744e-04
1.160617671443915278e+01 2.413181946885969997e-04
1.161617671443915256e+01 2.321793337999084506e-04
1.162617671443915235e+01 2.245913211329529440e-04
1.163617671443915214e+01 2.187035299265315262e-04
1.164617671443915192e+01 2.158196002737314528e-04
1.165617671443915171e+01 2.173416009960894477e-04
1.166617671443915150e+01 2.234311698983850022e-04
1.167617671443915128e+01 2.337803273261794003e-04
1.168617671443915107e+01 2.481050038463813675e-04
1.169617671443915086e+01 2.661475695808699347e-04
1.170617671443915064e+01 2.878728152476371909e-04
1.171617671443915043e+01 3.103009287251384135e-04
1.172617671443915022e+01 3.274257083073071244e-04
1.173617671443915000e+01 3.364153579663474924e-04
1.174617671443914979e+01 3.370847012110309991e-04
1.175617671443914958e+01 3.294946457127481904e-04
1.176617671443914936e+01 3.151234693905270419e-04
1.177617671443914915e+01 2.945924253990116854e-04
1.178617671443914894e+01 2.723876999174356609e-04
1.179617671443914872e+01 2.562132148948319992e-04
1.180617671443914851e+01 2.480269311893287571e-04
1.181617671443914830e+01 2.477533402721404589e-04
1.182617671443914809e+01 2.537694576877368743e-04
1.183617671443914787e+01 2.667109637098452959e-04
1.184617671443914766e+01 2.828285326086269033e-04
1.185617671443914745e+01 2.976906914219038121e-04
1.186617671443914723e+01 3.103823653108201113e-04
1.187617671443914702e+01 3.207038231769471616e-04
1.188617671443914681e+01 3.291543821096793603e-04
1.189617671443914659e+01 3.354853053105333154e-04
1.190617671443914638e+01 3.374735791476279933e-04
1.191617671443914617e+01 3.341568167573765792e-04
1.192617671443914595e+01 3.257833483503355101e-04
1.193617671443914574e+01 3.125240029698794471e-04
1.194617671443914553e+01 2.966055420057175126e-04
1.195617671443914531e+01 2.863532489539094496e-04
1.196617671443914510e+01 2.856087135784267286e-04
1.197617671443914489e+01 2.936529105617875779e-04
1.198617671443914467e+01 3.093312622305038960e-04
1.199617671443914446e+01 3.264208396437877206e-04
1.200617671443914425e+01 3.371131859766506879e-04
1.201617671443914404e+01 3.412217194413330102e-04
1.202617671443914382e+01 3.400216170662484429e-04
1.203617671443914361e+01 3.548875559465475521e-04
1.204617671443914340e+01 4.086664326872920493e-04
1.205617671443914318e+01 5.004313451409229691e-04
1.206617671443914297e+01 6.067485170725084526e-04
1.207617671443914276e+01 6.145217120401652534e-04
1.208617671443914254e+01 5.047555300605045640e-04
1.209617671443914233e+01 3.047882243173313755e-04
1.210617671443914212e+01 1.483414994889018673e-04
1.211617671443914190e+01 7.954841938795455855e-05
1.212617671443914169e+01 9.763015033213764688e-05
1.213617671443914148e+01 2.078002599604510700e-04
1.214617671443914126e+01 3.876239961764290786e-04
1.215617671443914105e+01 4.485194303068182602e-04
1.216617671443914084e+01 3.338217935149691610e-04
1.217617671443914062e+01 2.809746500079699449e-04
1.218617671443914041e+01 3.963718568069479991e-04
1.219617671443914020e+01 3.300198845072290421e-04
1.220617671443913999e+01 1.004966955539322621e-04
1.221617671443913977e+01 1.918041888088846056e-04
1.222617671443913956e+01 1.174299143230087905e-03
1.223617671443913935e+01 3.713350043853985466e-04
1.224617671443913913e+01 3.819530308269016667e-04
1.225617671443913892e+01 -2.767487587642665330e-03
1.226617671443913871e+01 -7.921600053734244480e-04
1.227617671443913849e+01 -6.555121063769549228e-03
1.228617671443913828e+01 -4.431377300499315768e-03
1.229617671443913807e+01 -1.502122423071359679e-03
1.230617671443913785e+01 7.350687365964838032e-05
1.231617671443913764e+01 1.633614609530461941e-03
1.232617671443913743e+01 2.271003145337649638e-03
1.233617671443913721e+01 4.532201461418799569e-04
1.234617671443913700e+01 -4.631796453861797519e-04
1.235617671443913679e+01 6.139179479554596913e-05
1.236617671443913657e+01 4.975557866254755887e-04
1.237617671443913636e+01 4.110548080862705855e-04
1.238617671443913615e+01 -2.828128904474286982e-04
1.239617671443913594e+01 -9.369791930673014059e-05
1.240617671443913572e+01 1.330542319354282481e-03
1.241617671443913551e+01 1.187216314080883749e-03
1.242617671443913530e+01 -5.750001999920542660e-04
1.243617671443913508e+01 -1.117695688459861099e-03
1.244617671443913487e+01 1.932340162001382092e-04
1.245617671443913466e+01 3.282586413654036035e-04
1.246617671443913444e+01 2.091967108533287904e-04
1.247617671443913423e+01 5.213502555276433841e-04
1.248617671443913402e+01 -3.719594712288167579e-04
1.249617671443913380e+01 8.189585332192811764e-04
1.250617671443913359e+01 1.699263262587391620e-03
1.251617671443913338e+01 -4.619160789675180040e-04
1.252617671443913316e+01 -9.923926716290099297e-04
1.253617671443913295e+01 1.960991738129582232e-03
1.254617671443913274e+01 -5.098296396236523835e-04
1.255617671443913252e+01 -8.702378136480925282e-04
1.256617671443913231e+01 6.630151547347492994e-04
1.257617671443913210e+01 2.367745279018673818e-04
1.258617671443913189e+01 2.976739062104774070e-04
1.259617671443913167e+01 3.127331072244932163e-04
1.260617671443913146e+01 3.082481810214589518e-04
1.261617671443913125e+01 3.197436636285613289e-04
1.262617671443913103e+01 3.069709028138753589e-04
1.263617671443913082e+01 3.065468687282384770e-04
1.264617671443913061e+01 3.148946444800283968e-04
1.265617671443913039e+01 2.969757711148202669e-04
1.266617671443913018e+01 3.144055899628254687e-04
1.267617671443912997e+01 3.532332281773193760e-04
1.268617671443912975e+01 3.134894491924443286e-04
1.269617671443912954e+01 2.292051321586949697e-04
1.270617671443912933e+01 2.834075376817032032e-04
1.271617671443912911e+01 4.614376612331683516e-04
1.272617671443912890e+01 5.550668634404935841e-04
1.273617671443912869e+01 5.402825151670653673e-04
1.274617671443912847e+01 4.052259109985635295e-04
1.275617671443912826e+01 2.496472604346417108e-04
1.276617671443912805e+01 2.661893805719027224e-04
1.277617671443912784e+01 3.361473956054902802e-04
1.278617671443912762e+01 3.433726065731575790e-04
1.279617671443912741e+01 2.863042721427714547e-04
1.280617671443912720e+01 1.924112236836240030e-04
1.281617671443912698e+01 1.203042989279515978e-04
1.282617671443912677e+01 1.250515133115309957e-04
1.283617671443912656e+01 2.041567185439606478e-04
1.284617671443912634e+01 2.491199631986624964e-04
1.285617671443912613e+01 2.573349602828665841e-04
1.286617671443912592e+01 2.510340444168162222e-04
1.287617671443912570e+01 2.874036676306287183e-04
1.288617671443912549e+01 2.851814204467211324e-04
1.289617671443912528e+01 2.044168141254483874e-04
1.290617671443912506e+01 5.079745532430503425e-04
1.291617671443912485e+01 8.425157941725559309e-05
1.292617671443912464e+01 -6.791755915060781286e-04
1.293617671443912442e+01 3.424049609759989544e-04
1.294617671443912421e+01 1.104331242334018366e-03
1.295617671443912400e+01 1.078281509771275267e-03
1.296617671443912378e+01 9.004803623999345764e-05
1.297617671443912357e+01 4.294135749614987844e-05
1.298617671443912336e+01 8.127354803625390020e-04
1.299617671443912315e+01 5.727719054807745838e-04
1.300617671443912293e+01 -2.972382517290793292e-04
1.301617671443912272e+01 1.163981919867327242e-04
1.302617671443912251e+01 5.062802978651194082e-04
1.303617671443912229e+01 2.886374828735670944e-04
1.304617671443912208e+01 3.664862219319869083e-04
1.305617671443912187e+01 3.560305688311028445e-04
1.306617671443912165e+01 3.380180965877491259e-04
1.307617671443912144e+01 3.338511699402868581e-04
1.308617671443912123e+01 3.735332079738835063e-04
1.309617671443912101e+01 3.657746057254602666e-04
1.310617671443912080e+01 3.718217696414530976e-04
1.311617671443912059e+01 3.760462807220997516e-04
1.312617671443912037e+01 3.806293418299238002e-04
1.313617671443912016e+01 3.860372199537982210e-04
1.314617671443911995e+01 3.924531484055777757e-04
1.315617671443911973e+01 4.004266393225774131e-04
1.316617671443911952e+01 4.124391628827610030e-04
1.317617671443911931e+01 4.324856426046051381e-04
1.318617671443911910e+01 3.962076713347805011e-04
1.319617671443911888e+01 4.508272315987068993e-04
1.320617671443911867e+01 4.719614067413858689e-04
1.321617671443911846e+01 4.991426246606998473e-04
1.322617671443911824e+01 5.334864351825835535e-04
1.323617671443911803e+01 5.758245692843960532e-04
1.324617671443911782e+01 6.143631412982731438e-04
1.325617671443911760e+01 5.509484943993488235e-04
1.325997629898205510e+01 -5.971891264749037185e-06
