1.000000000000000021e-03 1.531478248398477314e-03
1.470872245492082196e-03 1.531478243148080409e-03
6.179594700412903950e-03 1.531478080582076347e-03
1.617959470041290329e-02 1.531477071574540187e-03
2.617959470041290176e-02 1.531475160026793490e-03
3.617959470041290371e-02 1.531472345945741973e-03
4.617959470041290565e-02 1.531468629341549816e-03
5.617959470041290759e-02 1.531464010227642043e-03
6.617959470041290260e-02 1.531458488620703658e-03
7.617959470041289760e-02 1.531452064540679212e-03
8.617959470041289261e-02 1.531444738010774315e-03
9.617959470041288761e-02 1.531436509057454562e-03
1.061795947004128826e-01 1.531427377710445955e-03
1.161795947004128776e-01 1.531417344002735130e-03
1.261795947004128726e-01 1.531406407970569566e-03
1.361795947004128815e-01 1.531394569653456942e-03
1.461795947004128904e-01 1.531381829094166864e-03
1.561795947004128993e-01 1.531368186338729134e-03
1.661795947004129081e-01 1.531353641436435488e-03
1.761795947004129170e-01 1.531338194439838723e-03
1.861795947004129259e-01 1.531321845404753565e-03
1.961795947004129348e-01 1.531304594390256891e-03
2.061795947004129437e-01 1.531286441458686856e-03
2.161795947004129526e-01 1.531267386675645280e-03
2.261795947004129614e-01 1.531247430109995700e-03
2.361795947004129703e-01 1.531226571833864880e-03
2.461795947004129792e-01 1.531204811922643036e-03
2.561795947004129603e-01 1.531182150454983831e-03
2.661795947004129692e-01 1.531158587512805027e-03
2.761795947004129781e-01 1.531134123181288487e-03
2.861795947004129870e-01 1.531108757548880822e-03
2.961795947004129959e-01 1.531082490707294042e-03
3.061795947004130047e-01 1.531055322751505125e-03
3.161795947004130136e-01 1.531027253779757534e-03
3.261795947004130225e-01 1.530998283893560998e-03
3.361795947004130314e-01 1.530968413197691946e-03
3.461795947004130403e-01 1.530937641800194813e-03
3.561795947004130491e-01 1.530905969812381816e-03
3.661795947004130580e-01 1.530873397348833393e-03
3.761795947004130669e-01 1.530839924527399934e-03
3.861795947004130758e-01 1.530805551469200916e-03
3.961795947004130847e-01 1.530770278298627073e-03
4.061795947004130936e-01 1.530734105143339522e-03
4.161795947004131024e-01 1.530697032134271940e-03
4.261795947004131113e-01 1.530659059405630341e-03
4.361795947004131202e-01 1.530620187094894379e-03
4.461795947004131291e-01 1.530580415342817783e-03
4.561795947004131380e-01 1.530539744293429871e-03
4.661795947004131468e-01 1.530498174094035773e-03
4.761795947004131557e-01 1.530455704895217293e-03
4.861795947004131646e-01 1.530412336850834644e-03
4.961795947004131735e-01 1.530368070118026886e-03
5.061795947004131824e-01 1.530322904857213222e-03
5.161795947004131913e-01 1.530276841232094086e-03
5.261795947004132001e-01 1.530229879409651791e-03
5.361795947004132090e-01 1.530182019560152483e-03
5.461795947004132179e-01 1.530133261857147221e-03
5.561795947004132268e-01 1.530083606477472850e-03
5.661795947004132357e-01 1.530033053601253515e-03
5.761795947004132445e-01 1.529981603411902178e-03
5.861795947004132534e-01 1.529929256096122358e-03
5.961795947004132623e-01 1.529876011843908992e-03
6.061795947004132712e-01 1.529821870848549958e-03
6.161795947004132801e-01 1.529766833306628673e-03
6.261795947004132890e-01 1.529710899418024964e-03
6.361795947004132978e-01 1.529654069385916366e-03
6.461795947004133067e-01 1.529596343416781377e-03
6.561795947004133156e-01 1.529537721720399457e-03
6.661795947004133245e-01 1.529478204509854928e-03
6.761795947004133334e-01 1.529417792001537199e-03
6.861795947004133422e-01 1.529356484415143793e-03
6.961795947004133511e-01 1.529294281973682520e-03
7.061795947004133600e-01 1.529231184903473212e-03
7.161795947004133689e-01 1.529167193434150104e-03
7.261795947004133778e-01 1.529102307798664660e-03
7.361795947004133867e-01 1.529036528233287300e-03
7.461795947004133955e-01 1.528969854977610225e-03
7.561795947004134044e-01 1.528902288274550450e-03
7.661795947004134133e-01 1.528833828370351538e-03
7.761795947004134222e-01 1.528764475514587072e-03
7.861795947004134311e-01 1.528694229960163254e-03
7.961795947004134399e-01 1.528623091963321945e-03
8.061795947004134488e-01 1.528551061783643694e-03
8.161795947004134577e-01 1.528478139684050566e-03
8.261795947004134666e-01 1.528404325930809386e-03
8.361795947004134755e-01 1.528329620793535864e-03
8.461795947004134844e-01 1.528254024545196545e-03
8.561795947004134932e-01 1.528177537462113581e-03
8.661795947004135021e-01 1.528100159823967763e-03
8.761795947004135110e-01 1.528021891913802430e-03
8.861795947004135199e-01 1.527942734018026931e-03
8.961795947004135288e-01 1.527862686426420969e-03
9.061795947004135376e-01 1.527781749432138717e-03
9.161795947004135465e-01 1.527699923331712071e-03
9.261795947004135554e-01 1.527617208425056071e-03
9.361795947004135643e-01 1.527533605015473023e-03
9.461795947004135732e-01 1.527449113409655966e-03
9.561795947004135821e-01 1.527363733917694744e-03
9.661795947004135909e-01 1.527277466853079694e-03
9.761795947004135998e-01 1.527190312532707281e-03
9.861795947004136087e-01 1.527102271276884653e-03
9.961795947004136176e-01 1.527013343409334631e-03
1.006179594700413515e+00 1.526923529257201342e-03
1.016179594700413524e+00 1.526832829151055643e-03
1.026179594700413533e+00 1.526741243424900541e-03
1.036179594700413542e+00 1.526648772416176183e-03
1.046179594700413551e+00 1.526555416465767223e-03
1.056179594700413560e+00 1.526461175918007599e-03
1.066179594700413569e+00 1.526366051120686814e-03
1.076179594700413578e+00 1.526270042425056450e-03
1.086179594700413586e+00 1.526173150185836450e-03
1.096179594700413595e+00 1.526075374761221839e-03
1.106179594700413604e+00 1.525976716512889454e-03
1.116179594700413613e+00 1.525877175806004222e-03
1.126179594700413622e+00 1.525776753009227410e-03
1.136179594700413631e+00 1.525675448494722688e-03
1.146179594700413640e+00 1.525573262638164158e-03
1.156179594700413649e+00 1.525470195818743940e-03
1.166179594700413658e+00 1.525366248419179329e-03
1.176179594700413666e+00 1.525261420825721253e-03
1.186179594700413675e+00 1.525155713428162293e-03
1.196179594700413684e+00 1.525049126619844927e-03
1.206179594700413693e+00 1.524941660797669331e-03
1.216179594700413702e+00 1.524833316362103142e-03
1.226179594700413711e+00 1.524724093717189696e-03
1.236179594700413720e+00 1.524613993270556482e-03
1.246179594700413729e+00 1.524503015433425991e-03
1.256179594700413737e+00 1.524391160620622646e-03
1.266179594700413746e+00 1.524278429250585168e-03
1.276179594700413755e+00 1.524164821745374165e-03
1.286179594700413764e+00 1.524050338530683188e-03
1.296179594700413773e+00 1.523934980035848707e-03
1.306179594700413782e+00 1.523818746693861173e-03
1.316179594700413791e+00 1.523701638941373903e-03
1.326179594700413800e+00 1.523583657218716310e-03
1.336179594700413809e+00 1.523464801969903011e-03
1.346179594700413817e+00 1.523345073642645969e-03
1.356179594700413826e+00 1.523224472688366202e-03
1.366179594700413835e+00 1.523102999562204844e-03
1.376179594700413844e+00 1.522980654723035936e-03
1.386179594700413853e+00 1.522857438633477920e-03
1.396179594700413862e+00 1.522733351759906215e-03
1.406179594700413871e+00 1.522608394572466444e-03
1.416179594700413880e+00 1.522482567545086580e-03
1.426179594700413888e+00 1.522355871155490819e-03
1.436179594700413897e+00 1.522228305885212378e-03
1.446179594700413906e+00 1.522099872219607368e-03
1.456179594700413915e+00 1.521970570647868896e-03
1.466179594700413924e+00 1.521840401663040934e-03
1.476179594700413933e+00 1.521709365762033287e-03
1.486179594700413942e+00 1.521577463445635253e-03
1.496179594700413951e+00 1.521444695218531666e-03
1.506179594700413960e+00 1.521311061589317431e-03
1.516179594700413968e+00 1.521176563070513127e-03
1.526179594700413977e+00 1.521041200178581063e-03
1.536179594700413986e+00 1.520904973433940665e-03
1.546179594700413995e+00 1.520767883360985397e-03
1.556179594700414004e+00 1.520629930488099453e-03
1.566179594700414013e+00 1.520491115347673804e-03
1.576179594700414022e+00 1.520351438476123763e-03
1.586179594700414031e+00 1.520210900413907201e-03
1.596179594700414039e+00 1.520069501705540805e-03
1.606179594700414048e+00 1.519927242899619382e-03
1.616179594700414057e+00 1.519784124548833205e-03
1.626179594700414066e+00 1.519640147209987959e-03
1.636179594700414075e+00 1.519495311444021661e-03
1.646179594700414084e+00 1.519349617816026336e-03
1.656179594700414093e+00 1.519203066895265372e-03
1.666179594700414102e+00 1.519055659255194547e-03
1.676179594700414111e+00 1.518907395473481766e-03
1.686179594700414119e+00 1.518758276132028528e-03
1.696179594700414128e+00 1.518608301816988786e-03
1.706179594700414137e+00 1.518457473118792374e-03
1.716179594700414146e+00 1.518305790632164297e-03
1.726179594700414155e+00 1.518153254956147941e-03
1.736179594700414164e+00 1.517999866694127401e-03
1.746179594700414173e+00 1.517845626453848303e-03
1.756179594700414182e+00 1.517690534847442301e-03
1.766179594700414190e+00 1.517534592491449419e-03
1.776179594700414199e+00 1.517377800006841464e-03
1.786179594700414208e+00 1.517220158019045879e-03
1.796179594700414217e+00 1.517061667157970683e-03
1.806179594700414226e+00 1.516902328058027669e-03
1.816179594700414235e+00 1.516742141358158212e-03
1.826179594700414244e+00 1.516581107701858418e-03
1.836179594700414253e+00 1.516419227737204282e-03
1.846179594700414262e+00 1.516256502116877921e-03
1.856179594700414270e+00 1.516092931498194251e-03
1.866179594700414279e+00 1.515928516543126785e-03
1.876179594700414288e+00 1.515763257918335176e-03
1.886179594700414297e+00 1.515597156295193189e-03
1.896179594700414306e+00 1.515430212349815585e-03
1.906179594700414315e+00 1.515262426763086317e-03
1.916179594700414324e+00 1.515093800220688233e-03
1.926179594700414333e+00 1.514924333413130613e-03
1.936179594700414341e+00 1.514754027035779532e-03
1.946179594700414350e+00 1.514582881788886694e-03
1.956179594700414359e+00 1.514410898377620230e-03
1.966179594700414368e+00 1.514238077512095266e-03
1.976179594700414377e+00 1.514064419907404282e-03
1.986179594700414386e+00 1.513889926283648124e-03
1.996179594700414395e+00 1.513714597365969179e-03
2.006179594700414182e+00 1.513538433884581511e-03
2.016179594700413968e+00 1.513361436574805347e-03
2.026179594700413755e+00 1.513183606177098076e-03
2.036179594700413542e+00 1.513004943437089170e-03
2.046179594700413329e+00 1.512825449105612702e-03
2.056179594700413116e+00 1.512645123938742477e-03
2.066179594700412903e+00 1.512463968697825862e-03
2.076179594700412689e+00 1.512281984149519126e-03
2.086179594700412476e+00 1.512099171065822353e-03
2.096179594700412263e+00 1.511915530224116526e-03
2.106179594700412050e+00 1.511731062407198432e-03
2.116179594700411837e+00 1.511545768403317310e-03
2.126179594700411624e+00 1.511359649006213451e-03
2.136179594700411410e+00 1.511172705015153975e-03
2.146179594700411197e+00 1.510984937234972295e-03
2.156179594700410984e+00 1.510796346476105199e-03
2.166179594700410771e+00 1.510606933554632528e-03
2.176179594700410558e+00 1.510416699292316646e-03
2.186179594700410345e+00 1.510225644516641035e-03
2.196179594700410131e+00 1.510033770060851925e-03
2.206179594700409918e+00 1.509841076763997767e-03
2.216179594700409705e+00 1.509647565470970858e-03
2.226179594700409492e+00 1.509453237032548764e-03
2.236179594700409279e+00 1.509258092305436165e-03
2.246179594700409066e+00 1.509062132152307577e-03
2.256179594700408853e+00 1.508865357441849632e-03
2.266179594700408639e+00 1.508667769048804884e-03
2.276179594700408426e+00 1.508469367854015607e-03
2.286179594700408213e+00 1.508270154744467814e-03
2.296179594700408000e+00 1.508070130613336146e-03
2.306179594700407787e+00 1.507869296360028321e-03
2.316179594700407574e+00 1.507667652890232407e-03
2.326179594700407360e+00 1.507465201115960624e-03
2.336179594700407147e+00 1.507261941955598131e-03
2.346179594700406934e+00 1.507057876333948348e-03
2.356179594700406721e+00 1.506853005182281525e-03
2.366179594700406508e+00 1.506647329438382020e-03
2.376179594700406295e+00 1.506440850046597080e-03
2.386179594700406081e+00 1.506233567957885417e-03
2.396179594700405868e+00 1.506025484129867300e-03
2.406179594700405655e+00 1.505816599526872907e-03
2.416179594700405442e+00 1.505606915119994584e-03
2.426179594700405229e+00 1.505396431887136071e-03
2.436179594700405016e+00 1.505185150813064107e-03
2.446179594700404802e+00 1.504973072889460688e-03
2.456179594700404589e+00 1.504760199114974677e-03
2.466179594700404376e+00 1.504546530495274714e-03
2.476179594700404163e+00 1.504332068043102554e-03
2.486179594700403950e+00 1.504116812778326416e-03
2.496179594700403737e+00 1.503900765727994538e-03
2.506179594700403523e+00 1.503683927926391557e-03
2.516179594700403310e+00 1.503466300415091201e-03
2.526179594700403097e+00 1.503247884243013536e-03
2.536179594700402884e+00 1.503028680466480475e-03
2.546179594700402671e+00 1.502808690149271941e-03
2.556179594700402458e+00 1.502587914362683331e-03
2.566179594700402244e+00 1.502366354185582543e-03
2.576179594700402031e+00 1.502144010704468307e-03
2.586179594700401818e+00 1.501920885013527862e-03
2.596179594700401605e+00 1.501696978214696592e-03
2.606179594700401392e+00 1.501472291417717221e-03
2.616179594700401179e+00 1.501246825740199008e-03
2.626179594700400965e+00 1.501020582307678900e-03
2.636179594700400752e+00 1.500793562253681379e-03
2.646179594700400539e+00 1.500565766719780475e-03
2.656179594700400326e+00 1.500337196855661354e-03
2.666179594700400113e+00 1.500107853819181896e-03
2.676179594700399900e+00 1.499877738776435798e-03
2.686179594700399687e+00 1.499646852901815892e-03
2.696179594700399473e+00 1.499415197378076809e-03
2.706179594700399260e+00 1.499182773396400470e-03
2.716179594700399047e+00 1.498949582156458961e-03
2.726179594700398834e+00 1.498715624866480680e-03
2.736179594700398621e+00 1.498480902743315165e-03
2.746179594700398408e+00 1.498245417012499230e-03
2.756179594700398194e+00 1.498009168908323325e-03
2.766179594700397981e+00 1.497772159673897664e-03
2.776179594700397768e+00 1.497534390561220535e-03
2.786179594700397555e+00 1.497295862831245520e-03
2.796179594700397342e+00 1.497056577753948714e-03
2.806179594700397129e+00 1.496816536608398980e-03
2.816179594700396915e+00 1.496575740682826042e-03
2.826179594700396702e+00 1.496334191274689219e-03
2.836179594700396489e+00 1.496091889690749199e-03
2.846179594700396276e+00 1.495848837247136564e-03
2.856179594700396063e+00 1.495605035269423344e-03
2.866179594700395850e+00 1.495360485092694361e-03
2.876179594700395636e+00 1.495115188061618347e-03
2.886179594700395423e+00 1.494869145530520376e-03
2.896179594700395210e+00 1.494622358863454065e-03
2.906179594700394997e+00 1.494374829434274871e-03
2.916179594700394784e+00 1.494126558626712514e-03
2.926179594700394571e+00 1.493877547834445351e-03
2.936179594700394357e+00 1.493496303864371138e-03
2.946179594700394144e+00 1.493019430730091728e-03
2.956179594700393931e+00 1.492541156897067177e-03
2.966179594700393718e+00 1.492061485095742043e-03
2.976179594700393505e+00 1.491580418076213135e-03
2.986179594700393292e+00 1.491097958608374359e-03
2.996179594700393078e+00 1.490614109482062653e-03
3.006179594700392865e+00 1.490128873507203270e-03
3.016179594700392652e+00 1.489642253513957662e-03
3.026179594700392439e+00 1.489154252352870066e-03
3.036179594700392226e+00 1.488664872895016904e-03
3.046179594700392013e+00 1.488174118032154023e-03
3.056179594700391799e+00 1.487681990676868043e-03
3.066179594700391586e+00 1.487188493762725333e-03
3.076179594700391373e+00 1.486693630244423142e-03
3.086179594700391160e+00 1.486197403097941610e-03
3.096179594700390947e+00 1.485699815320695120e-03
3.106179594700390734e+00 1.485200869931685170e-03
3.116179594700390521e+00 1.484700569971653897e-03
3.126179594700390307e+00 1.484198918503237385e-03
3.136179594700390094e+00 1.483695918611120917e-03
3.146179594700389881e+00 1.483191573402193155e-03
3.156179594700389668e+00 1.482685886005701394e-03
3.166179594700389455e+00 1.482178859573408773e-03
3.176179594700389242e+00 1.481670497279749315e-03
3.186179594700389028e+00 1.481160802321986438e-03
3.196179594700388815e+00 1.480649777920368861e-03
3.206179594700388602e+00 1.480137427318289770e-03
3.216179594700388389e+00 1.479623753782444455e-03
3.226179594700388176e+00 1.479108760602989691e-03
3.236179594700387963e+00 1.478592451093702249e-03
3.246179594700387749e+00 1.478074828592139574e-03
3.256179594700387536e+00 1.477555896459798292e-03
3.266179594700387323e+00 1.477035658082276413e-03
3.276179594700387110e+00 1.476514116869432919e-03
3.286179594700386897e+00 1.475991276255548233e-03
3.296179594700386684e+00 1.475467139699487493e-03
3.306179594700386470e+00 1.474941710684860149e-03
3.316179594700386257e+00 1.474414992720183247e-03
3.326179594700386044e+00 1.473886989339043621e-03
3.336179594700385831e+00 1.473357704100259225e-03
3.346179594700385618e+00 1.472827140588043064e-03
3.356179594700385405e+00 1.472295302412164955e-03
3.366179594700385191e+00 1.471762193208115245e-03
3.376179594700384978e+00 1.471227816637268090e-03
3.386179594700384765e+00 1.470692176387044083e-03
3.396179594700384552e+00 1.470155276171074407e-03
3.406179594700384339e+00 1.469617119729363678e-03
3.416179594700384126e+00 1.469077710828454314e-03
3.426179594700383912e+00 1.468537053261589377e-03
3.436179594700383699e+00 1.467995150848876726e-03
3.446179594700383486e+00 1.467452007437452730e-03
3.456179594700383273e+00 1.466907626901645329e-03
3.466179594700383060e+00 1.466362013143138405e-03
3.476179594700382847e+00 1.465815170091134623e-03
3.486179594700382633e+00 1.465267101701660897e-03
3.496179594700382420e+00 1.464717811773170097e-03
3.506179594700382207e+00 1.464167303733398835e-03
3.516179594700381994e+00 1.463615580970218906e-03
3.526179594700381781e+00 1.463062646880875688e-03
3.536179594700381568e+00 1.462508504871969485e-03
3.546179594700381354e+00 1.461953158359436886e-03
3.556179594700381141e+00 1.461396610768530809e-03
3.566179594700380928e+00 1.460838865533799907e-03
3.576179594700380715e+00 1.460279926099068400e-03
3.586179594700380502e+00 1.459719795917413738e-03
3.596179594700380289e+00 1.459158478451144702e-03
3.606179594700380076e+00 1.458595977171779938e-03
3.616179594700379862e+00 1.458032295560023235e-03
3.626179594700379649e+00 1.457467437105740326e-03
3.636179594700379436e+00 1.456901405307935030e-03
3.646179594700379223e+00 1.456334203674723889e-03
3.656179594700379010e+00 1.455765835723310574e-03
3.666179594700378797e+00 1.455196304979960303e-03
3.676179594700378583e+00 1.454625614979973168e-03
3.686179594700378370e+00 1.454053769267657026e-03
3.696179594700378157e+00 1.453480771396299534e-03
3.706179594700377944e+00 1.452906624928140388e-03
3.716179594700377731e+00 1.452331333434342051e-03
3.726179594700377518e+00 1.451754900494961345e-03
3.736179594700377304e+00 1.451177329698918666e-03
3.746179594700377091e+00 1.450598624643967618e-03
3.756179594700376878e+00 1.450018788936665312e-03
3.766179594700376665e+00 1.449437826192339403e-03
3.776179594700376452e+00 1.448855740035057084e-03
3.786179594700376239e+00 1.448272534097592122e-03
3.796179594700376025e+00 1.447688212021392340e-03
3.806179594700375812e+00 1.447102777456545130e-03
3.816179594700375599e+00 1.446516234061744500e-03
3.826179594700375386e+00 1.445928585504255726e-03
3.836179594700375173e+00 1.445339835459880659e-03
3.846179594700374960e+00 1.444749987612921295e-03
3.856179594700374746e+00 1.444159045656145078e-03
3.866179594700374533e+00 1.443567013290746959e-03
3.876179594700374320e+00 1.442973894226312745e-03
3.886179594700374107e+00 1.442379692180781369e-03
3.896179594700373894e+00 1.441784410880407163e-03
3.906179594700373681e+00 1.441188054059720173e-03
3.916179594700373467e+00 1.440590625461488214e-03
3.926179594700373254e+00 1.439992128836676101e-03
3.936179594700373041e+00 1.439392567944406407e-03
3.946179594700372828e+00 1.438791946551918471e-03
3.956179594700372615e+00 1.438190268434527208e-03
3.966179594700372402e+00 1.437587537375581252e-03
3.976179594700372188e+00 1.436983757166421542e-03
3.986179594700371975e+00 1.436378931606338170e-03
3.996179594700371762e+00 1.435773064502527665e-03
4.006179594700371993e+00 1.435166159670048973e-03
4.016179594700371780e+00 1.434558220931780306e-03
4.026179594700371567e+00 1.433949252118374039e-03
4.036179594700371354e+00 1.433339257068211173e-03
4.046179594700371140e+00 1.432728239627357970e-03
4.056179594700370927e+00 1.432116203649517376e-03
4.066179594700370714e+00 1.431503152995985224e-03
4.076179594700370501e+00 1.430889091535601440e-03
4.086179594700370288e+00 1.430274023144704077e-03
4.096179594700370075e+00 1.429657951707080958e-03
4.106179594700369861e+00 1.429040881113921970e-03
4.116179594700369648e+00 1.428422815263770060e-03
4.126179594700369435e+00 1.427803758062472445e-03
4.136179594700369222e+00 1.427183713423130955e-03
4.146179594700369009e+00 1.426562685266052162e-03
4.156179594700368796e+00 1.425940677518697285e-03
4.166179594700368582e+00 1.425317694115630588e-03
4.176179594700368369e+00 1.424693738998469503e-03
4.186179594700368156e+00 1.424068816115831720e-03
4.196179594700367943e+00 1.423442929423282934e-03
4.206179594700367730e+00 1.422816082883286096e-03
4.216179594700367517e+00 1.422188280465146561e-03
4.226179594700367304e+00 1.421559526144959389e-03
4.236179594700367090e+00 1.420929823905556222e-03
4.246179594700366877e+00 1.420299177736449774e-03
4.256179594700366664e+00 1.419667591633780920e-03
4.266179594700366451e+00 1.419035069600261883e-03
4.276179594700366238e+00 1.418401615645122245e-03
4.286179594700366025e+00 1.417767233784052346e-03
4.296179594700365811e+00 1.417131928039147342e-03
4.306179594700365598e+00 1.416495702438850830e-03
4.316179594700365385e+00 1.415858561017897376e-03
4.326179594700365172e+00 1.415220507817255280e-03
4.336179594700364959e+00 1.414581546884069105e-03
4.346179594700364746e+00 1.413941682271601351e-03
4.356179594700364532e+00 1.413300918039173473e-03
4.366179594700364319e+00 1.412659258252107770e-03
4.376179594700364106e+00 1.412016706981667315e-03
4.386179594700363893e+00 1.411373268304996764e-03
4.396179594700363680e+00 1.410728946305062504e-03
4.406179594700363467e+00 1.410083745070591721e-03
4.416179594700363253e+00 1.409437668696011904e-03
4.426179594700363040e+00 1.408790721281389475e-03
4.436179594700362827e+00 1.408142906932369079e-03
4.446179594700362614e+00 1.407494229760110913e-03
4.456179594700362401e+00 1.406844693881228710e-03
4.466179594700362188e+00 1.406194303417727725e-03
4.476179594700361974e+00 1.405543062496941416e-03
4.486179594700361761e+00 1.404890975251468343e-03
4.496179594700361548e+00 1.404238045819108417e-03
4.506179594700361335e+00 1.403584278342799585e-03
4.516179594700361122e+00 1.402929676970552774e-03
4.526179594700360909e+00 1.402274245855388794e-03
4.536179594700360695e+00 1.401617989155271547e-03
4.546179594700360482e+00 1.400960911033044716e-03
4.556179594700360269e+00 1.400303015656364971e-03
4.566179594700360056e+00 1.399644307197636705e-03
4.576179594700359843e+00 1.398984789833945894e-03
4.586179594700359630e+00 1.398324467746993966e-03
4.596179594700359416e+00 1.397663345123030358e-03
4.606179594700359203e+00 1.397001426152786165e-03
4.616179594700358990e+00 1.396338715031406703e-03
4.626179594700358777e+00 1.395675215958383421e-03
4.636179594700358564e+00 1.395010933137487115e-03
4.646179594700358351e+00 1.394345870776698320e-03
4.656179594700358138e+00 1.393680033088139873e-03
4.666179594700357924e+00 1.393013424288008176e-03
4.676179594700357711e+00 1.392346048596503809e-03
4.686179594700357498e+00 1.391677910237762135e-03
4.696179594700357285e+00 1.391009013439784350e-03
4.706179594700357072e+00 1.390339362434367225e-03
4.716179594700356859e+00 1.389668961457033499e-03
4.726179594700356645e+00 1.388997814746960541e-03
4.736179594700356432e+00 1.388325926546911393e-03
4.746179594700356219e+00 1.387653301103162996e-03
4.756179594700356006e+00 1.386979942665434416e-03
4.766179594700355793e+00 1.386305855486817673e-03
4.776179594700355580e+00 1.385631043823703796e-03
4.786179594700355366e+00 1.384955511935713219e-03
4.796179594700355153e+00 1.384279264085622272e-03
4.806179594700354940e+00 1.383602304539291407e-03
4.816179594700354727e+00 1.382924637565593421e-03
4.826179594700354514e+00 1.382246267436340170e-03
4.836179594700354301e+00 1.381567198426209486e-03
4.846179594700354087e+00 1.380887434812672976e-03
4.856179594700353874e+00 1.380206980875922293e-03
4.866179594700353661e+00 1.379525840898795193e-03
4.876179594700353448e+00 1.378844019166702893e-03
4.886179594700353235e+00 1.378161519967555483e-03
4.896179594700353022e+00 1.377478347591688194e-03
4.906179594700352808e+00 1.376794506331787240e-03
4.916179594700352595e+00 1.376110000482815010e-03
4.926179594700352382e+00 1.375424834341935909e-03
4.936179594700352169e+00 1.374739012208441762e-03
4.946179594700351956e+00 1.374052538383676355e-03
4.956179594700351743e+00 1.373365417170961059e-03
4.966179594700351529e+00 1.372677652875518503e-03
4.976179594700351316e+00 1.371989249804398412e-03
4.986179594700351103e+00 1.371300212266401714e-03
4.996179594700350890e+00 1.370610544572004215e-03
5.006179594700350677e+00 1.369920251033281784e-03
5.016179594700350464e+00 1.369229335963833378e-03
5.026179594700350250e+00 1.368537803678705799e-03
5.036179594700350037e+00 1.367845658494316928e-03
5.046179594700349824e+00 1.367152904728379838e-03
5.056179594700349611e+00 1.366459546699825807e-03
5.066179594700349398e+00 1.365765588728727999e-03
5.076179594700349185e+00 1.365071035136224912e-03
5.086179594700348972e+00 1.364375890244442970e-03
5.096179594700348758e+00 1.363680158376420846e-03
5.106179594700348545e+00 1.362983843856030745e-03
5.116179594700348332e+00 1.362286951007902949e-03
5.126179594700348119e+00 1.361589484157347315e-03
5.136179594700347906e+00 1.360891447630276736e-03
5.146179594700347693e+00 1.360192845753129725e-03
5.156179594700347479e+00 1.359493682852792353e-03
5.166179594700347266e+00 1.358793963256521922e-03
5.176179594700347053e+00 1.358093691291867603e-03
5.186179594700346840e+00 1.357392871286594973e-03
5.196179594700346627e+00 1.356691507568606216e-03
5.206179594700346414e+00 1.355989604465863366e-03
5.216179594700346200e+00 1.355287166306310895e-03
5.226179594700345987e+00 1.354584197417796777e-03
5.236179594700345774e+00 1.353880702127995082e-03
5.246179594700345561e+00 1.353176684764328128e-03
5.256179594700345348e+00 1.352472149653888419e-03
5.266179594700345135e+00 1.351767101123360583e-03
5.276179594700344921e+00 1.351061543498942655e-03
5.286179594700344708e+00 1.350355481106269538e-03
5.296179594700344495e+00 1.349648918270333203e-03
5.306179594700344282e+00 1.348941859315405493e-03
5.316179594700344069e+00 1.348234308564960279e-03
5.326179594700343856e+00 1.347526270341594095e-03
5.336179594700343642e+00 1.346817748966949377e-03
5.346179594700343429e+00 1.346108748761635533e-03
5.356179594700343216e+00 1.345399274045150882e-03
5.366179594700343003e+00 1.344689329135804806e-03
5.376179594700342790e+00 1.343978918350639470e-03
5.386179594700342577e+00 1.343268046005351981e-03
5.396179594700342363e+00 1.342556716414215669e-03
5.406179594700342150e+00 1.341844933890002679e-03
5.416179594700341937e+00 1.341132702743906124e-03
5.426179594700341724e+00 1.340420027285461370e-03
5.436179594700341511e+00 1.339706911822468845e-03
5.446179594700341298e+00 1.338993360660915974e-03
5.456179594700341084e+00 1.338279378104898680e-03
5.466179594700340871e+00 1.337564968456544847e-03
5.476179594700340658e+00 1.339315807845682920e-03
5.486179594700340445e+00 1.343352236238871261e-03
5.496179594700340232e+00 1.347391002109267488e-03
5.506179594700340019e+00 1.351432081227179564e-03
5.516179594700339806e+00 1.355475449376214708e-03
5.526179594700339592e+00 1.359521082353715464e-03
5.536179594700339379e+00 1.363568955971196633e-03
5.546179594700339166e+00 1.367619046054780255e-03
5.556179594700338953e+00 1.371671328445630590e-03
5.566179594700338740e+00 1.375725779000389537e-03
5.576179594700338527e+00 1.379782373591609008e-03
5.586179594700338313e+00 1.383841088108186783e-03
5.596179594700338100e+00 1.387901898455796285e-03
5.606179594700337887e+00 1.391964780557321344e-03
5.616179594700337674e+00 1.396029710353285979e-03
5.626179594700337461e+00 1.400096663802286989e-03
5.636179594700337248e+00 1.404165616881421566e-03
5.646179594700337034e+00 1.408236545586719676e-03
5.656179594700336821e+00 1.412309425933569711e-03
5.666179594700336608e+00 1.416384233957148926e-03
5.676179594700336395e+00 1.420460945712848869e-03
5.686179594700336182e+00 1.424539537276701918e-03
5.696179594700335969e+00 1.428619984745808230e-03
5.706179594700335755e+00 1.432702264238757284e-03
5.716179594700335542e+00 1.436786351896055490e-03
5.726179594700335329e+00 1.440872223880545772e-03
5.736179594700335116e+00 1.444959856377830195e-03
5.746179594700334903e+00 1.449049225596692365e-03
5.756179594700334690e+00 1.453140307769515719e-03
5.766179594700334476e+00 1.457233079152702891e-03
5.776179594700334263e+00 1.461327516027093997e-03
5.786179594700334050e+00 1.465423594698383623e-03
5.796179594700333837e+00 1.469521291497536287e-03
5.806179594700333624e+00 1.473620582781201690e-03
5.816179594700333411e+00 1.477721444932127582e-03
5.826179594700333197e+00 1.481823854359573056e-03
5.836179594700332984e+00 1.485927787499720116e-03
5.846179594700332771e+00 1.490033220816083716e-03
5.856179594700332558e+00 1.494140130799920295e-03
5.866179594700332345e+00 1.498248493970636081e-03
5.876179594700332132e+00 1.502358286876194320e-03
5.886179594700331918e+00 1.506469486093519683e-03
5.896179594700331705e+00 1.510582068228903327e-03
5.906179594700331492e+00 1.514696009918405127e-03
5.916179594700331279e+00 1.518811287828255273e-03
5.926179594700331066e+00 1.522927878655255200e-03
5.936179594700330853e+00 1.527045759127175712e-03
5.946179594700330640e+00 1.531164906003154884e-03
5.956179594700330426e+00 1.535285296074094009e-03
5.966179594700330213e+00 1.539406906163053338e-03
5.976179594700330000e+00 1.543529713125643254e-03
5.986179594700329787e+00 1.547653693850418706e-03
5.996179594700329574e+00 1.551778825259267575e-03
6.006179594700329361e+00 1.555905084307800980e-03
6.016179594700329147e+00 1.560032447985740560e-03
6.026179594700328934e+00 1.564160893317303362e-03
6.036179594700328721e+00 1.568290397361587606e-03
6.046179594700328508e+00 1.572420937212955184e-03
6.056179594700328295e+00 1.576552490001412220e-03
6.066179594700328082e+00 1.580685032892989623e-03
6.076179594700327868e+00 1.584818543089894010e-03
6.086179594700327655e+00 1.588952997711234622e-03
6.096179594700327442e+00 1.593088373507459653e-03
6.106179594700327229e+00 1.597224647130936464e-03
6.116179594700327016e+00 1.601361795206648290e-03
6.126179594700326803e+00 1.605499794332030739e-03
6.136179594700326589e+00 1.609638621076810898e-03
6.146179594700326376e+00 1.613778251982853160e-03
6.156179594700326163e+00 1.617918663564009603e-03
6.166179594700325950e+00 1.622059832305973621e-03
6.176179594700325737e+00 1.626201734666142019e-03
6.186179594700325524e+00 1.630344347073478181e-03
6.196179594700325310e+00 1.634487645928383269e-03
6.206179594700325097e+00 1.638631607602571323e-03
6.216179594700324884e+00 1.642776208438949566e-03
6.226179594700324671e+00 1.646921424751504560e-03
6.236179594700324458e+00 1.651067232825192271e-03
6.246179594700324245e+00 1.655213608915834418e-03
6.256179594700324031e+00 1.659360529250019809e-03
6.266179594700323818e+00 1.663507970025011320e-03
6.276179594700323605e+00 1.667655907408657637e-03
6.286179594700323392e+00 1.671804317539310426e-03
6.296179594700323179e+00 1.675953176525747136e-03
6.306179594700322966e+00 1.680102460447099443e-03
6.316179594700322752e+00 1.684252145352787330e-03
6.326179594700322539e+00 1.688402207262456635e-03
6.336179594700322326e+00 1.692552622165925712e-03
6.346179594700322113e+00 1.696703366023134471e-03
6.356179594700321900e+00 1.700854414764100360e-03
6.366179594700321687e+00 1.705005744288879983e-03
6.376179594700321474e+00 1.709157330467537010e-03
6.386179594700321260e+00 1.713309149140112685e-03
6.396179594700321047e+00 1.717461176116606963e-03
6.406179594700320834e+00 1.721613387176960941e-03
6.416179594700320621e+00 1.725765758071047106e-03
6.426179594700320408e+00 1.729918264518665863e-03
6.436179594700320195e+00 1.734070882209546400e-03
6.446179594700319981e+00 1.738223586803354500e-03
6.456179594700319768e+00 1.742376353929705763e-03
6.466179594700319555e+00 1.746529159188184039e-03
6.476179594700319342e+00 1.750681978148368101e-03
6.486179594700319129e+00 1.754834786349861349e-03
6.496179594700318916e+00 1.758987559302329544e-03
6.506179594700318702e+00 1.763140272485543740e-03
6.516179594700318489e+00 1.767292901349429290e-03
6.526179594700318276e+00 1.771445421314121142e-03
6.536179594700318063e+00 1.775597807770024983e-03
6.546179594700317850e+00 1.779750036077884685e-03
6.556179594700317637e+00 1.783902081568855590e-03
6.566179594700317423e+00 1.788053919544584308e-03
6.576179594700317210e+00 1.792205525277294157e-03
6.586179594700316997e+00 1.796356874009877747e-03
6.596179594700316784e+00 1.800507940955994781e-03
6.606179594700316571e+00 1.804658701300176568e-03
6.616179594700316358e+00 1.808809130197936831e-03
6.626179594700316144e+00 1.812959202775888366e-03
6.636179594700315931e+00 1.817108894131866641e-03
6.646179594700315718e+00 1.821258179335059468e-03
6.656179594700315505e+00 1.825407033426142741e-03
6.666179594700315292e+00 1.829555431417423340e-03
6.676179594700315079e+00 1.833703348292986361e-03
6.686179594700314865e+00 1.837850759008852111e-03
6.696179594700314652e+00 1.841997638493136132e-03
6.706179594700314439e+00 1.846143961646218128e-03
6.716179594700314226e+00 1.850289703340915427e-03
6.726179594700314013e+00 1.854434838422664919e-03
6.736179594700313800e+00 1.858579341709709100e-03
6.746179594700313586e+00 1.862723187993291446e-03
6.756179594700313373e+00 1.866866352037855259e-03
6.766179594700313160e+00 1.871008808581251176e-03
6.776179594700312947e+00 1.875150532334950984e-03
6.786179594700312734e+00 1.879291497984266618e-03
6.796179594700312521e+00 1.883431680188576984e-03
6.806179594700312308e+00 1.887571053581561711e-03
6.816179594700312094e+00 1.891709592771439888e-03
6.826179594700311881e+00 1.895847272341217053e-03
6.836179594700311668e+00 1.899984066848936720e-03
6.846179594700311455e+00 1.904119950827941896e-03
6.856179594700311242e+00 1.908254898787138751e-03
6.866179594700311029e+00 1.912388885211271797e-03
6.876179594700310815e+00 1.916521884561200569e-03
6.886179594700310602e+00 1.920653871274188027e-03
6.896179594700310389e+00 1.924784819764191555e-03
6.906179594700310176e+00 1.928914704422162634e-03
6.916179594700309963e+00 1.933043499616352587e-03
6.926179594700309750e+00 1.937171179692625915e-03
6.936179594700309536e+00 1.941279008124188136e-03
6.946179594700309323e+00 1.945252080915311089e-03
6.956179594700309110e+00 1.949224005508923881e-03
6.966179594700308897e+00 1.953194757114882184e-03
6.976179594700308684e+00 1.957164310923081504e-03
6.986179594700308471e+00 1.961132642103797629e-03
6.996179594700308257e+00 1.965099725808032265e-03
7.006179594700308044e+00 1.969065537167864754e-03
7.016179594700307831e+00 1.973030051296812033e-03
7.026179594700307618e+00 1.976993243290193353e-03
7.036179594700307405e+00 1.980955088225500645e-03
7.046179594700307192e+00 1.984915561162778428e-03
7.056179594700306978e+00 1.988874637145006743e-03
7.066179594700306765e+00 1.992832291198492773e-03
7.076179594700306552e+00 1.996788498333267655e-03
7.086179594700306339e+00 2.000743233543489374e-03
7.096179594700306126e+00 2.004696471807853458e-03
7.106179594700305913e+00 2.008648188090009310e-03
7.116179594700305699e+00 2.012598357338982180e-03
7.126179594700305486e+00 2.016546954489602077e-03
7.136179594700305273e+00 2.020493954462938748e-03
7.146179594700305060e+00 2.024439332166744036e-03
7.156179594700304847e+00 2.028383062495899870e-03
7.166179594700304634e+00 2.032325120332871028e-03
7.176179594700304420e+00 2.036265480548166140e-03
7.186179594700304207e+00 2.040204118000804329e-03
7.196179594700303994e+00 2.044141007538787923e-03
7.206179594700303781e+00 2.048076123999582540e-03
7.216179594700303568e+00 2.052009442210601074e-03
7.226179594700303355e+00 2.055940936989694191e-03
7.236179594700303142e+00 2.059870583145651229e-03
7.246179594700302928e+00 2.063798355478700663e-03
7.256179594700302715e+00 2.067724228781021422e-03
7.266179594700302502e+00 2.071648177837258527e-03
7.276179594700302289e+00 2.075570177425044814e-03
7.286179594700302076e+00 2.079490202315529591e-03
7.296179594700301863e+00 2.083408227273912498e-03
7.306179594700301649e+00 2.087324227059983005e-03
7.316179594700301436e+00 2.091238176428666853e-03
7.326179594700301223e+00 2.095150050130578558e-03
7.336179594700301010e+00 2.099059822912577398e-03
7.346179594700300797e+00 2.102967469518334225e-03
7.356179594700300584e+00 2.106872964688897426e-03
7.366179594700300370e+00 2.110776283163271014e-03
7.376179594700300157e+00 2.114677399678995331e-03
7.386179594700299944e+00 2.118576288972732515e-03
7.396179594700299731e+00 2.122472925780861074e-03
7.406179594700299518e+00 2.126367284840073070e-03
7.416179594700299305e+00 2.130259340887978234e-03
7.426179594700299091e+00 2.134149068663715020e-03
7.436179594700298878e+00 2.138036442908562533e-03
7.446179594700298665e+00 2.141921438366564592e-03
7.456179594700298452e+00 2.145804029785154231e-03
7.466179594700298239e+00 2.149684191915785577e-03
7.476179594700298026e+00 2.153561899514570919e-03
7.486179594700297812e+00 2.157437127342923863e-03
7.496179594700297599e+00 2.161309850168205947e-03
7.506179594700297386e+00 2.165180042764380201e-03
7.516179594700297173e+00 2.169047679912670338e-03
7.526179594700296960e+00 2.172912736402222555e-03
7.536179594700296747e+00 2.176775187030775566e-03
7.546179594700296533e+00 2.180635006605333680e-03
7.556179594700296320e+00 2.184492169942845504e-03
7.566179594700296107e+00 2.188346651870888299e-03
7.576179594700295894e+00 2.192198427228356662e-03
7.586179594700295681e+00 2.196047470866155545e-03
7.596179594700295468e+00 2.199893757647898920e-03
7.606179594700295254e+00 2.203737262450614076e-03
7.616179594700295041e+00 2.207577960165448949e-03
7.626179594700294828e+00 2.211415825698383793e-03
7.636179594700294615e+00 2.215250833970950663e-03
7.646179594700294402e+00 2.219082959932423306e-03
7.656179594700294189e+00 2.222912178799859532e-03
7.666179594700293976e+00 2.226738466019547412e-03
7.676179594700293762e+00 2.230561796996718450e-03
7.686179594700293549e+00 2.234382147084490889e-03
7.696179594700293336e+00 2.238199491584553190e-03
7.706179594700293123e+00 2.242013805747863995e-03
7.716179594700292910e+00 2.245825064775369868e-03
7.726179594700292697e+00 2.249633243818735615e-03
7.736179594700292483e+00 2.253438317981093248e-03
7.746179594700292270e+00 2.257240262317805266e-03
7.756179594700292057e+00 2.261039051837241808e-03
7.766179594700291844e+00 2.264834661501579065e-03
7.776179594700291631e+00 2.268627066227605054e-03
7.786179594700291418e+00 2.272416240887548816e-03
7.796179594700291204e+00 2.276202160309920459e-03
7.806179594700290991e+00 2.279984799280365508e-03
7.816179594700290778e+00 2.283764132542540071e-03
7.826179594700290565e+00 2.287540134798995116e-03
7.836179594700290352e+00 2.291312780712078528e-03
7.846179594700290139e+00 2.295082044904853645e-03
7.856179594700289925e+00 2.298847901962029934e-03
7.866179594700289712e+00 2.302610326430909720e-03
7.876179594700289499e+00 2.306369292822350956e-03
7.886179594700289286e+00 2.310124775611741704e-03
7.896179594700289073e+00 2.313876749239992831e-03
7.906179594700288860e+00 2.317625188114542847e-03
7.916179594700288646e+00 2.321370066610378355e-03
7.926179594700288433e+00 2.315304335418788030e-03
7.936179594700288220e+00 2.288125586740824991e-03
7.946179594700288007e+00 2.260973287891441478e-03
7.956179594700287794e+00 2.233847626072003878e-03
7.966179594700287581e+00 2.206748788681225058e-03
7.976179594700287367e+00 2.179676963307136933e-03
7.986179594700287154e+00 2.152632337718960245e-03
7.996179594700286941e+00 2.125615099858874178e-03
8.006179594700286728e+00 2.098625437833688372e-03
8.016179594700286515e+00 2.071663539906419983e-03
8.026179594700286302e+00 2.044729594487773149e-03
8.036179594700286088e+00 2.017823790127521756e-03
8.046179594700285875e+00 1.990946315505798953e-03
8.056179594700285662e+00 1.964097359424296033e-03
8.066179594700285449e+00 1.937277110797364608e-03
8.076179594700285236e+00 1.910485758643026832e-03
8.086179594700285023e+00 1.883723492073900631e-03
8.096179594700284810e+00 1.856990500288029956e-03
8.106179594700284596e+00 1.830286972559630031e-03
8.116179594700284383e+00 1.803613098229743267e-03
8.126179594700284170e+00 1.776969066696808871e-03
8.136179594700283957e+00 1.750355067407149186e-03
8.146179594700283744e+00 1.723771289845369304e-03
8.156179594700283531e+00 1.697217923524678602e-03
8.166179594700283317e+00 1.670695157977122956e-03
8.176179594700283104e+00 1.644203182743742778e-03
8.186179594700282891e+00 1.617742187364651276e-03
8.196179594700282678e+00 1.591312361369028776e-03
8.206179594700282465e+00 1.564913894265048105e-03
8.216179594700282252e+00 1.538546975529717564e-03
8.226179594700282038e+00 1.512211794598653652e-03
8.236179594700281825e+00 1.485908540855780061e-03
8.246179594700281612e+00 1.459637403622952943e-03
8.256179594700281399e+00 1.433398572149517658e-03
8.266179594700281186e+00 1.407192235601795269e-03
8.276179594700280973e+00 1.381018583052503546e-03
8.286179594700280759e+00 1.354877803470106844e-03
8.296179594700280546e+00 1.328770085708107663e-03
8.306179594700280333e+00 1.302695618494267502e-03
8.316179594700280120e+00 1.276654590419771130e-03
8.326179594700279907e+00 1.250647189928329054e-03
8.336179594700279694e+00 1.224673605305218616e-03
8.346179594700279480e+00 1.198734024666268938e-03
8.356179594700279267e+00 1.172828635946788827e-03
8.366179594700279054e+00 1.146957626890443083e-03
8.376179594700278841e+00 1.121121185038071767e-03
8.386179594700278628e+00 1.095319497716459823e-03
8.396179594700278415e+00 1.069552752027055085e-03
8.406179594700278201e+00 1.043821134834642048e-03
8.416179594700277988e+00 1.018124832755963171e-03
8.426179594700277775e+00 9.924640321482983227e-04
8.436179594700277562e+00 9.668389190980021617e-04
8.446179594700277349e+00 9.412496794089942470e-04
8.456179594700277136e+00 9.156964985912154293e-04
8.466179594700276922e+00 8.901795618490396808e-04
8.476179594700276709e+00 8.646990540696537254e-04
8.486179594700276496e+00 8.455481250603005513e-04
8.496179594700276283e+00 8.270656304111520833e-04
8.506179594700276070e+00 8.086100381790681680e-04
8.516179594700275857e+00 7.901814818529787846e-04
8.526179594700275644e+00 7.717800946484420924e-04
8.536179594700275430e+00 7.534060094990550557e-04
8.546179594700275217e+00 7.350593590478462884e-04
8.556179594700275004e+00 7.167402756386517674e-04
8.566179594700274791e+00 6.984488913074760183e-04
8.576179594700274578e+00 6.801853377738390979e-04
8.586179594700274365e+00 6.619497464321089401e-04
8.596179594700274151e+00 6.437422483428263285e-04
8.606179594700273938e+00 6.255629742240150165e-04
8.616179594700273725e+00 6.074120544424878353e-04
8.626179594700273512e+00 5.892896190051422848e-04
8.636179594700273299e+00 5.711957975502502706e-04
8.646179594700273086e+00 5.531307193387461057e-04
8.656179594700272872e+00 5.350945132455068145e-04
8.666179594700272659e+00 5.170873077506353641e-04
8.676179594700272446e+00 4.991092309307402098e-04
8.686179594700272233e+00 4.811604104502152190e-04
8.696179594700272020e+00 4.632409735525263726e-04
8.706179594700271807e+00 4.453510470514969477e-04
8.716179594700271593e+00 4.274907573225996391e-04
8.726179594700271380e+00 4.096602315893503490e-04
8.736179594700271167e+00 3.918596034348738907e-04
8.746179594700270954e+00 3.740890090234089485e-04
8.756179594700270741e+00 3.563485851998515058e-04
8.766179594700270528e+00 3.386384694683007611e-04
8.776179594700270314e+00 3.209587999727257974e-04
8.786179594700270101e+00 3.033097154774513525e-04
8.796179594700269888e+00 2.856913553474691955e-04
8.806179594700269675e+00 2.681038595285739168e-04
8.816179594700269462e+00 2.505473685273284980e-04
8.826179594700269249e+00 2.330220233908632135e-04
8.836179594700269035e+00 2.155279656865074285e-04
8.846179594700268822e+00 1.980653374812636465e-04
8.856179594700268609e+00 1.806342813211198745e-04
8.866179594700268396e+00 1.632349402102103086e-04
8.876179594700268183e+00 1.458674575898221987e-04
8.886179594700267970e+00 1.285319773172569416e-04
8.896179594700267756e+00 1.112286436445463926e-04
8.906179594700267543e+00 9.395760119702813650e-05
8.916179594700267330e+00 7.671899495178282041e-05
8.926179594700267117e+00 5.951297021594275120e-05
8.936179594700266904e+00 4.233967260486469681e-05
8.946179594700266691e+00 2.519924802018369284e-05
8.956179594700266478e+00 4.127264105648249543e-05
8.966179594700266264e+00 6.142409875269929601e-05
8.976179594700266051e+00 8.153624049957012860e-05
8.986179594700265838e+00 1.016088930105814910e-04
8.996179594700265625e+00 1.216418827929258064e-04
9.006179594700265412e+00 1.416350361741915533e-04
9.016179594700265199e+00 1.615881793291682128e-04
9.026179594700264985e+00 1.815011383067607204e-04
9.036179594700264772e+00 2.013737390570047477e-04
9.046179594700264559e+00 2.212058074581820574e-04
9.056179594700264346e+00 2.409971693440259542e-04
9.066179594700264133e+00 2.607476505310142318e-04
9.076179594700263920e+00 2.804570768457459277e-04
9.086179594700263706e+00 3.001252741523887692e-04
9.096179594700263493e+00 3.197520683802017533e-04
9.106179594700263280e+00 3.393372855511176843e-04
9.116179594700263067e+00 3.588807518073894613e-04
9.126179594700262854e+00 3.783822934392816863e-04
9.136179594700262641e+00 3.978417369128172407e-04
9.146179594700262427e+00 4.172589088975572555e-04
9.156179594700262214e+00 4.366336362944218475e-04
9.166179594700262001e+00 4.559657462635354668e-04
9.176179594700261788e+00 4.752550662520977774e-04
9.186179594700261575e+00 4.945014240222691745e-04
9.196179594700261362e+00 5.137046476790664389e-04
9.206179594700261148e+00 5.328645656982650049e-04
9.216179594700260935e+00 5.519810069542968383e-04
9.226179594700260722e+00 5.710538007481402896e-04
9.236179594700260509e+00 5.900827768351961248e-04
9.246179594700260296e+00 6.090677654531403539e-04
9.256179594700260083e+00 6.280085973497527736e-04
9.266179594700259869e+00 6.469051038107081044e-04
9.276179594700259656e+00 6.657571166873298314e-04
9.286179594700259443e+00 6.845644684242940640e-04
9.296179594700259230e+00 7.033269920872831961e-04
9.306179594700259017e+00 7.220445213905778755e-04
9.316179594700258804e+00 7.407168907245822954e-04
9.326179594700258590e+00 7.593439351832784699e-04
9.336179594700258377e+00 7.779254905915986527e-04
9.346179594700258164e+00 7.964613935327144890e-04
9.356179594700257951e+00 8.149514813752312993e-04
9.366179594700257738e+00 8.333955923002843522e-04
9.376179594700257525e+00 8.517935653285297519e-04
9.386179594700257312e+00 8.701452403470228943e-04
9.396179594700257098e+00 8.794402736435995294e-04
9.406179594700256885e+00 8.872724127581175461e-04
9.416179594700256672e+00 8.950844883582977952e-04
9.426179594700256459e+00 9.028764333635387867e-04
9.436179594700256246e+00 9.106481811217154035e-04
9.446179594700256033e+00 9.183996654203606044e-04
9.456179594700255819e+00 9.261308204977807728e-04
9.466179594700255606e+00 9.338415810540999420e-04
9.476179594700255393e+00 9.415318822622309458e-04
9.486179594700255180e+00 9.492016597701826005e-04
9.496179594700254967e+00 9.568508449739139467e-04
9.506179594700254754e+00 9.644793542427506586e-04
9.516179594700254540e+00 9.720871006921521585e-04
9.526179594700254327e+00 9.796739971782747643e-04
9.536179594700254114e+00 9.872399563277795519e-04
9.546179594700253901e+00 9.947848905676659123e-04
9.556179594700253688e+00 1.002308712155122348e-03
9.566179594700253475e+00 1.009811333207388112e-03
9.576179594700253261e+00 1.017292665731615820e-03
9.586179594700253048e+00 1.024752621654729298e-03
9.596179594700252835e+00 1.032191112853266023e-03
9.606179594700252622e+00 1.039608051183197896e-03
9.616179594700252409e+00 1.047003348509722726e-03
9.626179594700252196e+00 1.054376916737013222e-03
9.636179594700251982e+00 1.061728667837921096e-03
9.646179594700251769e+00 1.069058513883624573e-03
9.656179594700251556e+00 1.076366367073209977e-03
9.666179594700251343e+00 1.083652139763180032e-03
9.676179594700251130e+00 1.090915744496879320e-03
9.686179594700250917e+00 1.098157094033829981e-03
9.696179594700250703e+00 1.105376101378964179e-03
9.706179594700250490e+00 1.112572679811749468e-03
9.716179594700250277e+00 1.119746742915195530e-03
9.726179594700250064e+00 1.126898204604731470e-03
9.736179594700249851e+00 1.134026979156949749e-03
9.746179594700249638e+00 1.136824791346022386e-03
9.756179594700249424e+00 1.128618478997964625e-03
9.766179594700249211e+00 1.120438746373916957e-03
9.776179594700248998e+00 1.112285690787176125e-03
9.786179594700248785e+00 1.104159408968850278e-03
9.796179594700248572e+00 1.096059997035731242e-03
9.806179594700248359e+00 1.087987550458397942e-03
9.816179594700248146e+00 1.079942164029563121e-03
9.826179594700247932e+00 1.071923931832672455e-03
9.836179594700247719e+00 1.063932947210768877e-03
9.846179594700247506e+00 1.055969302735629235e-03
9.856179594700247293e+00 1.048033090177186762e-03
9.866179594700247080e+00 1.040124400473247139e-03
9.876179594700246867e+00 1.032243323699510735e-03
9.886179594700246653e+00 1.024389949039907974e-03
9.896179594700246440e+00 1.016564364757261037e-03
9.906179594700246227e+00 1.008766658164280804e-03
9.916179594700246014e+00 1.000996915594905756e-03
9.926179594700245801e+00 9.932552223759988710e-04
9.936179594700245588e+00 9.855416627994057887e-04
9.946179594700245374e+00 9.778563200943865812e-04
9.956179594700245161e+00 9.701992764004314452e-04
9.966179594700244948e+00 9.625706127404668128e-04
9.976179594700244735e+00 9.549704089944624020e-04
9.986179594700244522e+00 9.473987438734478772e-04
9.996179594700244309e+00 9.398556948939482299e-04
1.000617959470024410e+01 9.323413383528447078e-04
1.001617959470024388e+01 9.248557493026714855e-04
1.002617959470024367e+01 9.163029974892897582e-04
1.003617959470024346e+01 9.072636078530618882e-04
1.004617959470024324e+01 8.982595000156951828e-04
1.005617959470024303e+01 8.892908393531653594e-04
1.006617959470024282e+01 8.803578248841460296e-04
1.007617959470024260e+01 8.714606514221355342e-04
1.008617959470024239e+01 8.625995092127727772e-04
1.009617959470024218e+01 8.537745839233929976e-04
1.010617959470024196e+01 8.449860566339842220e-04
1.011617959470024175e+01 8.362341038295430977e-04
1.012617959470024154e+01 8.275188973938202384e-04
1.013617959470024132e+01 8.188406046044517227e-04
1.014617959470024111e+01 8.101993881294676384e-04
1.015617959470024090e+01 8.015954060251694307e-04
1.016617959470024068e+01 7.930288117353674919e-04
1.017617959470024047e+01 7.844997540919698828e-04
1.018617959470024026e+01 7.760083773169097190e-04
1.019617959470024005e+01 7.675548210254024397e-04
1.020617959470023983e+01 7.591392202305202730e-04
1.021617959470023962e+01 7.507617053490702385e-04
1.022617959470023941e+01 7.424224022087650603e-04
1.023617959470023919e+01 7.341214320566704027e-04
1.024617959470023898e+01 7.260912266262557367e-04
1.025617959470023877e+01 7.185936590477892249e-04
1.026617959470023855e+01 7.111313453010410617e-04
1.027617959470023834e+01 7.037043793194033446e-04
1.028617959470023813e+01 6.963128509157155309e-04
1.029617959470023791e+01 6.889568457966609074e-04
1.030617959470023770e+01 6.816364455782257959e-04
1.031617959470023749e+01 6.743517278022031700e-04
1.032617959470023727e+01 6.671027659537255051e-04
1.033617959470023706e+01 6.598896294798085394e-04
1.034617959470023685e+01 6.527123838088881623e-04
1.035617959470023663e+01 6.455710903713322195e-04
1.036617959470023642e+01 6.384658066209084742e-04
1.037617959470023621e+01 6.313965860571912718e-04
1.038617959470023600e+01 6.243634782488848966e-04
1.039617959470023578e+01 6.173665288580475760e-04
1.040617959470023557e+01 6.104057796651928209e-04
1.041617959470023536e+01 6.034812685952512966e-04
1.042617959470023514e+01 5.965930297443705664e-04
1.043617959470023493e+01 5.904696876805756115e-04
1.044617959470023472e+01 5.845843877554852443e-04
1.045617959470023450e+01 5.787305034825684187e-04
1.046617959470023429e+01 5.729081064990318266e-04
1.047617959470023408e+01 5.671172731663733221e-04
1.048617959470023386e+01 5.613580830634543094e-04
1.049617959470023365e+01 5.556306187210315398e-04
1.050617959470023344e+01 5.499349653592513825e-04
1.051617959470023322e+01 5.442712106281603467e-04
1.052617959470023301e+01 5.386394443512914840e-04
1.053617959470023280e+01 5.330397582723941105e-04
1.054617959470023258e+01 5.274722458053764541e-04
1.055617959470023237e+01 5.219370017875384201e-04
1.056617959470023216e+01 5.164341222361751435e-04
1.057617959470023195e+01 5.109637041086348072e-04
1.058617959470023173e+01 5.054361730007444304e-04
1.059617959470023152e+01 4.992223153648158709e-04
1.060617959470023131e+01 4.930461137836260983e-04
1.061617959470023109e+01 4.869076813674247405e-04
1.062617959470023088e+01 4.808071309911723153e-04
1.063617959470023067e+01 4.747445750447513253e-04
1.064617959470023045e+01 4.687201251879083235e-04
1.065617959470023024e+01 4.627338921100414412e-04
1.066617959470023003e+01 4.567859852949467309e-04
1.067617959470022981e+01 4.508765127906364076e-04
1.068617959470022960e+01 4.450055809843406597e-04
1.069617959470022939e+01 4.391732943828036747e-04
1.070617959470022917e+01 4.333797553979818634e-04
1.071617959470022896e+01 4.276250641382500490e-04
1.072617959470022875e+01 4.185103520183537326e-04
1.073617959470022853e+01 4.080141518854603182e-04
1.074617959470022832e+01 3.975903070395935858e-04
1.075617959470022811e+01 3.872389810428217760e-04
1.076617959470022790e+01 3.769603201482222459e-04
1.077617959470022768e+01 3.667544794382703401e-04
1.078617959470022747e+01 3.566216483357272809e-04
1.079617959470022726e+01 3.465620490734731157e-04
1.080617959470022704e+01 3.365759343104370504e-04
1.081617959470022683e+01 3.266635847804966902e-04
1.082617959470022662e+01 3.168253069738309201e-04
1.083617959470022640e+01 3.077436852372561764e-04
1.084617959470022619e+01 3.018761160236702393e-04
1.085617959470022598e+01 2.960540400462525774e-04
1.086617959470022576e+01 2.902776916509458528e-04
1.087617959470022555e+01 2.845473140561632485e-04
1.088617959470022534e+01 2.788631580690694605e-04
1.089617959470022512e+01 2.732254808236078041e-04
1.090617959470022491e+01 2.676345445410431090e-04
1.091617959470022470e+01 2.620906153138722076e-04
1.092617959470022448e+01 2.565939619140255386e-04
1.093617959470022427e+01 2.513333183957942277e-04
1.094617959470022406e+01 2.515557483525220268e-04
1.095617959470022384e+01 2.517761980566251873e-04
1.096617959470022363e+01 2.519946564678013021e-04
1.097617959470022342e+01 2.522111126643211926e-04
1.098617959470022321e+01 2.524255558449363455e-04
1.099617959470022299e+01 2.526379693236730862e-04
1.100617959470022278e+01 2.528483262834477045e-04
1.101617959470022257e+01 2.530566006563553130e-04
1.102617959470022235e+01 2.534025407738921482e-04
1.103617959470022214e+01 2.572011859946373141e-04
1.104617959470022193e+01 2.609598283111883086e-04
1.105617959470022171e+01 2.646781301460547566e-04
1.106617959470022150e+01 2.683557890338488525e-04
1.107617959470022129e+01 2.719925368233637366e-04
1.108617959470022107e+01 2.755881388512650175e-04
1.109617959470022086e+01 2.791423930908181611e-04
1.110617959470022065e+01 2.826890277991579172e-04
1.111617959470022043e+01 2.870826308846722219e-04
1.112617959470022022e+01 2.914233665331489027e-04
1.113617959470022001e+01 2.957111330032534727e-04
1.114617959470021979e+01 2.999458641443414537e-04
1.115617959470021958e+01 3.041274907396578509e-04
1.116617959470021937e+01 3.082556353960628137e-04
1.117617959470021916e+01 3.123297791890690314e-04
1.118617959470021894e+01 3.111704424233767332e-04
1.119617959470021873e+01 3.096201787469143852e-04
1.120617959470021852e+01 3.080915343094051801e-04
1.121617959470021830e+01 3.065846416013361781e-04
1.122617959470021809e+01 3.050996153575227777e-04
1.123617959470021788e+01 3.036365526518766591e-04
1.124617959470021766e+01 3.028922095684955049e-04
1.125617959470021745e+01 3.025155709454123128e-04
1.126617959470021724e+01 3.021448119381457990e-04
1.127617959470021702e+01 3.017799401013715444e-04
1.128617959470021681e+01 3.014209748299582895e-04
1.129617959470021660e+01 3.016848146768780214e-04
1.130617959470021638e+01 3.069024726444737538e-04
1.131617959470021617e+01 3.120291508188388803e-04
1.132617959470021596e+01 3.170643059568948956e-04
1.133617959470021574e+01 3.220074975853678425e-04
1.134617959470021553e+01 3.264374862219309413e-04
1.135617959470021532e+01 3.291193681457651793e-04
1.136617959470021511e+01 3.317490171324580478e-04
1.137617959470021489e+01 3.343264064189091305e-04
1.138617959470021468e+01 3.368513314658136090e-04
1.139617959470021447e+01 3.544982689545245246e-04
1.140617959470021425e+01 3.738375429294249616e-04
1.141617959470021404e+01 3.927487993210059241e-04
1.142617959470021383e+01 4.096894146965662309e-04
1.143617959470021361e+01 4.116848357708321506e-04
1.144617959470021340e+01 4.136326833857049447e-04
1.145617959470021319e+01 4.155330166721250460e-04
1.146617959470021297e+01 3.781898743957630643e-04
1.147617959470021276e+01 3.326334457315122312e-04
1.148617959470021255e+01 2.891935340709378454e-04
1.149617959470021233e+01 2.874230509022421948e-04
1.150617959470021212e+01 2.857028295105877515e-04
1.151617959470021191e+01 2.974905826752203284e-04
1.152617959470021169e+01 3.189269345036611697e-04
1.153617959470021148e+01 3.272437771582174565e-04
1.154617959470021127e+01 3.199916107259458283e-04
1.155617959470021106e+01 2.875294922965153117e-04
1.156617959470021084e+01 2.552227932232638101e-04
1.157617959470021063e+01 4.530150217096458798e-04
1.158617959470021042e+01 4.081710737044565249e-04
1.159617959470021020e+01 -1.236074947428071852e-04
1.160617959470020999e+01 -6.954492385804196368e-04
1.161617959470020978e+01 -1.459550230512596854e-03
1.162617959470020956e+01 -2.319453858295670613e-03
1.163617959470020935e+01 -2.196827319143508216e-03
1.164617959470020914e+01 -1.360366003690194857e-03
1.165617959470020892e+01 -7.099378993254941775e-04
1.166617959470020871e+01 -1.528388779537318259e-04
1.167617959470020850e+01 -1.923439601634845391e-04
1.168617959470020828e+01 -7.700433184963542763e-05
1.169617959470020807e+01 4.383387906041150833e-04
1.170617959470020786e+01 6.229805245328716478e-04
1.171617959470020764e+01 5.556614290280068513e-04
1.172617959470020743e+01 -4.612678764090603553e-04
1.173617959470020722e+01 -4.926813654847340788e-04
1.174617959470020701e+01 -1.386672150978518351e-04
1.175617959470020679e+01 3.232552438869614017e-04
1.176617959470020658e+01 7.733179085458872148e-04
1.177617959470020637e+01 8.936450955195699960e-04
1.178617959470020615e+01 2.580511464123197950e-04
1.179617959470020594e+01 -9.189220689211261527e-04
1.180617959470020573e+01 -1.998568515821418177e-04
1.181617959470020551e+01 9.086087541184192798e-04
1.182617959470020530e+01 5.948384675923418935e-04
1.183617959470020509e+01 -1.451096948441366920e-03
1.184617959470020487e+01 -9.206053435297364626e-04
1.185617959470020466e+01 1.583891906077510795e-03
1.186617959470020445e+01 1.640989098665427423e-03
1.187617959470020423e+01 5.093522662099368237e-04
1.188617959470020402e+01 -1.609358933599257387e-04
1.189617959470020381e+01 -4.563693488345196272e-04
1.190617959470020359e+01 8.403477599583418847e-05
1.191617959470020338e+01 3.205735634304488304e-04
1.192617959470020317e+01 3.141790748980431594e-04
1.193617959470020295e+01 3.193837405080614603e-04
1.194617959470020274e+01 3.392973343222044835e-04
1.195617959470020253e+01 3.341339376346234478e-04
1.196617959470020232e+01 3.319917698053135831e-04
1.197617959470020210e+01 3.361647008736458114e-04
1.198617959470020189e+01 3.384583605791991801e-04
1.199617959470020168e+01 3.376582646461662673e-04
1.200617959470020146e+01 3.450704219776538841e-04
1.201617959470020125e+01 3.615676758414546076e-04
1.202617959470020104e+01 3.644647903817092448e-04
1.203617959470020082e+01 3.601073381416698563e-04
1.204617959470020061e+01 4.026316704756753334e-04
1.205617959470020040e+01 4.612432631544419919e-04
1.206617959470020018e+01 5.737486351408474777e-04
1.207617959470019997e+01 4.487086886671504062e-04
1.208617959470019976e+01 1.639636888528293130e-04
1.209617959470019954e+01 -1.050454923205636920e-04
1.210617959470019933e+01 6.898164871137007180e-06
1.211617959470019912e+01 2.139659319325313777e-04
1.212617959470019890e+01 3.304876467176042962e-04
1.213617959470019869e+01 3.311787278483431800e-04
1.214617959470019848e+01 3.224957348761951694e-04
1.215617959470019827e+01 3.310304153790541307e-04
1.216617959470019805e+01 3.184446547143119830e-04
1.217617959470019784e+01 3.124877226950846759e-04
1.218617959470019763e+01 3.112116915505718927e-04
1.219617959470019741e+01 3.131787259979345152e-04
1.220617959470019720e+01 3.188601326662906794e-04
1.221617959470019699e+01 3.158315105097825922e-04
1.222617959470019677e+01 3.223941567367579484e-04
1.223617959470019656e+01 5.258990576360284648e-04
1.224617959470019635e+01 6.080723635216828907e-04
1.225617959470019613e+01 2.525684751089943541e-05
1.226617959470019592e+01 1.020087566825304392e-04
1.227617959470019571e+01 3.881576902828596577e-04
1.228617959470019549e+01 3.535921483787728224e-04
1.229617959470019528e+01 3.673896995005041530e-04
1.230617959470019507e+01 3.691435201987656816e-04
1.231617959470019485e+01 3.740786953761470368e-04
1.232617959470019464e+01 3.783819316892614477e-04
1.233617959470019443e+01 3.824800144323635995e-04
1.234617959470019422e+01 3.863819700677927895e-04
1.235617959470019400e+01 3.894322875971494859e-04
1.236617959470019379e+01 3.881867604766700802e-04
1.237617959470019358e+01 3.741292930181054481e-04
1.238617959470019336e+01 3.323173966109760455e-04
1.239617959470019315e+01 -3.397400217459707432e-05
1.240617959470019294e+01 3.541258537157990108e-04
1.241617959470019272e+01 3.539355080280276239e-04
1.242617959470019251e+01 3.539645378754659698e-04
1.243617959470019230e+01 3.539977299310388356e-04
1.243838345559827019e+01 3.458068150460365101e-04
