1.000000000000000021e-03 -3.156778582337441022e-04
1.470871206908832413e-03 -3.156778581235777231e-04
6.179583275997156330e-03 -3.156778547125420548e-04
1.617958327599715654e-02 -3.156778335410253666e-04
2.617958327599715501e-02 -3.156777934319676356e-04
3.617958327599715695e-02 -3.156777343855927498e-04
4.617958327599715890e-02 -3.156776564022305775e-04
5.617958327599716084e-02 -3.156775594823164259e-04
6.617958327599715584e-02 -3.156774436263914746e-04
7.617958327599715085e-02 -3.156773088351027211e-04
8.617958327599714585e-02 -3.156771551092028187e-04
9.617958327599714086e-02 -3.156769824495500218e-04
1.061795832759971359e-01 -3.156767908571086198e-04
1.161795832759971309e-01 -3.156765803329482866e-04
1.261795832759971259e-01 -3.156763508782446225e-04
1.361795832759971348e-01 -3.156761024942789377e-04
1.461795832759971436e-01 -3.156758351824381437e-04
1.561795832759971525e-01 -3.156755489442149699e-04
1.661795832759971614e-01 -3.156752437812078015e-04
1.761795832759971703e-01 -3.156749196951206789e-04
1.861795832759971792e-01 -3.156745766877634067e-04
1.961795832759971880e-01 -3.156742147610513364e-04
2.061795832759971969e-01 -3.156738339170056377e-04
2.161795832759972058e-01 -3.156734341577531358e-04
2.261795832759972147e-01 -3.156730154855261487e-04
2.361795832759972236e-01 -3.156725779026628128e-04
2.461795832759972324e-01 -3.156721214116068111e-04
2.561795832759972136e-01 -3.156716460149075368e-04
2.661795832759972225e-01 -3.156711517152198756e-04
2.761795832759972313e-01 -3.156706385153044232e-04
2.861795832759972402e-01 -3.156701064180273764e-04
2.961795832759972491e-01 -3.156695554263604249e-04
3.061795832759972580e-01 -3.156689855433809141e-04
3.161795832759972669e-01 -3.156683967722716819e-04
3.261795832759972757e-01 -3.156677891163212762e-04
3.361795832759972846e-01 -3.156671625789235209e-04
3.461795832759972935e-01 -3.156665171635780038e-04
3.561795832759973024e-01 -3.156658528738896970e-04
3.661795832759973113e-01 -3.156651697135690656e-04
3.761795832759973202e-01 -3.156644676864321761e-04
3.861795832759973290e-01 -3.156637467964003166e-04
3.961795832759973379e-01 -3.156630070475005393e-04
4.061795832759973468e-01 -3.156622484438650639e-04
4.161795832759973557e-01 -3.156614709897317115e-04
4.261795832759973646e-01 -3.156606746894435791e-04
4.361795832759973734e-01 -3.156598595474492024e-04
4.461795832759973823e-01 -3.156590255683025016e-04
4.561795832759973912e-01 -3.156581727566627272e-04
4.661795832759974001e-01 -3.156573011172944055e-04
4.761795832759974090e-01 -3.156564106550675017e-04
4.861795832759974179e-01 -3.156555013749572027e-04
4.961795832759974267e-01 -3.156545732820439172e-04
5.061795832759974356e-01 -3.156536263815134385e-04
5.161795832759974445e-01 -3.156526606786566190e-04
5.261795832759974534e-01 -3.156516761788697497e-04
5.361795832759974623e-01 -3.156506728876540724e-04
5.461795832759974711e-01 -3.156496508106161592e-04
5.561795832759974800e-01 -3.156486099534676413e-04
5.661795832759974889e-01 -3.156475503220254261e-04
5.761795832759974978e-01 -3.156464719222113716e-04
5.861795832759975067e-01 -3.156453747600523950e-04
5.961795832759975156e-01 -3.156442588416806354e-04
6.061795832759975244e-01 -3.156431241733331826e-04
6.161795832759975333e-01 -3.156419707613519689e-04
6.261795832759975422e-01 -3.156407986121842566e-04
6.361795832759975511e-01 -3.156396077323819337e-04
6.461795832759975600e-01 -3.156383981286020016e-04
6.561795832759975688e-01 -3.156371698076063581e-04
6.661795832759975777e-01 -3.156359227762616892e-04
6.761795832759975866e-01 -3.156346570415396319e-04
6.861795832759975955e-01 -3.156333726105166109e-04
6.961795832759976044e-01 -3.156320694903737853e-04
7.061795832759976133e-01 -3.156307476883972647e-04
7.161795832759976221e-01 -3.156294072119776215e-04
7.261795832759976310e-01 -3.156280480686104333e-04
7.361795832759976399e-01 -3.156266702658957948e-04
7.461795832759976488e-01 -3.156252738115384259e-04
7.561795832759976577e-01 -3.156238587133477808e-04
7.661795832759976665e-01 -3.156224249792378847e-04
7.761795832759976754e-01 -3.156209726172271718e-04
7.861795832759976843e-01 -3.156195016354388099e-04
7.961795832759976932e-01 -3.156180120421003756e-04
8.061795832759977021e-01 -3.156165038455438542e-04
8.161795832759977110e-01 -3.156149770542058023e-04
8.261795832759977198e-01 -3.156134316766270225e-04
8.361795832759977287e-01 -3.156118677214527803e-04
8.461795832759977376e-01 -3.156102851974326414e-04
8.561795832759977465e-01 -3.156086841134204718e-04
8.661795832759977554e-01 -3.156070644783743836e-04
8.761795832759977642e-01 -3.156054263013567890e-04
8.861795832759977731e-01 -3.156037695915341838e-04
8.961795832759977820e-01 -3.156020943581772553e-04
9.061795832759977909e-01 -3.156004006106608289e-04
9.161795832759977998e-01 -3.155986883584638129e-04
9.261795832759978087e-01 -3.155969576111691995e-04
9.361795832759978175e-01 -3.155952083784638470e-04
9.461795832759978264e-01 -3.155934406701386974e-04
9.561795832759978353e-01 -3.155916544960886676e-04
9.661795832759978442e-01 -3.155898498663123786e-04
9.761795832759978531e-01 -3.155880267909125345e-04
9.861795832759978619e-01 -3.155861852800954351e-04
9.961795832759978708e-01 -3.155843253441713010e-04
1.006179583275997880e+00 -3.155824469935540025e-04
1.016179583275997889e+00 -3.155805502387611138e-04
1.026179583275997897e+00 -3.155786350904139130e-04
1.036179583275997906e+00 -3.155767015592372197e-04
1.046179583275997915e+00 -3.155747496560594488e-04
1.056179583275997924e+00 -3.155727793918125025e-04
1.066179583275997933e+00 -3.155707907775317698e-04
1.076179583275997942e+00 -3.155687838243560728e-04
1.086179583275997951e+00 -3.155667585435276666e-04
1.096179583275997960e+00 -3.155647149463920763e-04
1.106179583275997969e+00 -3.155626530443981516e-04
1.116179583275997977e+00 -3.155605728490981209e-04
1.126179583275997986e+00 -3.155584743721471575e-04
1.136179583275997995e+00 -3.155563576253038135e-04
1.146179583275998004e+00 -3.155542226204296943e-04
1.156179583275998013e+00 -3.155520693694895129e-04
1.166179583275998022e+00 -3.155498978845508733e-04
1.176179583275998031e+00 -3.155477081777844327e-04
1.186179583275998040e+00 -3.155455002614639018e-04
1.196179583275998048e+00 -3.155432741479656110e-04
1.206179583275998057e+00 -3.155410298497688900e-04
1.216179583275998066e+00 -3.155387673794557966e-04
1.226179583275998075e+00 -3.155364867497111709e-04
1.236179583275998084e+00 -3.155341879733224728e-04
1.246179583275998093e+00 -3.155318710631797277e-04
1.256179583275998102e+00 -3.155295360322756351e-04
1.266179583275998111e+00 -3.155271828937054055e-04
1.276179583275998120e+00 -3.155248116606666525e-04
1.286179583275998128e+00 -3.155224223464595554e-04
1.296179583275998137e+00 -3.155200149644864249e-04
1.306179583275998146e+00 -3.155175895282520833e-04
1.316179583275998155e+00 -3.155151460513634849e-04
1.326179583275998164e+00 -3.155126845475299323e-04
1.336179583275998173e+00 -3.155102050305626975e-04
1.346179583275998182e+00 -3.155077075143752929e-04
1.356179583275998191e+00 -3.155051920129830914e-04
1.366179583275998199e+00 -3.155026585405037065e-04
1.376179583275998208e+00 -3.155001071111564496e-04
1.386179583275998217e+00 -3.154975377392625472e-04
1.396179583275998226e+00 -3.154949504392451408e-04
1.406179583275998235e+00 -3.154923452256289617e-04
1.416179583275998244e+00 -3.154897221130406018e-04
1.426179583275998253e+00 -3.154870811162081888e-04
1.436179583275998262e+00 -3.154844222499613858e-04
1.446179583275998271e+00 -3.154817455292314998e-04
1.456179583275998279e+00 -3.154790509690511566e-04
1.466179583275998288e+00 -3.154763385845545175e-04
1.476179583275998297e+00 -3.154736083909769539e-04
1.486179583275998306e+00 -3.154708604036552105e-04
1.496179583275998315e+00 -3.154680946380270792e-04
1.506179583275998324e+00 -3.154653111096317251e-04
1.516179583275998333e+00 -3.154625098341092525e-04
1.526179583275998342e+00 -3.154596908272008131e-04
1.536179583275998350e+00 -3.154568541047485524e-04
1.546179583275998359e+00 -3.154539996826954463e-04
1.556179583275998368e+00 -3.154511275770854103e-04
1.566179583275998377e+00 -3.154482378040629736e-04
1.576179583275998386e+00 -3.154453303798734963e-04
1.586179583275998395e+00 -3.154424053208629525e-04
1.596179583275998404e+00 -3.154394626434777675e-04
1.606179583275998413e+00 -3.154365023642650349e-04
1.616179583275998421e+00 -3.154335244998721912e-04
1.626179583275998430e+00 -3.154305290670470700e-04
1.636179583275998439e+00 -3.154275160826377393e-04
1.646179583275998448e+00 -3.154244855635925560e-04
1.656179583275998457e+00 -3.154214375269600028e-04
1.666179583275998466e+00 -3.154183719898887429e-04
1.676179583275998475e+00 -3.154152889696273487e-04
1.686179583275998484e+00 -3.154121884835244102e-04
1.696179583275998493e+00 -3.154090705490283724e-04
1.706179583275998501e+00 -3.154059351836874811e-04
1.716179583275998510e+00 -3.154027824051496747e-04
1.726179583275998519e+00 -3.153996122311626920e-04
1.736179583275998528e+00 -3.153964246795737478e-04
1.746179583275998537e+00 -3.153932197683296406e-04
1.756179583275998546e+00 -3.153899975154764819e-04
1.766179583275998555e+00 -3.153867579391599670e-04
1.776179583275998564e+00 -3.153835010576249418e-04
1.786179583275998572e+00 -3.153802268892154565e-04
1.796179583275998581e+00 -3.153769354523747659e-04
1.806179583275998590e+00 -3.153736267656452206e-04
1.816179583275998599e+00 -3.153703008476681051e-04
1.826179583275998608e+00 -3.153669577171836370e-04
1.836179583275998617e+00 -3.153635973930309132e-04
1.846179583275998626e+00 -3.153602198941476932e-04
1.856179583275998635e+00 -3.153568252395704528e-04
1.866179583275998644e+00 -3.153534134484343846e-04
1.876179583275998652e+00 -3.153499845399730184e-04
1.886179583275998661e+00 -3.153465385335185462e-04
1.896179583275998670e+00 -3.153430754485012804e-04
1.906179583275998679e+00 -3.153395953044499790e-04
1.916179583275998688e+00 -3.153360981209915744e-04
1.926179583275998697e+00 -3.153325839178510652e-04
1.936179583275998706e+00 -3.153290527148515702e-04
1.946179583275998715e+00 -3.153255045319140575e-04
1.956179583275998723e+00 -3.153219393890574528e-04
1.966179583275998732e+00 -3.153183573063984770e-04
1.976179583275998741e+00 -3.153147583041514290e-04
1.986179583275998750e+00 -3.153111424026284028e-04
1.996179583275998759e+00 -3.153075096222388539e-04
2.006179583275998546e+00 -3.153038599834898158e-04
2.016179583275998333e+00 -3.153001935069856291e-04
2.026179583275998120e+00 -3.152965102134278877e-04
2.036179583275997906e+00 -3.152928101236153837e-04
2.046179583275997693e+00 -3.152890932584440542e-04
2.056179583275997480e+00 -3.152853596389067637e-04
2.066179583275997267e+00 -3.152816092860933586e-04
2.076179583275997054e+00 -3.152778422211905589e-04
2.086179583275996841e+00 -3.152740584654816869e-04
2.096179583275996627e+00 -3.152702580403468841e-04
2.106179583275996414e+00 -3.152664409672626777e-04
2.116179583275996201e+00 -3.152626072678021973e-04
2.126179583275995988e+00 -3.152587569636349039e-04
2.136179583275995775e+00 -3.152548900765265354e-04
2.146179583275995562e+00 -3.152510066283390529e-04
2.156179583275995348e+00 -3.152471066410304779e-04
2.166179583275995135e+00 -3.152431901366548918e-04
2.176179583275994922e+00 -3.152392571373621656e-04
2.186179583275994709e+00 -3.152353076653981222e-04
2.196179583275994496e+00 -3.152313417431042652e-04
2.206179583275994283e+00 -3.152273593929176706e-04
2.216179583275994069e+00 -3.152233606373709869e-04
2.226179583275993856e+00 -3.152193454990922183e-04
2.236179583275993643e+00 -3.152153140008048327e-04
2.246179583275993430e+00 -3.152112661653274370e-04
2.256179583275993217e+00 -3.152072020155738310e-04
2.266179583275993004e+00 -3.152031215745526821e-04
2.276179583275992790e+00 -3.151990248653678507e-04
2.286179583275992577e+00 -3.151949119112178481e-04
2.296179583275992364e+00 -3.151907827353959447e-04
2.306179583275992151e+00 -3.151866373612900621e-04
2.316179583275991938e+00 -3.151824758123827181e-04
2.326179583275991725e+00 -3.151782981122507022e-04
2.336179583275991511e+00 -3.151741042845652920e-04
2.346179583275991298e+00 -3.151698943530918738e-04
2.356179583275991085e+00 -3.151656683416899970e-04
2.366179583275990872e+00 -3.151614262743131570e-04
2.376179583275990659e+00 -3.151571681750088495e-04
2.386179583275990446e+00 -3.151528940679183539e-04
2.396179583275990232e+00 -3.151486039772764618e-04
2.406179583275990019e+00 -3.151442979274118568e-04
2.416179583275989806e+00 -3.151399759427464097e-04
2.426179583275989593e+00 -3.151356380477955579e-04
2.436179583275989380e+00 -3.151312842671678176e-04
2.446179583275989167e+00 -3.151269146255650548e-04
2.456179583275988954e+00 -3.151225291477819973e-04
2.466179583275988740e+00 -3.151181278587063977e-04
2.476179583275988527e+00 -3.151137107833188161e-04
2.486179583275988314e+00 -3.151092779466925118e-04
2.496179583275988101e+00 -3.151048293739932269e-04
2.506179583275987888e+00 -3.151003650904794025e-04
2.516179583275987675e+00 -3.150958851215015827e-04
2.526179583275987461e+00 -3.150913894925027399e-04
2.536179583275987248e+00 -3.150868782290179495e-04
2.546179583275987035e+00 -3.150823513566742813e-04
2.556179583275986822e+00 -3.150778089011906915e-04
2.566179583275986609e+00 -3.150732508883779680e-04
2.576179583275986396e+00 -3.150686773441385138e-04
2.586179583275986182e+00 -3.150640882944662929e-04
2.596179583275985969e+00 -3.150594837654467216e-04
2.606179583275985756e+00 -3.150548637832565062e-04
2.616179583275985543e+00 -3.150502283741635342e-04
2.626179583275985330e+00 -3.150455775645268205e-04
2.636179583275985117e+00 -3.150409113807962360e-04
2.646179583275984903e+00 -3.150362298495125619e-04
2.656179583275984690e+00 -3.150315329973072190e-04
2.666179583275984477e+00 -3.150268208509022670e-04
2.676179583275984264e+00 -3.150220934371101883e-04
2.686179583275984051e+00 -3.150173507828337252e-04
2.696179583275983838e+00 -3.150125929150659880e-04
2.706179583275983624e+00 -3.150078198608900217e-04
2.716179583275983411e+00 -3.150030316474789144e-04
2.726179583275983198e+00 -3.149982283020955260e-04
2.736179583275982985e+00 -3.149934098520924342e-04
2.746179583275982772e+00 -3.149885763249117717e-04
2.756179583275982559e+00 -3.149837277480851180e-04
2.766179583275982345e+00 -3.149788641492334449e-04
2.776179583275982132e+00 -3.149739855560666833e-04
2.786179583275981919e+00 -3.149690919963841020e-04
2.796179583275981706e+00 -3.149641834980736578e-04
2.806179583275981493e+00 -3.126421403796832664e-04
2.816179583275981280e+00 -3.090504203022976897e-04
2.826179583275981066e+00 -3.054478962941193591e-04
2.836179583275980853e+00 -3.018345888963960139e-04
2.846179583275980640e+00 -2.982105187145590777e-04
2.856179583275980427e+00 -2.945757064181226108e-04
2.866179583275980214e+00 -2.909301727405846482e-04
2.876179583275980001e+00 -2.872739384793261512e-04
2.886179583275979788e+00 -2.836070244955116951e-04
2.896179583275979574e+00 -2.799294517139873373e-04
2.906179583275979361e+00 -2.762412411231787018e-04
2.916179583275979148e+00 -2.725424137749901492e-04
2.926179583275978935e+00 -2.688329907847002587e-04
2.936179583275978722e+00 -2.651129933308592635e-04
2.946179583275978509e+00 -2.613824426551862676e-04
2.956179583275978295e+00 -2.576413600624621273e-04
2.966179583275978082e+00 -2.538897669204277525e-04
2.976179583275977869e+00 -2.501276846596769878e-04
2.986179583275977656e+00 -2.463551347735499272e-04
2.996179583275977443e+00 -2.425721388180277459e-04
3.006179583275977230e+00 -2.387787184116249312e-04
3.016179583275977016e+00 -2.349748952352810789e-04
3.026179583275976803e+00 -2.311606910322546414e-04
3.036179583275976590e+00 -2.273361276080110380e-04
3.046179583275976377e+00 -2.235012268301164035e-04
3.056179583275976164e+00 -2.196560106281252641e-04
3.066179583275975951e+00 -2.158005009934719012e-04
3.076179583275975737e+00 -2.119347199793575939e-04
3.086179583275975524e+00 -2.080586897006402470e-04
3.096179583275975311e+00 -2.041724323337218514e-04
3.106179583275975098e+00 -2.002759701164352930e-04
3.116179583275974885e+00 -1.963693253479318127e-04
3.126179583275974672e+00 -1.924525203885658637e-04
3.136179583275974458e+00 -1.885255776597819215e-04
3.146179583275974245e+00 -1.845885196439978233e-04
3.156179583275974032e+00 -1.806413688844907099e-04
3.166179583275973819e+00 -1.766841479852790647e-04
3.176179583275973606e+00 -1.727168796110067038e-04
3.186179583275973393e+00 -1.687395864868261163e-04
3.196179583275973179e+00 -1.647522913982776838e-04
3.206179583275972966e+00 -1.607550171911738875e-04
3.216179583275972753e+00 -1.567477867714783119e-04
3.226179583275972540e+00 -1.527306231051859479e-04
3.236179583275972327e+00 -1.487035492182028473e-04
3.246179583275972114e+00 -1.446665881962246915e-04
3.256179583275971900e+00 -1.406197631846149276e-04
3.266179583275971687e+00 -1.365630973882829037e-04
3.276179583275971474e+00 -1.324966140715598366e-04
3.286179583275971261e+00 -1.284203365580760797e-04
3.296179583275971048e+00 -1.243342882306364399e-04
3.306179583275970835e+00 -1.202384925310944104e-04
3.316179583275970622e+00 -1.161329729602285712e-04
3.326179583275970408e+00 -1.120177530776135695e-04
3.336179583275970195e+00 -1.078928565014960865e-04
3.346179583275969982e+00 -1.037583069086649504e-04
3.356179583275969769e+00 -9.961412803432450128e-05
3.366179583275969556e+00 -9.546034367196448711e-05
3.376179583275969343e+00 -9.129697767323234452e-05
3.386179583275969129e+00 -8.712405394780070936e-05
3.396179583275968916e+00 -8.294159646323904719e-05
3.406179583275968703e+00 -7.874962924487986272e-05
3.416179583275968490e+00 -7.454817637568837869e-05
3.426179583275968277e+00 -7.033726199612852850e-05
3.436179583275968064e+00 -6.611691030403046669e-05
3.446179583275967850e+00 -6.188714555445461001e-05
3.456179583275967637e+00 -5.764799205955914788e-05
3.466179583275967424e+00 -5.339947418846299927e-05
3.476179583275967211e+00 -4.914161636710942006e-05
3.486179583275966998e+00 -4.487444307812961039e-05
3.496179583275966785e+00 -4.059797886070610519e-05
3.506179583275966571e+00 -3.631224831043247843e-05
3.516179583275966358e+00 -3.201727607917434840e-05
3.526179583275966145e+00 -2.771308687493233454e-05
3.536179583275965932e+00 -2.339970546169937646e-05
3.546179583275965719e+00 -1.907715665931913711e-05
3.556179583275965506e+00 -1.474546534334635756e-05
3.566179583275965292e+00 -1.040465644490244125e-05
3.576179583275965079e+00 -6.054754950532339336e-06
3.586179583275964866e+00 -1.695785902062303327e-06
3.596179583275964653e+00 2.672225603547349546e-06
3.606179583275964440e+00 7.049254414345351022e-06
3.616179583275964227e+00 1.143527532353736699e-05
3.626179583275964013e+00 1.583026306963258162e-05
3.636179583275963800e+00 2.023419233658984781e-05
3.646179583275963587e+00 2.464703775396915025e-05
3.656179583275963374e+00 2.906877389707678006e-05
3.666179583275963161e+00 3.349937528711809890e-05
3.676179583275962948e+00 3.793881639134737572e-05
3.686179583275962734e+00 4.238707162321903293e-05
3.696179583275962521e+00 4.684411534253943472e-05
3.706179583275962308e+00 5.130992185562084380e-05
3.716179583275962095e+00 5.578446541543320963e-05
3.726179583275961882e+00 6.026772022176105255e-05
3.736179583275961669e+00 6.475966042135601099e-05
3.746179583275961456e+00 6.926026010809491814e-05
3.756179583275961242e+00 7.376949332313560183e-05
3.766179583275961029e+00 7.828733405507376855e-05
3.776179583275960816e+00 8.281375624010238121e-05
3.786179583275960603e+00 8.734873376217016944e-05
3.796179583275960390e+00 9.189224045314165791e-05
3.806179583275960177e+00 9.644425009295751975e-05
3.816179583275959963e+00 1.010047364097961227e-04
3.826179583275959750e+00 1.055736730802358343e-04
3.836179583275959537e+00 1.101510337294177603e-04
3.846179583275959324e+00 1.147367919312102186e-04
3.856179583275959111e+00 1.193309212083716944e-04
3.866179583275958898e+00 1.239333950327190003e-04
3.876179583275958684e+00 1.285441868252909904e-04
3.886179583275958471e+00 1.331632699565163955e-04
3.896179583275958258e+00 1.377906177463823073e-04
3.906179583275958045e+00 1.424262034646016882e-04
3.916179583275957832e+00 1.470700003307850003e-04
3.926179583275957619e+00 1.517219815146071725e-04
3.936179583275957405e+00 1.563821201359817236e-04
3.946179583275957192e+00 1.610503892652311985e-04
3.956179583275956979e+00 1.657267619232610746e-04
3.966179583275956766e+00 1.704112110817322581e-04
3.976179583275956553e+00 1.751037096632357491e-04
3.986179583275956340e+00 1.798042305414689328e-04
3.996179583275956126e+00 1.845127465414103532e-04
4.006179583275955913e+00 1.892292304394984975e-04
4.016179583275955700e+00 1.939536549638081961e-04
4.026179583275955487e+00 1.986859927942287571e-04
4.036179583275955274e+00 2.034262165626466541e-04
4.046179583275955061e+00 2.081742988531219262e-04
4.056179583275954847e+00 2.129302122020728175e-04
4.066179583275954634e+00 2.176939290984555376e-04
4.076179583275954421e+00 2.224654219839496605e-04
4.086179583275954208e+00 2.272446632531390778e-04
4.096179583275953995e+00 2.320316252536997826e-04
4.106179583275953782e+00 2.368262802865838583e-04
4.116179583275953568e+00 2.416286006062057451e-04
4.126179583275953355e+00 2.464385584206312159e-04
4.136179583275953142e+00 2.512561258917631003e-04
4.146179583275952929e+00 2.560812751355336222e-04
4.156179583275952716e+00 2.609139782220930509e-04
4.166179583275952503e+00 2.657542071759988944e-04
4.176179583275952290e+00 2.706019339764110555e-04
4.186179583275952076e+00 2.754571305572821099e-04
4.196179583275951863e+00 2.803197688075518114e-04
4.206179583275951650e+00 2.851898205713423572e-04
4.216179583275951437e+00 2.900672576481524599e-04
4.226179583275951224e+00 2.949520517930553226e-04
4.236179583275951011e+00 2.998441747168939043e-04
4.246179583275950797e+00 3.047435980864812797e-04
4.256179583275950584e+00 3.096502935247985068e-04
4.266179583275950371e+00 3.145642326111947702e-04
4.276179583275950158e+00 3.194853868815888259e-04
4.286179583275949945e+00 3.244137278286704463e-04
4.296179583275949732e+00 3.293492269021035994e-04
4.306179583275949518e+00 3.342918555087294116e-04
4.316179583275949305e+00 3.392415850127718409e-04
4.326179583275949092e+00 3.441983867360426993e-04
4.336179583275948879e+00 3.491622319581480852e-04
4.346179583275948666e+00 3.541330919166964415e-04
4.356179583275948453e+00 3.591109378075071565e-04
4.366179583275948239e+00 3.640957407848184049e-04
4.376179583275948026e+00 3.690874719614987845e-04
4.386179583275947813e+00 3.740861024092584104e-04
4.396179583275947600e+00 3.790916031588613096e-04
4.406179583275947387e+00 3.841039452003376002e-04
4.416179583275947174e+00 3.891230994831985967e-04
4.426179583275946960e+00 3.941490369166509395e-04
4.436179583275946747e+00 3.991817283698136532e-04
4.446179583275946534e+00 4.042211446719345524e-04
4.456179583275946321e+00 4.092672566126086004e-04
4.466179583275946108e+00 4.143200349419954003e-04
4.476179583275945895e+00 4.193794503710409141e-04
4.486179583275945681e+00 4.244454735716974474e-04
4.496179583275945468e+00 4.295180751771453687e-04
4.506179583275945255e+00 4.345972257820154795e-04
4.516179583275945042e+00 4.396828959426147447e-04
4.526179583275944829e+00 4.447750561771477958e-04
4.536179583275944616e+00 4.498736769659454800e-04
4.546179583275944402e+00 4.549787287516902663e-04
4.556179583275944189e+00 4.600901819396444698e-04
4.566179583275943976e+00 4.652080068978772841e-04
4.576179583275943763e+00 4.703321739574963661e-04
4.586179583275943550e+00 4.754626534128779045e-04
4.596179583275943337e+00 4.805994155218975541e-04
4.606179583275943124e+00 4.857424305061634317e-04
4.616179583275942910e+00 4.908916685512496525e-04
4.626179583275942697e+00 4.960470998069314939e-04
4.636179583275942484e+00 5.012086943874194747e-04
4.646179583275942271e+00 5.063764223715974460e-04
4.656179583275942058e+00 5.115502538032587303e-04
4.666179583275941845e+00 5.167301586913458384e-04
4.676179583275941631e+00 5.219161070101900786e-04
4.686179583275941418e+00 5.271080686997501891e-04
4.696179583275941205e+00 5.323060136658565008e-04
4.706179583275940992e+00 5.375099117804511958e-04
4.716179583275940779e+00 5.427197328818331211e-04
4.726179583275940566e+00 5.479354467749023841e-04
4.736179583275940352e+00 5.531570232314048400e-04
4.746179583275940139e+00 5.583844319901793991e-04
4.756179583275939926e+00 5.636176427574060913e-04
4.766179583275939713e+00 5.688566251626814589e-04
4.776179583275939500e+00 5.741013486068658519e-04
4.786179583275939287e+00 5.793517823955731099e-04
4.796179583275939073e+00 5.846078957907441080e-04
4.806179583275938860e+00 5.898696580107723074e-04
4.816179583275938647e+00 5.951370382306225837e-04
4.826179583275938434e+00 6.004100055819496223e-04
4.836179583275938221e+00 6.056885291532156622e-04
4.846179583275938008e+00 6.109725779898137702e-04
4.856179583275937794e+00 6.162621210941894882e-04
4.866179583275937581e+00 6.215571274259646490e-04
4.876179583275937368e+00 6.268575659020630356e-04
4.886179583275937155e+00 6.321634053968354979e-04
4.896179583275936942e+00 6.374746147421901654e-04
4.906179583275936729e+00 6.427911627277194074e-04
4.916179583275936515e+00 6.481130181008325393e-04
4.926179583275936302e+00 6.534401495668875530e-04
4.936179583275936089e+00 6.587725257893252331e-04
4.946179583275935876e+00 6.641101153898028384e-04
4.956179583275935663e+00 6.694528869483329890e-04
4.966179583275935450e+00 6.748008090034208172e-04
4.976179583275935236e+00 6.801538500522029624e-04
4.986179583275935023e+00 6.855119785505905776e-04
4.996179583275934810e+00 6.908751629134116850e-04
5.006179583275934597e+00 6.962433715145539652e-04
5.016179583275934384e+00 7.016165726871138354e-04
5.026179583275934171e+00 7.069947347235407565e-04
5.036179583275933958e+00 7.123778258757885876e-04
5.046179583275933744e+00 7.177658143554666156e-04
5.056179583275933531e+00 7.231586683339899339e-04
5.066179583275933318e+00 7.285563559427362182e-04
5.076179583275933105e+00 7.339588452731995744e-04
5.086179583275932892e+00 7.393661043771497000e-04
5.096179583275932679e+00 7.447781012667890931e-04
5.106179583275932465e+00 7.501948039149155742e-04
5.116179583275932252e+00 7.556161802550840495e-04
5.126179583275932039e+00 7.610421981817713094e-04
5.136179583275931826e+00 7.664728255505427789e-04
5.146179583275931613e+00 7.719080301782194845e-04
5.156179583275931400e+00 7.773477798430478408e-04
5.166179583275931186e+00 7.827920422848709536e-04
5.176179583275930973e+00 7.882407852053030690e-04
5.186179583275930760e+00 7.936939762679039124e-04
5.196179583275930547e+00 7.991515830983551968e-04
5.206179583275930334e+00 8.046135732846407089e-04
5.216179583275930121e+00 8.100799143772257445e-04
5.226179583275929907e+00 8.155505738892400132e-04
5.236179583275929694e+00 8.210255192966634712e-04
5.246179583275929481e+00 8.265047180385102013e-04
5.256179583275929268e+00 8.319881375170192330e-04
5.266179583275929055e+00 8.374757450978428681e-04
5.276179583275928842e+00 8.429675081102405362e-04
5.286179583275928628e+00 8.484633938472712408e-04
5.296179583275928415e+00 8.539633695659907750e-04
5.306179583275928202e+00 8.594674024876498061e-04
5.316179583275927989e+00 8.649754597978938017e-04
5.326179583275927776e+00 8.704875086469654509e-04
5.336179583275927563e+00 8.760035161499076265e-04
5.346179583275927349e+00 8.815234493867718773e-04
5.356179583275927136e+00 8.870472754028245347e-04
5.366179583275926923e+00 8.925749612087580239e-04
5.376179583275926710e+00 8.981064737809028257e-04
5.386179583275926497e+00 9.036417800614433404e-04
5.396179583275926284e+00 9.091808469586320184e-04
5.406179583275926070e+00 9.147236413470105371e-04
5.416179583275925857e+00 9.202701300676294606e-04
5.426179583275925644e+00 9.258202799282710428e-04
5.436179583275925431e+00 9.313740577036753922e-04
5.446179583275925218e+00 9.369314301357663114e-04
5.456179583275925005e+00 9.424923639338821232e-04
5.466179583275924792e+00 9.480568257750062811e-04
5.476179583275924578e+00 9.536247823040025322e-04
5.486179583275924365e+00 9.591962001338497556e-04
5.496179583275924152e+00 9.647710458458807039e-04
5.506179583275923939e+00 9.703492859900223703e-04
5.516179583275923726e+00 9.759308870850398263e-04
5.526179583275923513e+00 9.815158156187798414e-04
5.536179583275923299e+00 9.871040380484180816e-04
5.546179583275923086e+00 9.926955208007111862e-04
5.556179583275922873e+00 9.982902302722450501e-04
5.566179583275922660e+00 1.011644876208071721e-03
5.576179583275922447e+00 1.030391144062181314e-03
5.586179583275922234e+00 1.049147873464858008e-03
5.596179583275922020e+00 1.067914951553087296e-03
5.606179583275921807e+00 1.086692265367212359e-03
5.616179583275921594e+00 1.105479701851826146e-03
5.626179583275921381e+00 1.124277147856663026e-03
5.636179583275921168e+00 1.143084490137508645e-03
5.646179583275920955e+00 1.161901615357112394e-03
5.656179583275920741e+00 1.180728410086110715e-03
5.666179583275920528e+00 1.199564760803948672e-03
5.676179583275920315e+00 1.218410553899828847e-03
5.686179583275920102e+00 1.237265675673645919e-03
5.696179583275919889e+00 1.256130012336948137e-03
5.706179583275919676e+00 1.275003450013894452e-03
5.716179583275919462e+00 1.293885874742225963e-03
5.726179583275919249e+00 1.312777172474242568e-03
5.736179583275919036e+00 1.331677229077792186e-03
5.746179583275918823e+00 1.350585930337258687e-03
5.756179583275918610e+00 1.369503161954572796e-03
5.766179583275918397e+00 1.388428809550218673e-03
5.776179583275918183e+00 1.407362758664251322e-03
5.786179583275917970e+00 1.426304894757327458e-03
5.796179583275917757e+00 1.445255103211739393e-03
5.806179583275917544e+00 1.464213269332461514e-03
5.816179583275917331e+00 1.483179278348198925e-03
5.826179583275917118e+00 1.502153015412452993e-03
5.836179583275916904e+00 1.521134365604587778e-03
5.846179583275916691e+00 1.540123213930907724e-03
5.856179583275916478e+00 1.559119445325746634e-03
5.866179583275916265e+00 1.578122944652559680e-03
5.876179583275916052e+00 1.597133596705028417e-03
5.886179583275915839e+00 1.616151286208171878e-03
5.896179583275915626e+00 1.635175897819466338e-03
5.906179583275915412e+00 1.654207316129977217e-03
5.916179583275915199e+00 1.673245425665490990e-03
5.926179583275914986e+00 1.692290110887666611e-03
5.936179583275914773e+00 1.711341256195188665e-03
5.946179583275914560e+00 1.730398745924927907e-03
5.956179583275914347e+00 1.749462464353115226e-03
5.966179583275914133e+00 1.768532295696523433e-03
5.976179583275913920e+00 1.787608124113653808e-03
5.986179583275913707e+00 1.806689833705933494e-03
5.996179583275913494e+00 1.825777308518925033e-03
6.006179583275913281e+00 1.844870432543539371e-03
6.016179583275913068e+00 1.863969089717257104e-03
6.026179583275912854e+00 1.883073163925365768e-03
6.036179583275912641e+00 1.902182539002198001e-03
6.046179583275912428e+00 1.921297098732378372e-03
6.056179583275912215e+00 1.940416726852089296e-03
6.066179583275912002e+00 1.959541307050329580e-03
6.076179583275911789e+00 1.978670722970195944e-03
6.086179583275911575e+00 1.997804858210165853e-03
6.096179583275911362e+00 2.016943596325389016e-03
6.106179583275911149e+00 2.036086820828991034e-03
6.116179583275910936e+00 2.055234415193383547e-03
6.126179583275910723e+00 2.074386262851581324e-03
6.136179583275910510e+00 2.093542247198533230e-03
6.146179583275910296e+00 2.112702251592457094e-03
6.156179583275910083e+00 2.131866159356184121e-03
6.166179583275909870e+00 2.151033853778515012e-03
6.176179583275909657e+00 2.170205218115579121e-03
6.186179583275909444e+00 2.189380135592207486e-03
6.196179583275909231e+00 2.208558489403313670e-03
6.206179583275909017e+00 2.227740162715280241e-03
6.216179583275908804e+00 2.246925038667357388e-03
6.226179583275908591e+00 2.266113000373065883e-03
6.236179583275908378e+00 2.285303930921614782e-03
6.246179583275908165e+00 2.304497713379321730e-03
6.256179583275907952e+00 2.323694230791045843e-03
6.266179583275907738e+00 2.342893366181626226e-03
6.276179583275907525e+00 2.362095002557331770e-03
6.286179583275907312e+00 2.381299022907317885e-03
6.296179583275907099e+00 2.400505310205092776e-03
6.306179583275906886e+00 2.419713747409988919e-03
6.316179583275906673e+00 2.438924217468647990e-03
6.326179583275906460e+00 2.458136603316512288e-03
6.336179583275906246e+00 2.477350787879321371e-03
6.346179583275906033e+00 2.496566654074622998e-03
6.356179583275905820e+00 2.515784084813286678e-03
6.366179583275905607e+00 2.535002963001030656e-03
6.376179583275905394e+00 2.554223171539954547e-03
6.386179583275905181e+00 2.573444593330077596e-03
6.396179583275904967e+00 2.592667111270891694e-03
6.406179583275904754e+00 2.611890608262918724e-03
6.416179583275904541e+00 2.631114967209275280e-03
6.426179583275904328e+00 2.650340071017246064e-03
6.436179583275904115e+00 2.669565802599870290e-03
6.446179583275903902e+00 2.688792044877528088e-03
6.456179583275903688e+00 2.708018680779541651e-03
6.466179583275903475e+00 2.727245593245782463e-03
6.476179583275903262e+00 2.746472665228281984e-03
6.486179583275903049e+00 2.765699779692858823e-03
6.496179583275902836e+00 2.784926819620750678e-03
6.506179583275902623e+00 2.804153668010246712e-03
6.516179583275902409e+00 2.823380207878339876e-03
6.526179583275902196e+00 2.842606322262380102e-03
6.536179583275901983e+00 2.861831894221733563e-03
6.546179583275901770e+00 2.881056806839459722e-03
6.556179583275901557e+00 2.900280943223980563e-03
6.566179583275901344e+00 2.919504186510773688e-03
6.576179583275901130e+00 2.938726419864059764e-03
6.586179583275900917e+00 2.957947526478506891e-03
6.596179583275900704e+00 2.977167389580936269e-03
6.606179583275900491e+00 2.996385892432041308e-03
6.616179583275900278e+00 3.015602918328107174e-03
6.626179583275900065e+00 3.034818350602746378e-03
6.636179583275899851e+00 3.054032072628630468e-03
6.646179583275899638e+00 3.073243967819240790e-03
6.656179583275899425e+00 3.092453919630619268e-03
6.666179583275899212e+00 3.111661811563127406e-03
6.676179583275898999e+00 3.130867527163213107e-03
6.686179583275898786e+00 3.150070950025188332e-03
6.696179583275898572e+00 3.169271963793005454e-03
6.706179583275898359e+00 3.188470452161979406e-03
6.716179583275898146e+00 3.207666298758200113e-03
6.726179583275897933e+00 3.226859386763962327e-03
6.736179583275897720e+00 3.246049599151065116e-03
6.746179583275897507e+00 3.265236818763558174e-03
6.756179583275897294e+00 3.284420928318540663e-03
6.766179583275897080e+00 3.303601810406991274e-03
6.776179583275896867e+00 3.322779347494627354e-03
6.786179583275896654e+00 3.341953421922799587e-03
6.796179583275896441e+00 3.361123915909417469e-03
6.806179583275896228e+00 3.380290711549906006e-03
6.816179583275896015e+00 3.399453690818195380e-03
6.826179583275895801e+00 3.418612735567743560e-03
6.836179583275895588e+00 3.437767727532587553e-03
6.846179583275895375e+00 3.456918548328434537e-03
6.856179583275895162e+00 3.476065079453774694e-03
6.866179583275894949e+00 3.495207202291035660e-03
6.876179583275894736e+00 3.514344798107766916e-03
6.886179583275894522e+00 3.533477748057850185e-03
6.896179583275894309e+00 3.552605933182754507e-03
6.906179583275894096e+00 3.571729234412811260e-03
6.916179583275893883e+00 3.590847532568531252e-03
6.926179583275893670e+00 3.609960708361948691e-03
6.936179583275893457e+00 3.629068642398000297e-03
6.946179583275893243e+00 3.648171215175936496e-03
6.956179583275893030e+00 3.667268307090763412e-03
6.966179583275892817e+00 3.686359798434721280e-03
6.976179583275892604e+00 3.705445569398793659e-03
6.986179583275892391e+00 3.724525500074244832e-03
6.996179583275892178e+00 3.743599470454199267e-03
7.006179583275891964e+00 3.762667360435244940e-03
7.016179583275891751e+00 3.781729049819073513e-03
7.026179583275891538e+00 3.800784418314154343e-03
7.036179583275891325e+00 3.819833345537435379e-03
7.046179583275891112e+00 3.838875711016083957e-03
7.056179583275890899e+00 3.857911394189254047e-03
7.066179583275890685e+00 3.876940274409888636e-03
7.076179583275890472e+00 3.895962230946555492e-03
7.086179583275890259e+00 3.914977142985316336e-03
7.096179583275890046e+00 3.933984889631621587e-03
7.106179583275889833e+00 3.952985349912246753e-03
7.116179583275889620e+00 3.971978402777255265e-03
7.126179583275889406e+00 3.990963927101993415e-03
7.136179583275889193e+00 4.009941801689125181e-03
7.146179583275888980e+00 4.028911905270683540e-03
7.156179583275888767e+00 4.047874116510173821e-03
7.166179583275888554e+00 4.066828314004694404e-03
7.176179583275888341e+00 4.085774376287093848e-03
7.186179583275888128e+00 4.104712181828159244e-03
7.196179583275887914e+00 4.123641609038840999e-03
7.206179583275887701e+00 4.142562536272502774e-03
7.216179583275887488e+00 4.161474841827207845e-03
7.226179583275887275e+00 4.180378403948034095e-03
7.236179583275887062e+00 4.199273100829421096e-03
7.246179583275886849e+00 4.218158810617551879e-03
7.256179583275886635e+00 4.237035411412759869e-03
7.266179583275886422e+00 4.255902781271973974e-03
7.276179583275886209e+00 4.274760798211188831e-03
7.286179583275885996e+00 4.293609340207968882e-03
7.296179583275885783e+00 4.312448285203983669e-03
7.306179583275885570e+00 4.331277511107573495e-03
7.316179583275885356e+00 4.350096895796344565e-03
7.326179583275885143e+00 4.368906317119795359e-03
7.336179583275884930e+00 4.387705652901970760e-03
7.346179583275884717e+00 4.406494780944156080e-03
7.356179583275884504e+00 4.425273579027586696e-03
7.366179583275884291e+00 4.444041924916198455e-03
7.376179583275884077e+00 4.435901611090689242e-03
7.386179583275883864e+00 4.417489442239580164e-03
7.396179583275883651e+00 4.399087899092430157e-03
7.406179583275883438e+00 4.380697101742033438e-03
7.416179583275883225e+00 4.362317170284246010e-03
7.426179583275883012e+00 4.343948224815122501e-03
7.436179583275882798e+00 4.325590385428013974e-03
7.446179583275882585e+00 4.307243772210642314e-03
7.456179583275882372e+00 4.288908505242144259e-03
7.466179583275882159e+00 4.270584704590092012e-03
7.476179583275881946e+00 4.252272490307480030e-03
7.486179583275881733e+00 4.233971982429687517e-03
7.496179583275881519e+00 4.215683300971417510e-03
7.506179583275881306e+00 4.197406565923601264e-03
7.516179583275881093e+00 4.179141897250287022e-03
7.526179583275880880e+00 4.160889414885487157e-03
7.536179583275880667e+00 4.142649238730017509e-03
7.546179583275880454e+00 4.124421488648291612e-03
7.556179583275880240e+00 4.106206284465106250e-03
7.566179583275880027e+00 4.088003745962389725e-03
7.576179583275879814e+00 4.069813992875931027e-03
7.586179583275879601e+00 4.051637144892079531e-03
7.596179583275879388e+00 4.033473321644426464e-03
7.606179583275879175e+00 4.015322642710453423e-03
7.616179583275878962e+00 3.997185227608163541e-03
7.626179583275878748e+00 3.979061195792686634e-03
7.636179583275878535e+00 3.960950666652858325e-03
7.646179583275878322e+00 3.942853759507779221e-03
7.656179583275878109e+00 3.924770593603347200e-03
7.666179583275877896e+00 3.906701288108771486e-03
7.676179583275877683e+00 3.888645962113059830e-03
7.686179583275877469e+00 3.870604734621484015e-03
7.696179583275877256e+00 3.852577724552028009e-03
7.706179583275877043e+00 3.834565050731806625e-03
7.716179583275876830e+00 3.816566831893469444e-03
7.726179583275876617e+00 3.798583186671581312e-03
7.736179583275876404e+00 3.780614233598978118e-03
7.746179583275876190e+00 3.762660091103112170e-03
7.756179583275875977e+00 3.744720877502365035e-03
7.766179583275875764e+00 3.726796711002348678e-03
7.776179583275875551e+00 3.708887709692185782e-03
7.786179583275875338e+00 3.690993991540769247e-03
7.796179583275875125e+00 3.673115674393003481e-03
7.806179583275874911e+00 3.655252875966027905e-03
7.816179583275874698e+00 3.637405713845420080e-03
7.826179583275874485e+00 3.619574305481384081e-03
7.836179583275874272e+00 3.601758768184921099e-03
7.846179583275874059e+00 3.583959219123979655e-03
7.856179583275873846e+00 3.566175775319591935e-03
7.866179583275873632e+00 3.548408553641993653e-03
7.876179583275873419e+00 3.530657670806726985e-03
7.886179583275873206e+00 3.512923243370727477e-03
7.896179583275872993e+00 3.495205387728399227e-03
7.906179583275872780e+00 3.477504220107666653e-03
7.916179583275872567e+00 3.459819856566023234e-03
7.926179583275872353e+00 3.442152412986558985e-03
7.936179583275872140e+00 3.424502005073973201e-03
7.946179583275871927e+00 3.406868748350579384e-03
7.956179583275871714e+00 3.389252758152292398e-03
7.966179583275871501e+00 3.371654149624605211e-03
7.976179583275871288e+00 3.354073037718553491e-03
7.986179583275871074e+00 3.336509537186668935e-03
7.996179583275870861e+00 3.318963762594587599e-03
8.006179583275871536e+00 3.301435828692339276e-03
8.016179583275871323e+00 3.283925850723705062e-03
8.026179583275871110e+00 3.266433944277518601e-03
8.036179583275870897e+00 3.248960225274199424e-03
8.046179583275870684e+00 3.231504809960338443e-03
8.056179583275870471e+00 3.214067814903183700e-03
8.066179583275870257e+00 3.196649356985025500e-03
8.076179583275870044e+00 3.179249553397483531e-03
8.086179583275869831e+00 3.161868521635697715e-03
8.096179583275869618e+00 3.144506379492414960e-03
8.106179583275869405e+00 3.127163245051983991e-03
8.116179583275869192e+00 3.109839236684252151e-03
8.126179583275868978e+00 3.092534473038364637e-03
8.136179583275868765e+00 3.075249073036467884e-03
8.146179583275868552e+00 3.057983155867321882e-03
8.156179583275868339e+00 3.040736840979814479e-03
8.166179583275868126e+00 3.023510248076383741e-03
8.176179583275867913e+00 3.006303497106348806e-03
8.186179583275867699e+00 2.989116708259144904e-03
8.196179583275867486e+00 2.971950001957473792e-03
8.206179583275867273e+00 2.954803498850357060e-03
8.216179583275867060e+00 2.937677319806103558e-03
8.226179583275866847e+00 2.920571585905189227e-03
8.236179583275866634e+00 2.903486418433045852e-03
8.246179583275866420e+00 2.886421938872763947e-03
8.256179583275866207e+00 2.869378268897711508e-03
8.266179583275865994e+00 2.852355530364063859e-03
8.276179583275865781e+00 2.835353845303253267e-03
8.286179583275865568e+00 2.774328091463262261e-03
8.296179583275865355e+00 2.702764226425063889e-03
8.306179583275865141e+00 2.631290751012736046e-03
8.316179583275864928e+00 2.559908182802586498e-03
8.326179583275864715e+00 2.488617039945919662e-03
8.336179583275864502e+00 2.417417841135126224e-03
8.346179583275864289e+00 2.346311105569436669e-03
8.356179583275864076e+00 2.275297352920360814e-03
8.366179583275863862e+00 2.204377103296799919e-03
8.376179583275863649e+00 2.133550877209857387e-03
8.386179583275863436e+00 2.062819195537334612e-03
8.396179583275863223e+00 1.992182579487934528e-03
8.406179583275863010e+00 1.921641550565147049e-03
8.416179583275862797e+00 1.851196630530865415e-03
8.426179583275862583e+00 1.780848341368699607e-03
8.436179583275862370e+00 1.710597205247015246e-03
8.446179583275862157e+00 1.640443744481689730e-03
8.456179583275861944e+00 1.570388481498599708e-03
8.466179583275861731e+00 1.500431938795841616e-03
8.476179583275861518e+00 1.430574638905693103e-03
8.486179583275861305e+00 1.360817104356316183e-03
8.496179583275861091e+00 1.291159857633214720e-03
8.506179583275860878e+00 1.221603421140442756e-03
8.516179583275860665e+00 1.152148317161581260e-03
8.526179583275860452e+00 1.082795067820474175e-03
8.536179583275860239e+00 1.013544195041748064e-03
8.546179583275860026e+00 9.443962205111057018e-04
8.556179583275859812e+00 8.753516656354048834e-04
8.566179583275859599e+00 8.064110515025376281e-04
8.576179583275859386e+00 7.375748988410940664e-04
8.586179583275859173e+00 6.688437279798439610e-04
8.596179583275858960e+00 6.002180588070205785e-04
8.606179583275858747e+00 5.316984107294267514e-04
8.616179583275858533e+00 4.632853026313647586e-04
8.626179583275858320e+00 3.949792528333940871e-04
8.636179583275858107e+00 3.267807790509284619e-04
8.646179583275857894e+00 2.658766972899895970e-04
8.656179583275857681e+00 2.603717784456840707e-04
8.666179583275857468e+00 2.548756961598937307e-04
8.676179583275857254e+00 2.493884921255662282e-04
8.686179583275857041e+00 2.439102079697047856e-04
8.696179583275856828e+00 2.384408852499483790e-04
8.706179583275856615e+00 2.329805654511423797e-04
8.716179583275856402e+00 2.275292899819000066e-04
8.726179583275856189e+00 2.220871001711565698e-04
8.736179583275855975e+00 2.166540372647157979e-04
8.746179583275855762e+00 2.112301424217887132e-04
8.756179583275855549e+00 2.058154567115271926e-04
8.766179583275855336e+00 2.004100211095509703e-04
8.776179583275855123e+00 1.950138764944695446e-04
8.786179583275854910e+00 1.896270636444003432e-04
8.796179583275854696e+00 1.842496232334818755e-04
8.806179583275854483e+00 1.788815958283844444e-04
8.816179583275854270e+00 1.735230218848172806e-04
8.826179583275854057e+00 1.681739417440345115e-04
8.836179583275853844e+00 1.628343956293391512e-04
8.846179583275853631e+00 1.575044236425859792e-04
8.856179583275853417e+00 1.521840657606849886e-04
8.866179583275853204e+00 1.468733618321045630e-04
8.876179583275852991e+00 1.415723515733757916e-04
8.886179583275852778e+00 1.362810745655986281e-04
8.896179583275852565e+00 1.309995702509502173e-04
8.906179583275852352e+00 1.257278779291963119e-04
8.916179583275852139e+00 1.204660367650130801e-04
8.926179583275851925e+00 1.152140871922497023e-04
8.936179583275851712e+00 1.099720721670993331e-04
8.946179583275851499e+00 1.047400351015134962e-04
8.956179583275851286e+00 9.951801960217451640e-05
8.966179583275851073e+00 9.430606946287889100e-05
8.976179583275850860e+00 8.910422865686681664e-05
8.986179583275850646e+00 8.391254132910061004e-05
8.996179583275850433e+00 7.873105178849175087e-05
9.006179583275850220e+00 7.355980450007859345e-05
9.016179583275850007e+00 6.839884407715630585e-05
9.026179583275849794e+00 6.324821527336009334e-05
9.036179583275849581e+00 5.810796297470317005e-05
9.046179583275849367e+00 5.297813219157117271e-05
9.056179583275849154e+00 4.785876805067439224e-05
9.066179583275848941e+00 4.274991578695895469e-05
9.076179583275848728e+00 3.765162073547916738e-05
9.086179583275848515e+00 3.256392832323188414e-05
9.096179583275848302e+00 2.748688406095518676e-05
9.106179583275848088e+00 3.945837996610418105e-05
9.116179583275847875e+00 7.130875618923510594e-05
9.126179583275847662e+00 1.030911862134678558e-04
9.136179583275847449e+00 1.348053817315142313e-04
9.146179583275847236e+00 1.664510541699076775e-04
9.156179583275847023e+00 1.980279147418175911e-04
9.166179583275846809e+00 2.295356745000141137e-04
9.176179583275846596e+00 2.609740443899743068e-04
9.186179583275846383e+00 2.923427353031197301e-04
9.196179583275846170e+00 3.236414581301740425e-04
9.206179583275845957e+00 3.548699238146251194e-04
9.216179583275845744e+00 3.860278434062833393e-04
9.226179583275845530e+00 4.171149281149224858e-04
9.236179583275845317e+00 4.481308893639971954e-04
9.246179583275845104e+00 4.790754388444117950e-04
9.256179583275844891e+00 5.099482885683409659e-04
9.266179583275844678e+00 5.407491509230881368e-04
9.276179583275844465e+00 5.714777387249587309e-04
9.286179583275844251e+00 6.021337652731520614e-04
9.296179583275844038e+00 6.327169444036441189e-04
9.306179583275843825e+00 6.632269905430577834e-04
9.316179583275843612e+00 6.936636187625057131e-04
9.326179583275843399e+00 7.240265448313917091e-04
9.336179583275843186e+00 7.543154852711578696e-04
9.346179583275842973e+00 7.845301574089668002e-04
9.356179583275842759e+00 8.146702794313014258e-04
9.366179583275842546e+00 8.447355704374753544e-04
9.376179583275842333e+00 8.747257504930350388e-04
9.386179583275842120e+00 9.046405406830440848e-04
9.396179583275841907e+00 9.344796631652346362e-04
9.406179583275841694e+00 9.642428412230134773e-04
9.416179583275841480e+00 9.939297993183107086e-04
9.426179583275841267e+00 1.023540263144254083e-03
9.436179583275841054e+00 1.053073959677660763e-03
9.446179583275840841e+00 1.082530617231328499e-03
9.456179583275840628e+00 1.111909965506114846e-03
9.466179583275840415e+00 1.141211735642793041e-03
9.476179583275840201e+00 1.170435660273668257e-03
9.486179583275839988e+00 1.199581473573941692e-03
9.496179583275839775e+00 1.228648911312810524e-03
9.506179583275839562e+00 1.227729898566524676e-03
9.516179583275839349e+00 1.221959131615400545e-03
9.526179583275839136e+00 1.216204165598148718e-03
9.536179583275838922e+00 1.210465051884868125e-03
9.546179583275838709e+00 1.204741841477362458e-03
9.556179583275838496e+00 1.199034584999310793e-03
9.566179583275838283e+00 1.193343332686512591e-03
9.576179583275838070e+00 1.187668134377203822e-03
9.586179583275837857e+00 1.182009039502450497e-03
9.596179583275837643e+00 1.176366098440122677e-03
9.606179583275837430e+00 1.170739372503809550e-03
9.616179583275837217e+00 1.165128928575372060e-03
9.626179583275837004e+00 1.159534833786306750e-03
9.636179583275836791e+00 1.153957155448091841e-03
9.646179583275836578e+00 1.148395961025864111e-03
9.656179583275836364e+00 1.142851318112103349e-03
9.666179583275836151e+00 1.137323294400334819e-03
9.676179583275835938e+00 1.131811957658857091e-03
9.686179583275835725e+00 1.126317375704499139e-03
9.696179583275835512e+00 1.120839616376421250e-03
9.706179583275835299e+00 1.115378747509958648e-03
9.716179583275835085e+00 1.109934836910523009e-03
9.726179583275834872e+00 1.104507952327565780e-03
9.736179583275834659e+00 1.099098161428612623e-03
9.746179583275834446e+00 1.093705531773375489e-03
9.756179583275834233e+00 1.088330130787953150e-03
9.766179583275834020e+00 1.082972025739125429e-03
9.776179583275833807e+00 1.077631283708749971e-03
9.786179583275833593e+00 1.072307971568272440e-03
9.796179583275833380e+00 1.067002155953353367e-03
9.806179583275833167e+00 1.061713903238625106e-03
9.816179583275832954e+00 1.055694014094614181e-03
9.826179583275832741e+00 1.049162955754425006e-03
9.836179583275832528e+00 1.042653978990558481e-03
9.846179583275832314e+00 1.036167164719263133e-03
9.856179583275832101e+00 1.029702593378059540e-03
9.866179583275831888e+00 1.023260344895522743e-03
9.876179583275831675e+00 1.016840498661298643e-03
9.886179583275831462e+00 1.010443133496360208e-03
9.896179583275831249e+00 1.004068327623516528e-03
9.906179583275831035e+00 9.977161586381831562e-04
9.916179583275830822e+00 9.913867034794256704e-04
9.926179583275830609e+00 9.850800384012849131e-04
9.936179583275830396e+00 9.787962389443945286e-04
9.946179583275830183e+00 9.725353799079024036e-04
9.956179583275829970e+00 9.662975353217016479e-04
9.966179583275829756e+00 9.600827784189862931e-04
9.976179583275829543e+00 9.538911816091375645e-04
9.986179583275829330e+00 9.477228164509514602e-04
9.996179583275829117e+00 9.415777536262170695e-04
1.000617958327582890e+01 9.354560629136551711e-04
1.001617958327582869e+01 9.293578131632260035e-04
1.002617958327582848e+01 9.232830722708153118e-04
1.003617958327582826e+01 9.172319071533071308e-04
1.004617958327582805e+01 9.112043837240536024e-04
1.005617958327582784e+01 9.052005668687474653e-04
1.006617958327582762e+01 8.977467544291012694e-04
1.007617958327582741e+01 8.889611838896999780e-04
1.008617958327582720e+01 8.802108588637564584e-04
1.009617958327582699e+01 8.714958935762832969e-04
1.010617958327582677e+01 8.628164875832232275e-04
1.011617958327582656e+01 8.541728538120055194e-04
1.012617958327582635e+01 8.455651984998441111e-04
1.013617958327582613e+01 8.369937212266949714e-04
1.014617958327582592e+01 8.284586149501611211e-04
1.015617958327582571e+01 8.199600660422930566e-04
1.016617958327582549e+01 8.114982543282330766e-04
1.017617958327582528e+01 8.030733531266512522e-04
1.018617958327582507e+01 7.946855292919221929e-04
1.019617958327582485e+01 7.863349432579873127e-04
1.020617958327582464e+01 7.780217490838532658e-04
1.021617958327582443e+01 7.697460945006710407e-04
1.022617958327582421e+01 7.615081209603448637e-04
1.023617958327582400e+01 7.533079636856162675e-04
1.024617958327582379e+01 7.451457517215723681e-04
1.025617958327582357e+01 7.370216079885242482e-04
1.026617958327582336e+01 7.289356493362038380e-04
1.027617958327582315e+01 7.208390335032157465e-04
1.028617958327582294e+01 7.127774026708949421e-04
1.029617958327582272e+01 7.047545233379638209e-04
1.030617958327582251e+01 6.967704892472980412e-04
1.031617958327582230e+01 6.888253883223217867e-04
1.032617958327582208e+01 6.809193027284218564e-04
1.033617958327582187e+01 6.730523089353262611e-04
1.034617958327582166e+01 6.652244777803963680e-04
1.035617958327582144e+01 6.574358745327836973e-04
1.036617958327582123e+01 6.496865589584017130e-04
1.037617958327582102e+01 6.419765853856639276e-04
1.038617958327582080e+01 6.343060027719408340e-04
1.039617958327582059e+01 6.266748547706873064e-04
1.040617958327582038e+01 6.190831797991952620e-04
1.041617958327582016e+01 6.115310111069236594e-04
1.042617958327581995e+01 6.040183768443622503e-04
1.043617958327581974e+01 5.965453001323833306e-04
1.044617958327581952e+01 5.888083952182418318e-04
1.045617958327581931e+01 5.809147852896456767e-04
1.046617958327581910e+01 5.730634569333088561e-04
1.047617958327581889e+01 5.652544506816651161e-04
1.048617958327581867e+01 5.574878195275384529e-04
1.049617958327581846e+01 5.497636253276111861e-04
1.050617958327581825e+01 5.420819383157454447e-04
1.051617958327581803e+01 5.344428366215890538e-04
1.052617958327581782e+01 5.268464057944179015e-04
1.053617958327581761e+01 5.192927383321910414e-04
1.054617958327581739e+01 5.117819332158134345e-04
1.055617958327581718e+01 5.043140954486182576e-04
1.056617958327581697e+01 4.968893356011032554e-04
1.057617958327581675e+01 4.895077693609688413e-04
1.058617958327581654e+01 4.821695170885221312e-04
1.059617958327581633e+01 4.772176901960239180e-04
1.060617958327581611e+01 4.728977931316904332e-04
1.061617958327581590e+01 4.686039293801139366e-04
1.062617958327581569e+01 4.643361791972484918e-04
1.063617958327581547e+01 4.600946243482978643e-04
1.064617958327581526e+01 4.558793478632966706e-04
1.065617958327581505e+01 4.516904337963727179e-04
1.066617958327581484e+01 4.475279669887829103e-04
1.067617958327581462e+01 4.433920328358186176e-04
1.068617958327581441e+01 4.392827170576811221e-04
1.069617958327581420e+01 4.352001054744284066e-04
1.070617958327581398e+01 4.311442837850988858e-04
1.071617958327581377e+01 4.271153373511178447e-04
1.072617958327581356e+01 4.240813254543379933e-04
1.073617958327581334e+01 4.211154309392290806e-04
1.074617958327581313e+01 4.181697773362508426e-04
1.075617958327581292e+01 4.152444227856804315e-04
1.076617958327581270e+01 4.123394117960064303e-04
1.077617958327581249e+01 4.094547935186908195e-04
1.078617958327581228e+01 4.065906279517456372e-04
1.079617958327581206e+01 4.037469852263436167e-04
1.080617958327581185e+01 4.009239448896823087e-04
1.081617958327581164e+01 3.981215951969293188e-04
1.082617958327581142e+01 3.953400324120687898e-04
1.083617958327581121e+01 3.883606248176883400e-04
1.084617958327581100e+01 3.798935496472265129e-04
1.085617958327581078e+01 3.714917371623041782e-04
1.086617958327581057e+01 3.631555628164095137e-04
1.087617958327581036e+01 3.548854164235730208e-04
1.088617958327581015e+01 3.466817001662078862e-04
1.089617958327580993e+01 3.385448266337964373e-04
1.090617958327580972e+01 3.304752168937085560e-04
1.091617958327580951e+01 3.224732985955838468e-04
1.092617958327580929e+01 3.145395041108347460e-04
1.093617958327580908e+01 3.071065110657798347e-04
1.094617958327580887e+01 2.997705691987914917e-04
1.095617958327580865e+01 2.924999592567007031e-04
1.096617958327580844e+01 2.852950890661748169e-04
1.097617958327580823e+01 2.781563206494885128e-04
1.098617958327580801e+01 2.710837084298860222e-04
1.099617958327580780e+01 2.640773128817519599e-04
1.100617958327580759e+01 2.571373966014056894e-04
1.101617958327580737e+01 2.518841673931991989e-04
1.102617958327580716e+01 2.519145862992927531e-04
1.103617958327580695e+01 2.519446997283958161e-04
1.104617958327580673e+01 2.519745035182268658e-04
1.105617958327580652e+01 2.520039929203451122e-04
1.106617958327580631e+01 2.520331626640313102e-04
1.107617958327580610e+01 2.520620070200355403e-04
1.108617958327580588e+01 2.520905198641734180e-04
1.109617958327580567e+01 2.533870999271556259e-04
1.110617958327580546e+01 2.563223001020247362e-04
1.111617958327580524e+01 2.592204153258996502e-04
1.112617958327580503e+01 2.620806994955813423e-04
1.113617958327580482e+01 2.649020542935704727e-04
1.114617958327580460e+01 2.676820633415190852e-04
1.115617958327580439e+01 2.704184572858269603e-04
1.116617958327580418e+01 2.746966429727088757e-04
1.117617958327580396e+01 2.815325940510427600e-04
1.118617958327580375e+01 2.882468038012855460e-04
1.119617958327580354e+01 2.948387256718168112e-04
1.120617958327580332e+01 3.013088341693391493e-04
1.121617958327580311e+01 3.076585068082648305e-04
1.122617958327580290e+01 3.138898693517097366e-04
1.123617958327580268e+01 3.187485911055644439e-04
1.124617958327580247e+01 3.233244651210995637e-04
1.125617958327580226e+01 3.278076716477678395e-04
1.126617958327580205e+01 3.321986093641207606e-04
1.127617958327580183e+01 3.364986673865375975e-04
1.128617958327580162e+01 3.407100882124410772e-04
1.129617958327580141e+01 3.383324770538620159e-04
1.130617958327580119e+01 3.348445183545897689e-04
1.131617958327580098e+01 3.314243029975739475e-04
1.132617958327580077e+01 3.280697144399631420e-04
1.133617958327580055e+01 3.247789060393284290e-04
1.134617958327580034e+01 3.233797716690694590e-04
1.135617958327580013e+01 3.254720974678286115e-04
1.136617958327579991e+01 3.275254760241308721e-04
1.137617958327579970e+01 3.295408259567881725e-04
1.138617958327579949e+01 3.315190062953617014e-04
1.139617958327579927e+01 3.333635221153796171e-04
1.140617958327579906e+01 3.350044909535816826e-04
1.141617958327579885e+01 3.366159506696264235e-04
1.142617958327579863e+01 3.381987255143193609e-04
1.143617958327579842e+01 3.397534836197749620e-04
1.144617958327579821e+01 3.621298073198204667e-04
1.145617958327579800e+01 3.857693781160394003e-04
1.146617958327579778e+01 4.089868863199371657e-04
1.147617958327579757e+01 4.315356192094300762e-04
1.148617958327579736e+01 4.467758307336689252e-04
1.149617958327579714e+01 4.617354272548441444e-04
1.150617958327579693e+01 4.764280778069473403e-04
1.151617958327579672e+01 4.399781647510765453e-04
1.152617958327579650e+01 3.783376442065055430e-04
1.153617958327579629e+01 3.178019417263864763e-04
1.154617958327579608e+01 2.981134484317542101e-04
1.155617958327579586e+01 2.854510574391024534e-04
1.156617958327579565e+01 3.017961922182928322e-04
1.157617958327579544e+01 3.574444384584592118e-04
1.158617958327579522e+01 3.924385126407226227e-04
1.159617958327579501e+01 3.822469577505755562e-04
1.160617958327579480e+01 3.889567615383901630e-04
1.161617958327579458e+01 4.115286987814612235e-04
1.162617958327579437e+01 2.686556644650385690e-04
1.163617958327579416e+01 4.056604613772699010e-04
1.164617958327579395e+01 8.473863529554680153e-04
1.165617958327579373e+01 3.030420257622441207e-04
1.166617958327579352e+01 7.045284217895651357e-04
1.167617958327579331e+01 -1.218070444217122898e-02
1.168617958327579309e+01 -7.284880951868640854e-03
1.169617958327579288e+01 -2.039503071227426537e-03
1.170617958327579267e+01 -3.390310918898162317e-04
1.171617958327579245e+01 2.674303849219428230e-04
1.172617958327579224e+01 5.827829986471714998e-05
1.173617958327579203e+01 -2.261372107539636855e-06
1.174617958327579181e+01 -1.394390677720565530e-05
1.175617958327579160e+01 3.076829395221038595e-05
1.176617958327579139e+01 7.047092360104481416e-04
1.177617958327579117e+01 8.293361468994127350e-04
1.178617958327579096e+01 1.156056979369217592e-04
1.179617958327579075e+01 -1.201784829585352465e-03
1.180617958327579053e+01 -2.696887563479185646e-04
1.181617958327579032e+01 2.439860616416061987e-04
1.182617958327579011e+01 7.729980015532476574e-04
1.183617958327578989e+01 1.175324760006721345e-03
1.184617958327578968e+01 8.787317444580939121e-06
1.185617958327578947e+01 -1.220023884829630773e-03
1.186617958327578926e+01 -1.399510558453916000e-04
1.187617958327578904e+01 1.585300406169947492e-03
1.188617958327578883e+01 -3.178942326021200085e-04
1.189617958327578862e+01 -1.514174352416315823e-03
1.190617958327578840e+01 2.338379562233576341e-04
1.191617958327578819e+01 2.430920464218008260e-03
1.192617958327578798e+01 7.100869671738587602e-04
1.193617958327578776e+01 -6.354976279852465448e-04
1.194617958327578755e+01 5.878017084176311892e-04
1.195617958327578734e+01 3.963338089338442954e-04
1.196617958327578712e+01 -2.428638717690792970e-04
1.197617958327578691e+01 3.511506933761865965e-05
1.198617958327578670e+01 3.037073082471453763e-04
1.199617958327578648e+01 3.366297917437661622e-04
1.200617958327578627e+01 3.367034582204300156e-04
1.201617958327578606e+01 3.252533615737613400e-04
1.202617958327578584e+01 3.318230105891037830e-04
1.203617958327578563e+01 3.331493888649631027e-04
1.204617958327578542e+01 3.161421443527521872e-04
1.205617958327578521e+01 3.495851059338859253e-04
1.206617958327578499e+01 4.168943753262506122e-04
1.207617958327578478e+01 2.465367856420678941e-04
1.208617958327578457e+01 3.412220809397474922e-04
1.209617958327578435e+01 8.173118429633897735e-04
1.210617958327578414e+01 7.519837181089884109e-04
1.211617958327578393e+01 2.239826215615816751e-04
1.212617958327578371e+01 -4.420779901590193134e-04
1.213617958327578350e+01 -1.096797444896328161e-04
1.214617958327578329e+01 3.466511727963603488e-04
1.215617958327578307e+01 3.934220293890790493e-04
1.216617958327578286e+01 3.141596366140126436e-04
1.217617958327578265e+01 3.539773981459861264e-04
1.218617958327578243e+01 3.277130324646694462e-04
1.219617958327578222e+01 3.320201505917300404e-04
1.220617958327578201e+01 3.307616600842912626e-04
1.221617958327578179e+01 3.323095854353083915e-04
1.222617958327578158e+01 3.392075210946255727e-04
1.223617958327578137e+01 3.407043305017010896e-04
1.224617958327578116e+01 3.428123195331369394e-04
1.225617958327578094e+01 3.581751751368313801e-04
1.226617958327578073e+01 3.425213615453805301e-04
1.227617958327578052e+01 3.339053550169883097e-04
1.228617958327578030e+01 4.100247175170518396e-04
1.229617958327578009e+01 3.558658546404014399e-04
1.230617958327577988e+01 3.125494386160295292e-04
1.231617958327577966e+01 3.541576145567629729e-04
1.232617958327577945e+01 3.640066135956345861e-04
1.233617958327577924e+01 3.764501649776329706e-04
1.234617958327577902e+01 3.944456877383109572e-04
1.235617958327577881e+01 3.977962390443404313e-04
1.236617958327577860e+01 4.307219008923792629e-04
1.237617958327577838e+01 4.156931290643250021e-04
1.238617958327577817e+01 4.470240702614825803e-04
1.239617958327577796e+01 4.926233156249391378e-04
1.240617958327577774e+01 3.767185028243254241e-04
1.241617958327577753e+01 5.840863398633398818e-04
1.242617958327577732e+01 3.545094868826802539e-04
1.243617958327577711e+01 3.540782499557061647e-04
1.243991270992231080e+01 3.464949626978891051e-04
