1.000000000000000021e-03 2.114081012259569955e-03
1.470794323133118447e-03 2.114081011380947259e-03
6.178737554464302714e-03 2.114080984178967441e-03
1.617873755446430292e-02 2.114080815307351965e-03
2.617873755446430140e-02 2.114080495371705413e-03
3.617873755446430334e-02 2.114080024373854449e-03
4.617873755446430528e-02 2.114079402316487027e-03
5.617873755446430722e-02 2.114078629203153693e-03
6.617873755446430917e-02 2.114077705038265847e-03
7.617873755446430417e-02 2.114076629827099218e-03
8.617873755446429918e-02 2.114075403575789523e-03
9.617873755446429418e-02 2.114074026291335503e-03
1.061787375544642892e-01 2.114072497981597624e-03
1.161787375544642842e-01 2.114070818655298944e-03
1.261787375544642931e-01 2.114068988322023810e-03
1.361787375544643020e-01 2.114067006992218726e-03
1.461787375544643108e-01 2.114064874677191487e-03
1.561787375544643197e-01 2.114062591389112480e-03
1.661787375544643286e-01 2.114060157141013814e-03
1.761787375544643375e-01 2.114057571946788457e-03
1.861787375544643464e-01 2.114054835821191965e-03
1.961787375544643552e-01 2.114051948779840321e-03
2.061787375544643641e-01 2.114048910839212529e-03
2.161787375544643730e-01 2.114045722016647151e-03
2.261787375544643819e-01 2.114042382330345773e-03
2.361787375544643908e-01 2.114038891799369536e-03
2.461787375544643997e-01 2.114035250443642606e-03
2.561787375544644085e-01 2.114031458283948707e-03
2.661787375544644174e-01 2.114027515341932850e-03
2.761787375544644263e-01 2.114023421640101336e-03
2.861787375544644352e-01 2.114019177201820893e-03
2.961787375544644441e-01 2.114014782051318667e-03
3.061787375544644529e-01 2.114010236213682663e-03
3.161787375544644618e-01 2.114005539714861309e-03
3.261787375544644707e-01 2.114000692581663454e-03
3.361787375544644796e-01 2.113995694841757506e-03
3.461787375544644885e-01 2.113990546523671857e-03
3.561787375544644974e-01 2.113985247656796195e-03
3.661787375544645062e-01 2.113979798271378024e-03
3.761787375544645151e-01 2.113974198398526141e-03
3.861787375544645240e-01 2.113968448070207597e-03
3.961787375544645329e-01 2.113962547319249430e-03
4.061787375544645418e-01 2.113956496179337369e-03
4.161787375544645506e-01 2.113950294685017130e-03
4.261787375544645595e-01 2.113943942871691819e-03
4.361787375544645684e-01 2.113937440775624961e-03
4.461787375544645773e-01 2.113930788433936604e-03
4.561787375544645862e-01 2.113923985884606782e-03
4.661787375544645950e-01 2.113917033166473353e-03
4.761787375544646039e-01 2.113909930319231561e-03
4.861787375544646128e-01 2.113902677383434903e-03
4.961787375544646217e-01 2.113895274400494264e-03
5.061787375544646306e-01 2.113887721412677917e-03
5.161787375544646395e-01 2.113880018463112388e-03
5.261787375544646483e-01 2.113872165595779857e-03
5.361787375544646572e-01 2.113864162855519455e-03
5.461787375544646661e-01 2.113856010288027703e-03
5.561787375544646750e-01 2.113847707939857205e-03
5.661787375544646839e-01 2.113839255858416654e-03
5.761787375544646927e-01 2.113830654091970393e-03
5.861787375544647016e-01 2.113821902689639286e-03
5.961787375544647105e-01 2.113813001701398547e-03
6.061787375544647194e-01 2.113803951178079912e-03
6.161787375544647283e-01 2.113794751171369467e-03
6.261787375544647372e-01 2.113785401733808082e-03
6.361787375544647460e-01 2.113775902918791413e-03
6.461787375544647549e-01 2.113766254780569034e-03
6.561787375544647638e-01 2.113756457374244870e-03
6.661787375544647727e-01 2.113746510755776329e-03
6.761787375544647816e-01 2.113736414981975172e-03
6.861787375544647904e-01 2.113726170110505776e-03
6.961787375544647993e-01 2.113715776199885134e-03
7.061787375544648082e-01 2.113705233309483723e-03
7.161787375544648171e-01 2.113694541499523769e-03
7.261787375544648260e-01 2.113683700831080117e-03
7.361787375544648349e-01 2.113672711366079791e-03
7.461787375544648437e-01 2.113661573167300699e-03
7.561787375544648526e-01 2.113650286298372066e-03
7.661787375544648615e-01 2.113638850823774864e-03
7.761787375544648704e-01 2.113627266808839646e-03
7.861787375544648793e-01 2.113615534319748714e-03
7.961787375544648881e-01 2.113603653423533086e-03
8.061787375544648970e-01 2.113591624188074225e-03
8.161787375544649059e-01 2.113579446682103610e-03
8.261787375544649148e-01 2.113567120975200133e-03
8.361787375544649237e-01 2.113554647137793566e-03
8.461787375544649326e-01 2.113542025241160662e-03
8.561787375544649414e-01 2.113529255357426886e-03
8.661787375544649503e-01 2.113516337559565115e-03
8.761787375544649592e-01 2.113503271921396073e-03
8.861787375544649681e-01 2.113490058517588331e-03
8.961787375544649770e-01 2.113476697423655268e-03
9.061787375544649858e-01 2.113463188715958112e-03
9.161787375544649947e-01 2.113449532471704199e-03
9.261787375544650036e-01 2.113435728768945678e-03
9.361787375544650125e-01 2.113421777686580807e-03
9.461787375544650214e-01 2.113407679304352658e-03
9.561787375544650303e-01 2.113393433702848243e-03
9.661787375544650391e-01 2.113379040963500252e-03
9.761787375544650480e-01 2.113364501168583150e-03
9.861787375544650569e-01 2.113349814401216213e-03
9.961787375544650658e-01 2.113334980745361791e-03
1.006178737554465075e+00 2.113320000285824011e-03
1.016178737554465084e+00 2.113304873108250506e-03
1.026178737554465092e+00 2.113289599299129386e-03
1.036178737554465101e+00 2.113274178945791833e-03
1.046178737554465110e+00 2.113258612136407772e-03
1.056178737554465119e+00 2.113242898959990200e-03
1.066178737554465128e+00 2.113227039506390854e-03
1.076178737554465137e+00 2.113211033866301512e-03
1.086178737554465146e+00 2.113194882131253557e-03
1.096178737554465155e+00 2.113178584393617110e-03
1.106178737554465163e+00 2.113162140746600599e-03
1.116178737554465172e+00 2.113145551284251623e-03
1.126178737554465181e+00 2.113128816101453485e-03
1.136178737554465190e+00 2.113111935293928226e-03
1.146178737554465199e+00 2.113094908958234024e-03
1.156178737554465208e+00 2.113077737191765629e-03
1.166178737554465217e+00 2.113060420092752623e-03
1.176178737554465226e+00 2.113042957760261596e-03
1.186178737554465235e+00 2.113025350294192237e-03
1.196178737554465243e+00 2.113007597795280371e-03
1.206178737554465252e+00 2.112989700365094058e-03
1.216178737554465261e+00 2.112971658106036193e-03
1.226178737554465270e+00 2.112953471121341471e-03
1.236178737554465279e+00 2.112935139515078557e-03
1.246178737554465288e+00 2.112916663392146611e-03
1.256178737554465297e+00 2.112898042858277030e-03
1.266178737554465306e+00 2.112879278020032142e-03
1.276178737554465314e+00 2.112860368984805209e-03
1.286178737554465323e+00 2.112841315860818255e-03
1.296178737554465332e+00 2.112822118757123804e-03
1.306178737554465341e+00 2.112802777783603578e-03
1.316178737554465350e+00 2.112783293050966762e-03
1.326178737554465359e+00 2.112763664670751305e-03
1.336178737554465368e+00 2.112743892755322185e-03
1.346178737554465377e+00 2.112723977417870977e-03
1.356178737554465386e+00 2.112703918772416284e-03
1.366178737554465394e+00 2.112683716933802004e-03
1.376178737554465403e+00 2.112663372017697331e-03
1.386178737554465412e+00 2.112642884140596752e-03
1.396178737554465421e+00 2.112622253419817447e-03
1.406178737554465430e+00 2.112601479973501891e-03
1.416178737554465439e+00 2.112580563920614819e-03
1.426178737554465448e+00 2.112559505380942788e-03
1.436178737554465457e+00 2.112538304475095920e-03
1.446178737554465465e+00 2.112516961324503988e-03
1.456178737554465474e+00 2.112495476051418596e-03
1.466178737554465483e+00 2.112473848778910999e-03
1.476178737554465492e+00 2.112452079630872115e-03
1.486178737554465501e+00 2.112430168732012080e-03
1.496178737554465510e+00 2.112408116207859388e-03
1.506178737554465519e+00 2.112385922184759589e-03
1.516178737554465528e+00 2.112363586789877019e-03
1.526178737554465537e+00 2.112341110151191338e-03
1.536178737554465545e+00 2.112318492397498824e-03
1.546178737554465554e+00 2.112295733658410210e-03
1.556178737554465563e+00 2.112272834064352414e-03
1.566178737554465572e+00 2.112249793746565508e-03
1.576178737554465581e+00 2.112226612837103581e-03
1.586178737554465590e+00 2.112203291468832574e-03
1.596178737554465599e+00 2.112179829775432446e-03
1.606178737554465608e+00 2.112156227891393272e-03
1.616178737554465616e+00 2.112132485952016980e-03
1.626178737554465625e+00 2.112108604093414742e-03
1.636178737554465634e+00 2.112084582452509150e-03
1.646178737554465643e+00 2.112060421167029876e-03
1.656178737554465652e+00 2.112036120375516707e-03
1.666178737554465661e+00 2.112011680217315644e-03
1.676178737554465670e+00 2.111987100832581066e-03
1.686178737554465679e+00 2.111962382362272267e-03
1.696178737554465688e+00 2.111937524948155620e-03
1.706178737554465696e+00 2.111912528732801109e-03
1.716178737554465705e+00 2.111887393859584496e-03
1.726178737554465714e+00 2.111862120472684286e-03
1.736178737554465723e+00 2.111836708717081731e-03
1.746178737554465732e+00 2.111811158738561255e-03
1.756178737554465741e+00 2.111785470683707425e-03
1.766178737554465750e+00 2.111759644699907120e-03
1.776178737554465759e+00 2.111733680935346923e-03
1.786178737554465767e+00 2.111707579539011392e-03
1.796178737554465776e+00 2.111681340660686093e-03
1.806178737554465785e+00 2.111654964450952396e-03
1.816178737554465794e+00 2.111628451061190945e-03
1.826178737554465803e+00 2.111601800643576887e-03
1.836178737554465812e+00 2.111575013351082910e-03
1.846178737554465821e+00 2.111548089337475335e-03
1.856178737554465830e+00 2.111521028757315423e-03
1.866178737554465838e+00 2.111493831765958069e-03
1.876178737554465847e+00 2.111466498519550504e-03
1.886178737554465856e+00 2.111439029175031859e-03
1.896178737554465865e+00 2.111411423890134035e-03
1.906178737554465874e+00 2.111383682823376930e-03
1.916178737554465883e+00 2.111355806134072779e-03
1.926178737554465892e+00 2.111327793982320511e-03
1.936178737554465901e+00 2.111299646529008357e-03
1.946178737554465910e+00 2.111271363935812110e-03
1.956178737554465918e+00 2.112247546754182116e-03
1.966178737554465927e+00 2.113395717045945740e-03
1.976178737554465936e+00 2.114549301991985961e-03
1.986178737554465945e+00 2.115708294964555817e-03
1.996178737554465954e+00 2.116872689304404465e-03
2.006178737554465741e+00 2.118042478320812747e-03
2.016178737554465528e+00 2.119217655291624411e-03
2.026178737554465314e+00 2.120398213463278638e-03
2.036178737554465101e+00 2.121584146050844739e-03
2.046178737554464888e+00 2.122775446238053376e-03
2.056178737554464675e+00 2.123972107177332994e-03
2.066178737554464462e+00 2.125174121989840178e-03
2.076178737554464249e+00 2.126381483765496516e-03
2.086178737554464035e+00 2.127594185563020258e-03
2.096178737554463822e+00 2.128812220409962309e-03
2.106178737554463609e+00 2.130035581302740059e-03
2.116178737554463396e+00 2.131264261206671212e-03
2.126178737554463183e+00 2.132498253056010207e-03
2.136178737554462970e+00 2.133737549753982055e-03
2.146178737554462757e+00 2.134982144172817460e-03
2.156178737554462543e+00 2.136232029153788819e-03
2.166178737554462330e+00 2.137487197507244481e-03
2.176178737554462117e+00 2.138747642012647776e-03
2.186178737554461904e+00 2.140013355418607377e-03
2.196178737554461691e+00 2.141284330442919364e-03
2.206178737554461478e+00 2.142560559772599751e-03
2.216178737554461264e+00 2.143842036063920917e-03
2.226178737554461051e+00 2.145128751942451933e-03
2.236178737554460838e+00 2.146420700003090661e-03
2.246178737554460625e+00 2.147717872810103647e-03
2.256178737554460412e+00 2.149020262897162990e-03
2.266178737554460199e+00 2.150327862767383198e-03
2.276178737554459985e+00 2.151640664893359357e-03
2.286178737554459772e+00 2.152958661717204857e-03
2.296178737554459559e+00 2.154281845650589128e-03
2.306178737554459346e+00 2.155610209074775799e-03
2.316178737554459133e+00 2.156943744340661731e-03
2.326178737554458920e+00 2.158282443768815180e-03
2.336178737554458706e+00 2.159626299649513963e-03
2.346178737554458493e+00 2.160975304242786655e-03
2.356178737554458280e+00 2.162329449778448154e-03
2.366178737554458067e+00 2.163688728456143479e-03
2.376178737554457854e+00 2.165053132445382902e-03
2.386178737554457641e+00 2.166422653885584880e-03
2.396178737554457427e+00 2.167797284886115519e-03
2.406178737554457214e+00 2.169177017526327175e-03
2.416178737554457001e+00 2.170561843855600519e-03
2.426178737554456788e+00 2.171951755893384867e-03
2.436178737554456575e+00 2.173346745629237652e-03
2.446178737554456362e+00 2.174746805022867348e-03
2.456178737554456148e+00 2.176151926004172947e-03
2.466178737554455935e+00 2.177562100473286882e-03
2.476178737554455722e+00 2.178977320300615368e-03
2.486178737554455509e+00 2.180397577326880464e-03
2.496178737554455296e+00 2.181822863363163008e-03
2.506178737554455083e+00 2.183253170190943386e-03
2.516178737554454869e+00 2.184688489562144897e-03
2.526178737554454656e+00 2.186128813199177123e-03
2.536178737554454443e+00 2.187574132794976693e-03
2.546178737554454230e+00 2.189024440013051520e-03
2.556178737554454017e+00 2.190479726487524169e-03
2.566178737554453804e+00 2.191939983823176091e-03
2.576178737554453591e+00 2.193405203595489260e-03
2.586178737554453377e+00 2.194875377350691270e-03
2.596178737554453164e+00 2.196350496605800444e-03
2.606178737554452951e+00 2.197830552848667029e-03
2.616178737554452738e+00 2.199315537538021770e-03
2.626178737554452525e+00 2.200805442103517546e-03
2.636178737554452312e+00 2.202300257945775767e-03
2.646178737554452098e+00 2.203799976436431052e-03
2.656178737554451885e+00 2.205304588918177190e-03
2.666178737554451672e+00 2.206814086704811818e-03
2.676178737554451459e+00 2.208328461081282817e-03
2.686178737554451246e+00 2.209847703303734721e-03
2.696178737554451033e+00 2.211371804599553820e-03
2.706178737554450819e+00 2.212900756167417160e-03
2.716178737554450606e+00 2.214434549177334618e-03
2.726178737554450393e+00 2.215973174770701371e-03
2.736178737554450180e+00 2.217516624060341269e-03
2.746178737554449967e+00 2.219064888130555836e-03
2.756178737554449754e+00 2.220617958037170245e-03
2.766178737554449540e+00 2.222175824807584056e-03
2.776178737554449327e+00 2.223738479440816318e-03
2.786178737554449114e+00 2.225305912907555011e-03
2.796178737554448901e+00 2.226878116150206484e-03
2.806178737554448688e+00 2.228455080082941860e-03
2.816178737554448475e+00 2.230036795591749943e-03
2.826178737554448261e+00 2.231623253534481023e-03
2.836178737554448048e+00 2.233214444740901951e-03
2.846178737554447835e+00 2.234810360012740808e-03
2.856178737554447622e+00 2.236410990123740249e-03
2.866178737554447409e+00 2.238016325819706942e-03
2.876178737554447196e+00 2.239626357818560575e-03
2.886178737554446982e+00 2.241241076810385462e-03
2.896178737554446769e+00 2.242860473457482153e-03
2.906178737554446556e+00 2.244484538394416872e-03
2.916178737554446343e+00 2.246113262228073559e-03
2.926178737554446130e+00 2.247746635537706782e-03
2.936178737554445917e+00 2.249384648874989869e-03
2.946178737554445703e+00 2.251027292764071729e-03
2.956178737554445490e+00 2.252674557701625415e-03
2.966178737554445277e+00 2.254326434156902776e-03
2.976178737554445064e+00 2.255982912571785626e-03
2.986178737554444851e+00 2.257643983360839955e-03
2.996178737554444638e+00 2.259309636911369275e-03
3.006178737554444425e+00 2.260979863583467090e-03
3.016178737554444211e+00 2.262654653710071545e-03
3.026178737554443998e+00 2.264333997597018332e-03
3.036178737554443785e+00 2.266017885523097502e-03
3.046178737554443572e+00 2.267706307740104208e-03
3.056178737554443359e+00 2.269399254472896817e-03
3.066178737554443146e+00 2.271096715919449817e-03
3.076178737554442932e+00 2.272798682250910633e-03
3.086178737554442719e+00 2.274505143611653402e-03
3.096178737554442506e+00 2.276216090119336649e-03
3.106178737554442293e+00 2.277931511864957504e-03
3.116178737554442080e+00 2.279651398912909376e-03
3.126178737554441867e+00 2.281375741301038332e-03
3.136178737554441653e+00 2.283104529040698612e-03
3.146178737554441440e+00 2.284837752116811171e-03
3.156178737554441227e+00 2.286575400487921364e-03
3.166178737554441014e+00 2.288317464086253583e-03
3.176178737554440801e+00 2.290063932817773280e-03
3.186178737554440588e+00 2.291814796562242039e-03
3.196178737554440374e+00 2.293570045173276995e-03
3.206178737554440161e+00 2.295329668478409378e-03
3.216178737554439948e+00 2.297093656279143494e-03
3.226178737554439735e+00 2.298861998351016574e-03
3.236178737554439522e+00 2.300634684443656885e-03
3.246178737554439309e+00 2.302411704280844448e-03
3.256178737554439095e+00 2.304193047560570452e-03
3.266178737554438882e+00 2.305978703955097967e-03
3.276178737554438669e+00 2.307768663111022661e-03
3.286178737554438456e+00 2.309562914649332215e-03
3.296178737554438243e+00 2.311361448165470504e-03
3.306178737554438030e+00 2.313164253229396151e-03
3.316178737554437816e+00 2.314971319385643669e-03
3.326178737554437603e+00 2.316782636153388083e-03
3.336178737554437390e+00 2.318598193026506511e-03
3.346178737554437177e+00 2.320417979473638447e-03
3.356178737554436964e+00 2.322241984938250813e-03
3.366178737554436751e+00 2.324070198838700842e-03
3.376178737554436537e+00 2.325902610568297228e-03
3.386178737554436324e+00 2.327739209495367778e-03
3.396178737554436111e+00 2.329579984963318830e-03
3.406178737554435898e+00 2.331424926290702904e-03
3.416178737554435685e+00 2.333274022771281587e-03
3.426178737554435472e+00 2.335127263674089716e-03
3.436178737554435259e+00 2.336984638243503470e-03
3.446178737554435045e+00 2.338846135699301516e-03
3.456178737554434832e+00 2.340711745236733962e-03
3.466178737554434619e+00 2.342581456026586982e-03
3.476178737554434406e+00 2.344455257215249163e-03
3.486178737554434193e+00 2.346333137924778295e-03
3.496178737554433980e+00 2.348215087252967723e-03
3.506178737554433766e+00 2.350101094273414435e-03
3.516178737554433553e+00 2.351991148035585417e-03
3.526178737554433340e+00 2.353885237564886171e-03
3.536178737554433127e+00 2.355783351862728373e-03
3.546178737554432914e+00 2.357685479906598824e-03
3.556178737554432701e+00 2.359591610650126677e-03
3.566178737554432487e+00 2.361501733023154120e-03
3.576178737554432274e+00 2.363415835931804900e-03
3.586178737554432061e+00 2.365333908258553716e-03
3.596178737554431848e+00 2.367255938862296034e-03
3.606178737554431635e+00 2.369181916578419218e-03
3.616178737554431422e+00 2.371111830218871914e-03
3.626178737554431208e+00 2.373045668572234743e-03
3.636178737554430995e+00 2.374983420403793590e-03
3.646178737554430782e+00 2.376925074455607696e-03
3.656178737554430569e+00 2.378870619446583814e-03
3.666178737554430356e+00 2.380820044072548200e-03
3.676178737554430143e+00 2.382773337006318173e-03
3.686178737554429929e+00 2.384730486897774972e-03
3.696178737554429716e+00 2.386691482373936614e-03
3.706178737554429503e+00 2.388656312039031619e-03
3.716178737554429290e+00 2.390624964474573604e-03
3.726178737554429077e+00 2.392597428239433277e-03
3.736178737554428864e+00 2.394573691869913458e-03
3.746178737554428650e+00 2.396553743879825411e-03
3.756178737554428437e+00 2.398537572760561266e-03
3.766178737554428224e+00 2.400525166981171219e-03
3.776178737554428011e+00 2.402516514988437685e-03
3.786178737554427798e+00 2.404511605206952497e-03
3.796178737554427585e+00 2.406510426039193233e-03
3.806178737554427371e+00 2.408512965865597811e-03
3.816178737554427158e+00 2.410519213044644282e-03
3.826178737554426945e+00 2.412529155912925861e-03
3.836178737554426732e+00 2.414542782785230723e-03
3.846178737554426519e+00 2.416560081954616593e-03
3.856178737554426306e+00 2.418581041692493151e-03
3.866178737554426093e+00 2.420605650248547000e-03
3.876178737554425879e+00 2.422633895834861578e-03
3.886178737554425666e+00 2.424665766614166138e-03
3.896178737554425453e+00 2.426701250723427555e-03
3.906178737554425240e+00 2.428740336276559528e-03
3.916178737554425027e+00 2.430783011364481133e-03
3.926178737554424814e+00 2.432829264055171459e-03
3.936178737554424600e+00 2.434879082393728161e-03
3.946178737554424387e+00 2.436932454402422534e-03
3.956178737554424174e+00 2.438989368080758929e-03
3.966178737554423961e+00 2.441049811405529395e-03
3.976178737554423748e+00 2.443113772330874831e-03
3.986178737554423535e+00 2.445181238788340494e-03
3.996178737554423321e+00 2.447252198686935849e-03
4.006178737554423108e+00 2.449326639913192247e-03
4.016178737554422895e+00 2.451404550331223210e-03
4.026178737554422682e+00 2.453485917782782105e-03
4.036178737554422469e+00 2.455570730087324599e-03
4.046178737554422256e+00 2.457658975042064167e-03
4.056178737554422042e+00 2.459750640422036713e-03
4.066178737554421829e+00 2.461845713980158681e-03
4.076178737554421616e+00 2.463944183447288640e-03
4.086178737554421403e+00 2.466046036532288429e-03
4.096178737554421190e+00 2.468151260922084311e-03
4.106178737554420977e+00 2.470259844281729854e-03
4.116178737554420763e+00 2.472371774254466213e-03
4.126178737554420550e+00 2.474487038461787181e-03
4.136178737554420337e+00 2.476605624503499473e-03
4.146178737554420124e+00 2.478727519957788644e-03
4.156178737554419911e+00 2.480852712381280238e-03
4.166178737554419698e+00 2.482981189309104841e-03
4.176178737554419484e+00 2.485112938254961396e-03
4.186178737554419271e+00 2.487247946711183127e-03
4.196178737554419058e+00 2.489386202148802154e-03
4.206178737554418845e+00 2.491527692017614110e-03
4.216178737554418632e+00 2.493672403746243198e-03
4.226178737554418419e+00 2.495820324742211577e-03
4.236178737554418205e+00 2.497971442392000942e-03
4.246178737554417992e+00 2.500125744061123222e-03
4.256178737554417779e+00 2.502283217094185622e-03
4.266178737554417566e+00 2.504443848814959586e-03
4.276178737554417353e+00 2.506607626526447148e-03
4.286178737554417140e+00 2.508774537510950319e-03
4.296178737554416927e+00 2.510944569030139611e-03
4.306178737554416713e+00 2.513117708325122556e-03
4.316178737554416500e+00 2.515293942616514400e-03
4.326178737554416287e+00 2.517473259104506620e-03
4.336178737554416074e+00 2.519655644968938485e-03
4.346178737554415861e+00 2.521841087369366442e-03
4.356178737554415648e+00 2.524029573445135677e-03
4.366178737554415434e+00 2.526221090315452535e-03
4.376178737554415221e+00 2.528415625079455213e-03
4.386178737554415008e+00 2.530613164816286186e-03
4.396178737554414795e+00 2.532813696585166797e-03
4.406178737554414582e+00 2.535017207425467513e-03
4.416178737554414369e+00 2.537223684356783825e-03
4.426178737554414155e+00 2.539433114379009097e-03
4.436178737554413942e+00 2.541645484472410035e-03
4.446178737554413729e+00 2.543860781597700842e-03
4.456178737554413516e+00 2.546078992696118246e-03
4.466178737554413303e+00 2.548300104689498694e-03
4.476178737554413090e+00 2.550524104480353382e-03
4.486178737554412876e+00 2.552750978951945013e-03
4.496178737554412663e+00 2.554980714968366727e-03
4.506178737554412450e+00 2.557213299374615830e-03
4.516178737554412237e+00 2.559448718996676624e-03
4.526178737554412024e+00 2.561686960641595436e-03
4.536178737554411811e+00 2.563928011097561712e-03
4.546178737554411597e+00 2.566171857133986087e-03
4.556178737554411384e+00 2.568418485501580608e-03
4.566178737554411171e+00 2.570667882932440272e-03
4.576178737554410958e+00 2.572920036140122386e-03
4.586178737554410745e+00 2.575174931819729403e-03
4.596178737554410532e+00 2.577432556647990015e-03
4.606178737554410318e+00 2.579692897283341561e-03
4.616178737554410105e+00 2.581955940366012416e-03
4.626178737554409892e+00 2.584221672518107003e-03
4.636178737554409679e+00 2.586490080343688183e-03
4.646178737554409466e+00 2.588761150428860961e-03
4.656178737554409253e+00 2.591034869341860523e-03
4.666178737554409039e+00 2.593311223633133766e-03
4.676178737554408826e+00 2.595590199835427336e-03
4.686178737554408613e+00 2.597871784463874362e-03
4.696178737554408400e+00 2.600155964016080332e-03
4.706178737554408187e+00 2.602442724972210686e-03
4.716178737554407974e+00 2.604732053795078862e-03
4.726178737554407761e+00 2.607023936930235198e-03
4.736178737554407547e+00 2.609318360806056267e-03
4.746178737554407334e+00 2.611615311833832918e-03
4.756178737554407121e+00 2.613914776407861781e-03
4.766178737554406908e+00 2.616216740905535909e-03
4.776178737554406695e+00 2.618521191687434978e-03
4.786178737554406482e+00 2.620828115097418101e-03
4.796178737554406268e+00 2.623137497462714896e-03
4.806178737554406055e+00 2.625449325094020032e-03
4.816178737554405842e+00 2.627763584285584299e-03
4.826178737554405629e+00 2.630080261315310888e-03
4.836178737554405416e+00 2.632399342444849064e-03
4.846178737554405203e+00 2.634720813919688275e-03
4.856178737554404989e+00 2.637044661969254866e-03
4.866178737554404776e+00 2.639370872807007915e-03
4.876178737554404563e+00 2.641699432630536387e-03
4.886178737554404350e+00 2.644030327621656271e-03
4.896178737554404137e+00 2.646363543946507729e-03
4.906178737554403924e+00 2.648699067755655272e-03
4.916178737554403710e+00 2.651036885184184910e-03
4.926178737554403497e+00 2.653376982351805195e-03
4.936178737554403284e+00 2.655719345362947837e-03
4.946178737554403071e+00 2.658063960306866584e-03
4.956178737554402858e+00 2.660410813257740870e-03
4.966178737554402645e+00 2.662759890274776428e-03
4.976178737554402431e+00 2.665111177402308077e-03
4.986178737554402218e+00 2.667464660669904668e-03
4.996178737554402005e+00 2.669820326092469699e-03
5.006178737554401792e+00 2.672178159670349738e-03
5.016178737554401579e+00 2.674538147389435034e-03
5.026178737554401366e+00 2.676900275221270106e-03
5.036178737554401152e+00 2.679264529123155658e-03
5.046178737554400939e+00 2.681630895038257436e-03
5.056178737554400726e+00 2.683999358895714643e-03
5.066178737554400513e+00 2.686369906610747062e-03
5.076178737554400300e+00 2.688742524084762608e-03
5.086178737554400087e+00 2.691117197205468783e-03
5.096178737554399873e+00 2.693493911846981965e-03
5.106178737554399660e+00 2.695872653869938428e-03
5.116178737554399447e+00 2.698253409121604066e-03
5.126178737554399234e+00 2.700636163435988450e-03
5.136178737554399021e+00 2.703020902633955416e-03
5.146178737554398808e+00 2.705407612523337991e-03
5.156178737554398595e+00 2.707796278899051150e-03
5.166178737554398381e+00 2.710186887543207176e-03
5.176178737554398168e+00 2.712579424225229283e-03
5.186178737554397955e+00 2.714973874701969141e-03
5.196178737554397742e+00 2.717370224717821810e-03
5.206178737554397529e+00 2.719768460004844558e-03
5.216178737554397316e+00 2.722168566282871793e-03
5.226178737554397102e+00 2.724570529259636928e-03
5.236178737554396889e+00 2.726974334630888602e-03
5.246178737554396676e+00 2.729379968080512114e-03
5.256178737554396463e+00 2.731787415280648255e-03
5.266178737554396250e+00 2.734196661891815597e-03
5.276178737554396037e+00 2.736607693563031934e-03
5.286178737554395823e+00 2.739020495931936139e-03
5.296178737554395610e+00 2.741435054624911331e-03
5.306178737554395397e+00 2.743851355257208909e-03
5.316178737554395184e+00 2.746269383433073020e-03
5.326178737554394971e+00 2.748689124745864153e-03
5.336178737554394758e+00 2.751110564778186645e-03
5.346178737554394544e+00 2.753533689102014015e-03
5.356178737554394331e+00 2.755958483278816897e-03
5.366178737554394118e+00 2.758384932859688811e-03
5.376178737554393905e+00 2.760813023385476697e-03
5.386178737554393692e+00 2.763242740386909289e-03
5.396178737554393479e+00 2.765674069384725913e-03
5.406178737554393265e+00 2.768106995889808332e-03
5.416178737554393052e+00 2.770541505403311278e-03
5.426178737554392839e+00 2.772977583416793429e-03
5.436178737554392626e+00 2.775415215412351845e-03
5.446178737554392413e+00 2.777854386862752076e-03
5.456178737554392200e+00 2.780295083231565639e-03
5.466178737554391986e+00 2.782737289973301852e-03
5.476178737554391773e+00 2.785180992533543582e-03
5.486178737554391560e+00 2.787626176349084720e-03
5.496178737554391347e+00 2.790072826848063754e-03
5.506178737554391134e+00 2.792520929450104279e-03
5.516178737554390921e+00 2.794970469566450746e-03
5.526178737554390707e+00 2.797421432600108535e-03
5.536178737554390494e+00 2.799873803945981433e-03
5.546178737554390281e+00 2.802327568991014751e-03
5.556178737554390068e+00 2.804794995640343819e-03
5.566178737554389855e+00 2.808506165936833394e-03
5.576178737554389642e+00 2.812219375464264197e-03
5.586178737554389429e+00 2.815934602099994834e-03
5.596178737554389215e+00 2.819651823710430001e-03
5.606178737554389002e+00 2.823371018151241228e-03
5.616178737554388789e+00 2.827092163267582847e-03
5.626178737554388576e+00 2.830815236894313174e-03
5.636178737554388363e+00 2.834540216856216120e-03
5.646178737554388150e+00 2.838267080968221931e-03
5.656178737554387936e+00 2.841995807035630969e-03
5.666178737554387723e+00 2.845726372854338361e-03
5.676178737554387510e+00 2.849458756211056907e-03
5.686178737554387297e+00 2.853192934883546500e-03
5.696178737554387084e+00 2.856928886640837904e-03
5.706178737554386871e+00 2.860666589243464775e-03
5.716178737554386657e+00 2.864406020443689173e-03
5.726178737554386444e+00 2.868147157985734448e-03
5.736178737554386231e+00 2.871889979606016396e-03
5.746178737554386018e+00 2.875634463033373972e-03
5.756178737554385805e+00 2.879380585989304350e-03
5.766178737554385592e+00 2.883128326188197539e-03
5.776178737554385378e+00 2.886877661337571011e-03
5.786178737554385165e+00 2.890628569138306916e-03
5.796178737554384952e+00 2.894381027284888448e-03
5.806178737554384739e+00 2.898135013465640963e-03
5.816178737554384526e+00 2.901890505362968772e-03
5.826178737554384313e+00 2.905647480653597570e-03
5.836178737554384099e+00 2.909405917008815994e-03
5.846178737554383886e+00 2.913165792094717620e-03
5.856178737554383673e+00 2.916927083572445987e-03
5.866178737554383460e+00 2.920689769087523018e-03
5.876178737554383247e+00 2.924453826113666659e-03
5.886178737554383034e+00 2.928219231977995107e-03
5.896178737554382820e+00 2.931985963988964407e-03
5.906178737554382607e+00 2.935753999439843533e-03
5.916178737554382394e+00 2.939523315608892195e-03
5.926178737554382181e+00 2.943293889759540823e-03
5.936178737554381968e+00 2.947065699140571839e-03
5.946178737554381755e+00 2.950838720986306146e-03
5.956178737554381541e+00 2.954612932516787870e-03
5.966178737554381328e+00 2.958388310937972148e-03
5.976178737554381115e+00 2.962164833441917246e-03
5.986178737554380902e+00 2.965942477206974948e-03
5.996178737554380689e+00 2.969721219397987878e-03
6.006178737554380476e+00 2.973501037166483355e-03
6.016178737554380263e+00 2.977281907650873322e-03
6.026178737554380049e+00 2.981063807976656009e-03
6.036178737554379836e+00 2.984846715256616288e-03
6.046178737554379623e+00 2.988630606591034279e-03
6.056178737554379410e+00 2.992415459067888743e-03
6.066178737554379197e+00 2.996201249763069153e-03
6.076178737554378984e+00 2.999987955740586465e-03
6.086178737554378770e+00 3.003775554052784749e-03
6.096178737554378557e+00 3.007564021740559337e-03
6.106178737554378344e+00 3.011353335833573223e-03
6.116178737554378131e+00 3.015143473350476080e-03
6.126178737554377918e+00 3.018934411299128897e-03
6.136178737554377705e+00 3.022726126676825598e-03
6.146178737554377491e+00 3.026518596470521155e-03
6.156178737554377278e+00 3.030311797657057968e-03
6.166178737554377065e+00 3.034105707203399189e-03
6.176178737554376852e+00 3.037900302066858568e-03
6.186178737554376639e+00 3.041695559195338981e-03
6.196178737554376426e+00 3.045491455527564451e-03
6.206178737554376212e+00 3.049287967993325171e-03
6.216178737554375999e+00 3.053085073513714300e-03
6.226178737554375786e+00 3.056882749001374293e-03
6.236178737554375573e+00 3.060680971360741492e-03
6.246178737554375360e+00 3.064479717488293765e-03
6.256178737554375147e+00 3.068278964272802035e-03
6.266178737554374933e+00 3.072078688595580951e-03
6.276178737554374720e+00 3.075878867330744323e-03
6.286178737554374507e+00 3.079679477345461432e-03
6.296178737554374294e+00 3.083480495500215933e-03
6.306178737554374081e+00 3.087281898649066932e-03
6.316178737554373868e+00 3.091083663639910932e-03
6.326178737554373654e+00 3.094885767314749410e-03
6.336178737554373441e+00 3.098688186509954232e-03
6.346178737554373228e+00 3.102490898056538705e-03
6.356178737554373015e+00 3.106293878780428189e-03
6.366178737554372802e+00 3.110097105502735923e-03
6.376178737554372589e+00 3.113900555040036676e-03
6.386178737554372375e+00 3.117704204204647771e-03
6.396178737554372162e+00 3.121508029804907509e-03
6.406178737554371949e+00 3.125312008645458363e-03
6.416178737554371736e+00 3.129116117527533207e-03
6.426178737554371523e+00 3.132920333249239811e-03
6.436178737554371310e+00 3.136724632605852707e-03
6.446178737554371097e+00 3.140528992390102022e-03
6.456178737554370883e+00 3.144333389392469248e-03
6.466178737554370670e+00 3.148137800401480842e-03
6.476178737554370457e+00 3.151942202204006602e-03
6.486178737554370244e+00 3.155746571585560205e-03
6.496178737554370031e+00 3.159550885330601050e-03
6.506178737554369818e+00 3.163355120222837401e-03
6.516178737554369604e+00 3.167159253045533866e-03
6.526178737554369391e+00 3.170963260581818877e-03
6.536178737554369178e+00 3.174767119614995206e-03
6.546178737554368965e+00 3.178570806928854384e-03
6.556178737554368752e+00 3.182374299307988950e-03
6.566178737554368539e+00 3.186177573538109473e-03
6.576178737554368325e+00 3.189980606406365906e-03
6.586178737554368112e+00 3.193783374701665480e-03
6.596178737554367899e+00 3.197585855214997962e-03
6.606178737554367686e+00 3.201388024739760044e-03
6.616178737554367473e+00 3.205189860072081478e-03
6.626178737554367260e+00 3.208991338011156838e-03
6.636178737554367046e+00 3.212792435359573817e-03
6.646178737554366833e+00 3.216593128923648896e-03
6.656178737554366620e+00 3.220393395513761279e-03
6.666178737554366407e+00 3.224193211944691162e-03
6.676178737554366194e+00 3.227992555035958441e-03
6.686178737554365981e+00 3.231791401612164015e-03
6.696178737554365767e+00 3.235589728503334567e-03
6.706178737554365554e+00 3.239387512545266034e-03
6.716178737554365341e+00 3.243184730579872291e-03
6.726178737554365128e+00 3.246981359455533393e-03
6.736178737554364915e+00 3.250777376027448162e-03
6.746178737554364702e+00 3.254572757157986329e-03
6.756178737554364488e+00 3.258367479717043293e-03
6.766178737554364275e+00 3.262161520582398770e-03
6.776178737554364062e+00 3.265954856640075014e-03
6.786178737554363849e+00 3.269747464784695905e-03
6.796178737554363636e+00 3.273539321919852977e-03
6.806178737554363423e+00 3.277330404958467107e-03
6.816178737554363209e+00 3.281120690823157143e-03
6.826178737554362996e+00 3.284910156446606798e-03
6.836178737554362783e+00 3.288698778771934582e-03
6.846178737554362570e+00 3.292486534753068066e-03
6.856178737554362357e+00 3.296273401355114246e-03
6.866178737554362144e+00 3.300059355554737714e-03
6.876178737554361931e+00 3.303844374340537959e-03
6.886178737554361717e+00 3.307628434713425804e-03
6.896178737554361504e+00 3.311411513687008510e-03
6.906178737554361291e+00 3.315193588287967518e-03
6.916178737554361078e+00 3.318974635556447457e-03
6.926178737554360865e+00 3.322754632546438651e-03
6.936178737554360652e+00 3.326533556326166131e-03
6.946178737554360438e+00 3.330311383978479083e-03
6.956178737554360225e+00 3.334088092601242889e-03
6.966178737554360012e+00 3.337863659307728579e-03
6.976178737554359799e+00 3.341638061227010948e-03
6.986178737554359586e+00 3.345411275504361903e-03
6.996178737554359373e+00 3.349183279301649017e-03
7.006178737554359159e+00 3.352954049797733649e-03
7.016178737554358946e+00 3.356723564188872529e-03
7.026178737554358733e+00 3.360491799689119784e-03
7.036178737554358520e+00 3.364258733530729826e-03
7.046178737554358307e+00 3.368024342964563277e-03
7.056178737554358094e+00 3.371788605260492896e-03
7.066178737554357880e+00 3.375551497707811668e-03
7.076178737554357667e+00 3.379312997615643941e-03
7.086178737554357454e+00 3.383073082313352645e-03
7.096178737554357241e+00 3.386831729150956496e-03
7.106178737554357028e+00 3.390588915499539394e-03
7.116178737554356815e+00 3.394344618751668052e-03
7.126178737554356601e+00 3.398098816321806596e-03
7.136178737554356388e+00 3.401851485646736808e-03
7.146178737554356175e+00 3.405602604185973582e-03
7.156178737554355962e+00 3.409352149422189074e-03
7.166178737554355749e+00 3.413100098861630328e-03
7.176178737554355536e+00 3.416846430034544725e-03
7.186178737554355322e+00 3.420591120433158407e-03
7.196178737554355109e+00 3.424334147112368960e-03
7.206178737554354896e+00 3.428075486930721484e-03
7.216178737554354683e+00 3.431815116744997736e-03
7.226178737554354470e+00 3.435553013411848499e-03
7.236178737554354257e+00 3.439289153788224664e-03
7.246178737554354043e+00 3.443023514731804405e-03
7.256178737554353830e+00 3.446756073101430329e-03
7.266178737554353617e+00 3.450486805757551397e-03
7.276178737554353404e+00 3.454215689562665278e-03
7.286178737554353191e+00 3.457942701381769811e-03
7.296178737554352978e+00 3.461667818082817070e-03
7.306178737554352765e+00 3.465391016537171329e-03
7.316178737554352551e+00 3.469112273620073537e-03
7.326178737554352338e+00 3.472831566211108389e-03
7.336178737554352125e+00 3.476548871194677908e-03
7.346178737554351912e+00 3.480264165460477191e-03
7.356178737554351699e+00 3.483977425903976664e-03
7.366178737554351486e+00 3.487688629426907369e-03
7.376178737554351272e+00 3.491397752937750593e-03
7.386178737554351059e+00 3.495104773352233993e-03
7.396178737554350846e+00 3.491309906677245167e-03
7.406178737554350633e+00 3.479894549739833386e-03
7.416178737554350420e+00 3.468485889884672345e-03
7.426178737554350207e+00 3.457083998174429948e-03
7.436178737554349993e+00 3.445688945641618966e-03
7.446178737554349780e+00 3.434300803286988515e-03
7.456178737554349567e+00 3.422919642077911634e-03
7.466178737554349354e+00 3.411545532946755506e-03
7.476178737554349141e+00 3.400178546789239982e-03
7.486178737554348928e+00 3.388818754462785254e-03
7.496178737554348714e+00 3.377466226784846953e-03
7.506178737554348501e+00 3.366121034531236074e-03
7.516178737554348288e+00 3.354783248434431518e-03
7.526178737554348075e+00 3.343452939181876596e-03
7.536178737554347862e+00 3.332130177414266859e-03
7.546178737554347649e+00 3.320815033723823612e-03
7.556178737554347435e+00 3.309507578652557021e-03
7.566178737554347222e+00 3.298207882690520117e-03
7.576178737554347009e+00 3.286916016274047184e-03
7.586178737554346796e+00 3.275632049783983903e-03
7.596178737554346583e+00 3.264356053543906663e-03
7.606178737554346370e+00 3.253088097818327556e-03
7.616178737554346156e+00 3.241828252810894598e-03
7.626178737554345943e+00 3.230576588662574609e-03
7.636178737554345730e+00 3.219333175449830449e-03
7.646178737554345517e+00 3.208098083182786987e-03
7.656178737554345304e+00 3.196871381803385349e-03
7.666178737554345091e+00 3.185653141183528506e-03
7.676178737554344877e+00 3.174443431123216870e-03
7.686178737554344664e+00 3.163242321348673936e-03
7.696178737554344451e+00 3.152049881510461064e-03
7.706178737554344238e+00 3.140866181181587065e-03
7.716178737554344025e+00 3.129691289855601743e-03
7.726178737554343812e+00 3.118525276944688566e-03
7.736178737554343599e+00 3.107368211777740419e-03
7.746178737554343385e+00 3.096220163598431465e-03
7.756178737554343172e+00 3.085081201563281191e-03
7.766178737554342959e+00 3.073951394739705013e-03
7.776178737554342746e+00 3.062830812104061842e-03
7.786178737554342533e+00 3.051719522539689949e-03
7.796178737554342320e+00 3.040617594834938049e-03
7.806178737554342106e+00 3.029525097681185983e-03
7.816178737554341893e+00 3.018442099670857158e-03
7.826178737554341680e+00 3.007368669295429689e-03
7.836178737554341467e+00 2.996304874943430622e-03
7.846178737554341254e+00 2.985250784898431896e-03
7.856178737554341041e+00 2.974206467337035028e-03
7.866178737554340827e+00 2.963171990326850594e-03
7.876178737554340614e+00 2.952147421824468602e-03
7.886178737554340401e+00 2.941132829673427998e-03
7.896178737554340188e+00 2.930128281602173597e-03
7.906178737554339975e+00 2.919133845222013010e-03
7.916178737554339762e+00 2.908149588025062734e-03
7.926178737554339548e+00 2.897175577382192068e-03
7.936178737554339335e+00 2.886211880540961831e-03
7.946178737554339122e+00 2.875258564623554836e-03
7.956178737554338909e+00 2.864315696624704626e-03
7.966178737554338696e+00 2.853383343409617717e-03
7.976178737554338483e+00 2.842461571711893224e-03
7.986178737554338269e+00 2.831550448131434691e-03
7.996178737554338056e+00 2.820650039132361481e-03
8.006178737554337843e+00 2.809760411040913668e-03
8.016178737554337630e+00 2.798881630043354319e-03
8.026178737554337417e+00 2.788013762183869614e-03
8.036178737554337204e+00 2.777156873362460719e-03
8.046178737554336990e+00 2.766311029332840874e-03
8.056178737554336777e+00 2.755476295700319891e-03
8.066178737554336564e+00 2.744652737919693435e-03
8.076178737554336351e+00 2.733840421293126655e-03
8.086178737554336138e+00 2.723039410968036960e-03
8.096178737554335925e+00 2.712249771934971583e-03
8.106178737554335711e+00 2.701471569025488181e-03
8.116178737554335498e+00 2.690704866910029799e-03
8.126178737554335285e+00 2.679949730095800269e-03
8.136178737554335072e+00 2.669206222924638307e-03
8.146178737554334859e+00 2.658474409570889437e-03
8.156178737554334646e+00 2.647754354039280958e-03
8.166178737554334433e+00 2.637046120168009319e-03
8.176178737554334219e+00 2.626349772656846101e-03
8.186178737554334006e+00 2.615665378647242557e-03
8.196178737554333793e+00 2.604993005625465263e-03
8.206178737554333580e+00 2.594332721046813811e-03
8.216178737554333367e+00 2.583684592332621474e-03
8.226178737554333154e+00 2.573048686867236354e-03
8.236178737554332940e+00 2.562425071994981710e-03
8.246178737554332727e+00 2.551813815017091140e-03
8.256178737554332514e+00 2.541214983188626406e-03
8.266178737554332301e+00 2.530628643715374018e-03
8.276178737554332088e+00 2.520054863750718823e-03
8.286178737554331875e+00 2.509493710392502429e-03
8.296178737554331661e+00 2.498945250679859061e-03
8.306178737554331448e+00 2.488409551590030615e-03
8.316178737554331235e+00 2.477886680035168692e-03
8.326178737554331022e+00 2.467376702859114083e-03
8.336178737554330809e+00 2.456879686834159346e-03
8.346178737554330596e+00 2.446395698657794458e-03
8.356178737554330382e+00 2.435924804949435134e-03
8.366178737554330169e+00 2.425467072247135085e-03
8.376178737554329956e+00 2.415022567004283111e-03
8.386178737554329743e+00 2.404591355586281533e-03
8.396178737554329530e+00 2.394927743169439870e-03
8.406178737554329317e+00 2.392639507765515188e-03
8.416178737554329103e+00 2.390354239723561230e-03
8.426178737554328890e+00 2.388071953554489566e-03
8.436178737554328677e+00 2.385792663746162928e-03
8.446178737554328464e+00 2.383516384762644508e-03
8.456178737554328251e+00 2.381243131043449431e-03
8.466178737554328038e+00 2.378972917002788404e-03
8.476178737554327824e+00 2.376705757028812257e-03
8.486178737554327611e+00 2.374441665482852556e-03
8.496178737554327398e+00 2.372180656698659636e-03
8.506178737554327185e+00 2.369922744981640180e-03
8.516178737554326972e+00 2.367667944608089180e-03
8.526178737554326759e+00 2.365416269824425349e-03
8.536178737554326545e+00 2.363167734846417876e-03
8.546178737554326332e+00 2.360922353858418369e-03
8.556178737554326119e+00 2.358680141012584573e-03
8.566178737554325906e+00 2.356441110428107114e-03
8.576178737554325693e+00 2.354205276190433644e-03
8.586178737554325480e+00 2.351972652350489083e-03
8.596178737554325267e+00 2.349743252923899763e-03
8.606178737554325053e+00 2.347517091890210638e-03
8.616178737554324840e+00 2.345294183192104219e-03
8.626178737554324627e+00 2.343074540734621687e-03
8.636178737554324414e+00 2.340858178384375762e-03
8.646178737554324201e+00 2.338645109968769641e-03
8.656178737554323988e+00 2.336435349275213340e-03
8.666178737554323774e+00 2.334228910050336996e-03
8.676178737554323561e+00 2.332025805999206770e-03
8.686178737554323348e+00 2.329826050784540754e-03
8.696178737554323135e+00 2.327629658025920974e-03
8.706178737554322922e+00 2.325436641299011894e-03
8.716178737554322709e+00 2.323247014134770250e-03
8.726178737554322495e+00 2.321060790018664860e-03
8.736178737554322282e+00 2.318877982389887758e-03
8.746178737554322069e+00 2.316698604640572701e-03
8.756178737554321856e+00 2.314522670115010203e-03
8.766178737554321643e+00 2.312350192108863882e-03
8.776178737554321430e+00 2.310181183868390258e-03
8.786178737554321216e+00 2.308015658589655100e-03
8.796178737554321003e+00 2.305853629417754531e-03
8.806178737554320790e+00 2.303695109446035269e-03
8.816178737554320577e+00 2.301540111715316608e-03
8.826178737554320364e+00 2.299388649213113690e-03
8.836178737554320151e+00 2.297240734872864256e-03
8.846178737554319937e+00 2.295096381573152357e-03
8.856178737554319724e+00 2.292955602136938567e-03
8.866178737554319511e+00 2.290818409330789771e-03
8.876178737554319298e+00 2.288684815864110243e-03
8.886178737554319085e+00 2.286554834388377939e-03
8.896178737554318872e+00 2.284428477496378614e-03
8.906178737554318658e+00 2.282305757721446015e-03
8.916178737554318445e+00 2.280186687536702502e-03
8.926178737554318232e+00 2.278071279354302280e-03
8.936178737554318019e+00 2.275959545524678090e-03
8.946178737554317806e+00 2.273851498402985893e-03
8.956178737554317593e+00 2.271747151081295654e-03
8.966178737554317379e+00 2.269646517161225899e-03
8.976178737554317166e+00 2.267549610241718916e-03
8.986178737554316953e+00 2.265456443909663262e-03
8.996178737554316740e+00 2.263367031738490812e-03
9.006178737554316527e+00 2.261281387286769029e-03
9.016178737554316314e+00 2.259199524096789334e-03
9.026178737554316100e+00 2.257121455693155473e-03
9.036178737554315887e+00 2.255047195581364079e-03
9.046178737554315674e+00 2.252976757246384805e-03
9.056178737554315461e+00 2.250910154151238712e-03
9.066178737554315248e+00 2.248847399735571465e-03
9.076178737554315035e+00 2.246788507414226518e-03
9.086178737554314822e+00 2.244733490575815706e-03
9.096178737554314608e+00 2.242682362581288093e-03
9.106178737554314395e+00 2.240635136762498397e-03
9.116178737554314182e+00 2.238591826420771071e-03
9.126178737554313969e+00 2.236552444825467851e-03
9.136178737554313756e+00 2.234517005212553146e-03
9.146178737554313543e+00 2.232485520783155080e-03
9.156178737554313329e+00 2.230458004702134348e-03
9.166178737554313116e+00 2.228434470096644394e-03
9.176178737554312903e+00 2.226414930054699832e-03
9.186178737554312690e+00 2.224399397623739224e-03
9.196178737554312477e+00 2.222387885809193504e-03
9.206178737554312264e+00 2.223870231476414178e-03
9.216178737554312050e+00 2.228240257036276633e-03
9.226178737554311837e+00 2.232601428022110666e-03
9.236178737554311624e+00 2.236953716463298703e-03
9.246178737554311411e+00 2.241297094496438620e-03
9.256178737554311198e+00 2.245631534368448031e-03
9.266178737554310985e+00 2.249957008439661642e-03
9.276178737554310771e+00 2.254273489186919919e-03
9.286178737554310558e+00 2.258580949206653431e-03
9.296178737554310345e+00 2.262879361217957214e-03
9.306178737554310132e+00 2.267168698065657757e-03
9.316178737554309919e+00 2.271448932723371325e-03
9.326178737554309706e+00 2.275720038296552734e-03
9.336178737554309492e+00 2.279981988025531984e-03
9.346178737554309279e+00 2.284234755288543951e-03
9.356178737554309066e+00 2.288478313604743342e-03
9.366178737554308853e+00 2.292712636637210533e-03
9.376178737554308640e+00 2.296937698195941797e-03
9.386178737554308427e+00 2.301153472240830868e-03
9.396178737554308213e+00 2.305359932884633138e-03
9.406178737554308000e+00 2.309557054395918602e-03
9.416178737554307787e+00 2.313744811202006132e-03
9.426178737554307574e+00 2.317923177891889532e-03
9.436178737554307361e+00 2.322092129219138421e-03
9.446178737554307148e+00 2.326251640104792621e-03
9.456178737554306934e+00 2.330401685640230963e-03
9.466178737554306721e+00 2.334542241090029231e-03
9.476178737554306508e+00 2.338673281894796448e-03
9.486178737554306295e+00 2.342794783673993360e-03
9.496178737554306082e+00 2.346906722228732280e-03
9.506178737554305869e+00 2.351009073544556988e-03
9.516178737554305656e+00 2.355101813794203969e-03
9.526178737554305442e+00 2.359184919340338946e-03
9.536178737554305229e+00 2.363258366738276925e-03
9.546178737554305016e+00 2.367322132738677518e-03
9.556178737554304803e+00 2.371376194290219456e-03
9.566178737554304590e+00 2.375420528560910367e-03
9.576178737554304377e+00 2.379455115023926520e-03
9.586178737554304163e+00 2.383479936509698329e-03
9.596178737554303950e+00 2.387494975518528358e-03
9.606178737554303737e+00 2.391500213833737572e-03
9.616178737554303524e+00 2.395495632536573122e-03
9.626178737554303311e+00 2.399481212021160794e-03
9.636178737554303098e+00 2.403456932009503423e-03
9.646178737554302884e+00 2.407422771566517482e-03
9.656178737554302671e+00 2.411378709115117366e-03
9.666178737554302458e+00 2.415324722451337412e-03
9.676178737554302245e+00 2.419260788759498588e-03
9.686178737554302032e+00 2.423186884627412906e-03
9.696178737554301819e+00 2.427102986061629043e-03
9.706178737554301605e+00 2.431009068502714386e-03
9.716178737554301392e+00 2.434905106840578280e-03
9.726178737554301179e+00 2.438791075429826496e-03
9.736178737554300966e+00 2.442666948105153869e-03
9.746178737554300753e+00 2.446532698196769891e-03
9.756178737554300540e+00 2.450388298545854229e-03
9.766178737554300326e+00 2.454233721520043907e-03
9.776178737554300113e+00 2.458068939028949969e-03
9.786178737554299900e+00 2.461893922539698434e-03
9.796178737554299687e+00 2.465708643092497272e-03
9.806178737554299474e+00 2.464430700678964161e-03
9.816178737554299261e+00 2.460662598754434667e-03
9.826178737554299047e+00 2.456904778120103279e-03
9.836178737554298834e+00 2.453157269078221590e-03
9.846178737554298621e+00 2.449420102277434681e-03
9.856178737554298408e+00 2.445693308697220215e-03
9.866178737554298195e+00 2.441976919632315394e-03
9.876178737554297982e+00 2.438270966677141740e-03
9.886178737554297768e+00 2.434575481710220778e-03
9.896178737554297555e+00 2.430890496878594913e-03
9.906178737554297342e+00 2.427216044582245717e-03
9.916178737554297129e+00 2.423552157458520439e-03
9.926178737554296916e+00 2.419898868366564607e-03
9.936178737554296703e+00 2.416256210371766754e-03
9.946178737554296490e+00 2.412624216730217038e-03
9.956178737554296276e+00 2.409002920873184062e-03
9.966178737554296063e+00 2.405392356391610354e-03
9.976178737554295850e+00 2.401792557020634728e-03
9.986178737554295637e+00 2.398203556624138935e-03
9.996178737554295424e+00 2.394625389179329440e-03
1.000617873755429521e+01 2.391058088761348691e-03
1.001617873755429500e+01 2.387501689527928884e-03
1.002617873755429478e+01 2.383956225704082603e-03
1.003617873755429457e+01 2.380421731566843748e-03
1.004617873755429436e+01 2.376898241430054019e-03
1.005617873755429414e+01 2.373385789629202294e-03
1.006617873755429393e+01 2.369884410506323431e-03
1.007617873755429372e+01 2.366394139510754474e-03
1.008617873755429351e+01 2.362915035586288844e-03
1.009617873755429329e+01 2.359447178456948197e-03
1.010617873755429308e+01 2.355990644835960317e-03
1.011617873755429287e+01 2.352545507487943752e-03
1.012617873755429265e+01 2.349111835279401716e-03
1.013617873755429244e+01 2.345689693230159235e-03
1.014617873755429223e+01 2.342279142565661595e-03
1.015617873755429201e+01 2.338880240770077699e-03
1.016617873755429180e+01 2.335493041640125493e-03
1.017617873755429159e+01 2.332117595339565277e-03
1.018617873755429137e+01 2.328753948454283240e-03
1.019617873755429116e+01 2.325402144047913639e-03
1.020617873755429095e+01 2.322062221717925007e-03
1.021617873755429073e+01 2.318734217652121399e-03
1.022617873755429052e+01 2.315418164685487980e-03
1.023617873755429031e+01 2.312114092357331514e-03
1.024617873755429009e+01 2.308822026968658948e-03
1.025617873755428988e+01 2.306919674377789879e-03
1.026617873755428967e+01 2.307253036392360040e-03
1.027617873755428946e+01 2.307585167472458662e-03
1.028617873755428924e+01 2.307916066197675947e-03
1.029617873755428903e+01 2.308245731448497259e-03
1.030617873755428882e+01 2.308574162400415467e-03
1.031617873755428860e+01 2.308901358518055009e-03
1.032617873755428839e+01 2.309227319549308956e-03
1.033617873755428818e+01 2.309552045519499067e-03
1.034617873755428796e+01 2.309875536725555355e-03
1.035617873755428775e+01 2.310197793730226889e-03
1.036617873755428754e+01 2.310518817356318165e-03
1.037617873755428732e+01 2.310838608680966261e-03
1.038617873755428711e+01 2.311157169029949641e-03
1.039617873755428690e+01 2.311474499972041626e-03
1.040617873755428668e+01 2.311790603313405943e-03
1.041617873755428647e+01 2.312105481092039099e-03
1.042617873755428626e+01 2.312419135572262203e-03
1.043617873755428604e+01 2.312731569239265261e-03
1.044617873755428583e+01 2.313042784793703944e-03
1.045617873755428562e+01 2.313352785146354906e-03
1.046617873755428541e+01 2.313661573412827480e-03
1.047617873755428519e+01 2.313969152961985448e-03
1.048617873755428498e+01 2.314275527653564257e-03
1.049617873755428477e+01 2.314580701255052400e-03
1.050617873755428455e+01 2.314884677159944563e-03
1.051617873755428434e+01 2.315187458395554822e-03
1.052617873755428413e+01 2.315489047632637853e-03
1.053617873755428391e+01 2.315789447194896086e-03
1.054617873755428370e+01 2.316088659068377565e-03
1.055617873755428349e+01 2.316386684910770166e-03
1.056617873755428327e+01 2.316683526060599532e-03
1.057617873755428306e+01 2.316979183546336377e-03
1.058617873755428285e+01 2.317273658095414437e-03
1.059617873755428263e+01 2.317566950143166906e-03
1.060617873755428242e+01 2.314321626064992643e-03
1.061617873755428221e+01 2.310970129601298741e-03
1.062617873755428199e+01 2.307632259741685624e-03
1.063617873755428178e+01 2.304308023919002333e-03
1.064617873755428157e+01 2.300997432429037395e-03
1.065617873755428135e+01 2.297700498332374240e-03
1.066617873755428114e+01 2.294417237356936173e-03
1.067617873755428093e+01 2.291147667801190970e-03
1.068617873755428072e+01 2.287891810437992987e-03
1.069617873755428050e+01 2.284649688419051940e-03
1.070617873755428029e+01 2.281421327180001898e-03
1.071617873755428008e+01 2.278206754346070485e-03
1.072617873755427986e+01 2.275005999638329227e-03
1.073617873755427965e+01 2.271819094780521547e-03
1.074617873755427944e+01 2.268646073406464531e-03
1.075617873755427922e+01 2.265486970968024882e-03
1.076617873755427901e+01 2.262341824643660827e-03
1.077617873755427880e+01 2.259210673247547332e-03
1.078617873755427858e+01 2.256093557139275067e-03
1.079617873755427837e+01 2.252990518134141348e-03
1.080617873755427816e+01 2.249901599414036966e-03
1.081617873755427794e+01 2.246826845438944058e-03
1.082617873755427773e+01 2.243766301858913636e-03
1.083617873755427752e+01 2.240720012987689348e-03
1.084617873755427730e+01 2.237688014555820355e-03
1.085617873755427709e+01 2.233727660163965182e-03
1.086617873755427688e+01 2.226291009533161187e-03
1.087617873755427667e+01 2.218889997930768333e-03
1.088617873755427645e+01 2.211524711110438197e-03
1.089617873755427624e+01 2.204195235175093314e-03
1.090617873755427603e+01 2.196901656443105404e-03
1.091617873755427581e+01 2.189644061316244755e-03
1.092617873755427560e+01 2.182422536149439350e-03
1.093617873755427539e+01 2.175237167122380608e-03
1.094617873755427517e+01 2.168088040113012611e-03
1.095617873755427496e+01 2.160975240572949891e-03
1.096617873755427475e+01 2.153898853404857209e-03
1.097617873755427453e+01 2.146858962841833359e-03
1.098617873755427432e+01 2.139855652328835883e-03
1.099617873755427411e+01 2.132889004406189615e-03
1.100617873755427389e+01 2.125959100595211163e-03
1.101617873755427368e+01 2.119066021285995281e-03
1.102617873755427347e+01 2.112209845627390468e-03
1.103617873755427325e+01 2.105390651419213228e-03
1.104617873755427304e+01 2.097375306608670158e-03
1.105617873755427283e+01 2.080064701966074202e-03
1.106617873755427262e+01 2.062849583313883586e-03
1.107617873755427240e+01 2.045730133822736257e-03
1.108617873755427219e+01 2.028706531906966735e-03
1.109617873755427198e+01 2.011778950984195562e-03
1.110617873755427176e+01 1.994947559241247014e-03
1.111617873755427155e+01 1.978212519510570873e-03
1.112617873755427134e+01 1.961574016747447396e-03
1.113617873755427112e+01 1.945032314115665087e-03
1.114617873755427091e+01 1.928587692838203528e-03
1.115617873755427070e+01 1.912240438161596145e-03
1.116617873755427048e+01 1.895990838589153155e-03
1.117617873755427027e+01 1.879839185126233473e-03
1.118617873755427006e+01 1.863785770537826868e-03
1.119617873755426984e+01 1.832796565628896186e-03
1.120617873755426963e+01 1.801083319893448083e-03
1.121617873755426942e+01 1.769568322242923977e-03
1.122617873755426920e+01 1.738252157968523922e-03
1.123617873755426899e+01 1.707135408845042272e-03
1.124617873755426878e+01 1.676218651805441153e-03
1.125617873755426857e+01 1.645502457644027784e-03
1.126617873755426835e+01 1.614987389748810068e-03
1.127617873755426814e+01 1.584674002863606596e-03
1.128617873755426793e+01 1.554562841880476574e-03
1.129617873755426771e+01 1.519229343667556197e-03
1.130617873755426750e+01 1.470117007303535115e-03
1.131617873755426729e+01 1.421341602625045145e-03
1.132617873755426707e+01 1.372903946434192272e-03
1.133617873755426686e+01 1.324804830045478487e-03
1.134617873755426665e+01 1.277045017608393132e-03
1.135617873755426643e+01 1.229625313961740102e-03
1.136617873755426622e+01 1.182546890164343093e-03
1.137617873755426601e+01 1.135424238107430369e-03
1.138617873755426579e+01 1.072483495957708656e-03
1.139617873755426558e+01 1.010011273638044627e-03
1.140617873755426537e+01 9.480094615836698151e-04
1.141617873755426515e+01 8.864799664231331642e-04
1.142617873755426494e+01 8.254247037146641812e-04
1.143617873755426473e+01 7.648455908442828959e-04
1.144617873755426452e+01 7.031705884202848599e-04
1.145617873755426430e+01 6.393139218858338076e-04
1.146617873755426409e+01 5.759733308200372945e-04
1.147617873755426388e+01 5.131508042165781837e-04
1.148617873755426366e+01 4.508482977563791272e-04
1.149617873755426345e+01 3.890677273389321318e-04
1.150617873755426324e+01 3.272668332780429685e-04
1.151617873755426302e+01 2.658225712962427115e-04
1.152617873755426281e+01 2.049118854728867491e-04
1.153617873755426260e+01 1.445365037460608830e-04
1.154617873755426238e+01 8.469860544788011206e-05
1.155617873755426217e+01 5.727853543449479951e-05
1.156617873755426196e+01 3.695510267029981428e-05
1.157617873755426174e+01 1.682070527182153970e-05
1.158617873755426153e+01 -3.123563572553179893e-06
1.159617873755426132e+01 -4.928120293438856356e-05
1.160617873755426110e+01 -1.454481236161571400e-04
1.161617873755426089e+01 -2.406639064005691665e-04
1.162617873755426068e+01 -3.349230929651271244e-04
1.163617873755426047e+01 -3.629005720932295450e-04
1.164617873755426025e+01 -1.101471879872535859e-04
1.165617873755426004e+01 1.399438570405936704e-04
1.166617873755425983e+01 3.873586477082732737e-04
1.167617873755425961e+01 6.532944432869130461e-04
1.168617873755425940e+01 9.675927869964801118e-04
1.169617873755425919e+01 1.278355846739295983e-03
1.170617873755425897e+01 1.585554843171390000e-03
1.171617873755425876e+01 1.264166332751642374e-03
1.172617873755425855e+01 5.654074197708168232e-04
1.173617873755425833e+01 -1.248349384981332563e-04
1.174617873755425812e+01 -8.064869849800489427e-04
1.175617873755425791e+01 -1.233239539209329220e-03
1.176617873755425769e+01 -1.493769878764997011e-03
1.177617873755425748e+01 -1.098920175559432418e-03
1.178617873755425727e+01 -7.853494592947282997e-04
1.179617873755425705e+01 -7.154914792417733926e-04
1.180617873755425684e+01 -6.349800612882968614e-04
1.181617873755425663e+01 -5.476940128158291725e-04
1.182617873755425641e+01 -4.819244880058149599e-04
1.183617873755425620e+01 -4.183207582200204264e-04
1.184617873755425599e+01 -3.556369545509652295e-04
1.185617873755425578e+01 -3.215036607614977647e-04
1.186617873755425556e+01 -2.834094497513646059e-04
1.187617873755425535e+01 -2.414578092808977641e-04
1.188617873755425514e+01 -2.985906224724467419e-04
1.189617873755425492e+01 1.318321584742924665e-04
1.190617873755425471e+01 6.319999323525693404e-04
1.191617873755425450e+01 -8.537767845125976451e-05
1.192617873755425428e+01 -1.074372564564608475e-03
1.193617873755425407e+01 -1.618603217908461383e-03
1.194617873755425386e+01 -2.782056521940903457e-03
1.195617873755425364e+01 -2.206857902970632297e-03
1.196617873755425343e+01 -1.124954371329513203e-03
1.197617873755425322e+01 -2.428574118567646716e-04
1.198617873755425300e+01 -5.791032591281317549e-05
1.199617873755425279e+01 -9.434439359400869339e-05
1.200617873755425258e+01 -9.509314185274028047e-05
1.201617873755425236e+01 -6.941195064444898738e-05
1.202617873755425215e+01 -4.194318521000682423e-05
1.203617873755425194e+01 -3.326986069456164518e-05
1.204617873755425173e+01 1.390855238344868762e-06
1.205617873755425151e+01 1.919186310859386624e-05
1.206617873755425130e+01 4.900015626144889460e-05
1.207617873755425109e+01 7.381098450846924138e-05
1.208617873755425087e+01 1.030827621455279763e-04
1.209617873755425066e+01 1.332505184889025689e-04
1.210617873755425045e+01 1.625560681024751635e-04
1.211617873755425023e+01 1.923164667615803074e-04
1.212617873755425002e+01 2.145152376828394765e-04
1.213617873755424981e+01 2.313528267560594094e-04
1.214617873755424959e+01 2.370385479676111358e-04
1.215617873755424938e+01 2.445137494318986682e-04
1.216617873755424917e+01 2.602042895412503415e-04
1.217617873755424895e+01 2.588738367332261221e-04
1.218617873755424874e+01 2.568543792798907966e-04
1.219617873755424853e+01 2.612204812667646633e-04
1.220617873755424831e+01 2.700025975694877426e-04
1.221617873755424810e+01 2.763594455552044948e-04
1.222617873755424789e+01 2.789044541578741343e-04
1.223617873755424768e+01 2.794151787120311022e-04
1.224617873755424746e+01 2.786383044857090505e-04
1.225617873755424725e+01 2.792182546307099317e-04
1.226617873755424704e+01 2.827984501492625496e-04
1.227617873755424682e+01 2.892617070304829554e-04
1.228617873755424661e+01 2.933503909910370206e-04
1.229617873755424640e+01 2.955982832216918653e-04
1.230617873755424618e+01 2.970308198290989160e-04
1.231617873755424597e+01 2.989445898242763778e-04
1.232617873755424576e+01 2.987442784260963989e-04
1.233617873755424554e+01 2.989759968846445381e-04
1.234617873755424533e+01 3.006080273972636628e-04
1.235617873755424512e+01 3.058816281715290427e-04
1.236617873755424490e+01 3.095362535082064100e-04
1.237617873755424469e+01 3.117043810968628845e-04
1.238617873755424448e+01 3.131172992884285848e-04
1.239617873755424426e+01 3.149120433656312184e-04
1.240617873755424405e+01 3.165687984107285174e-04
1.241617873755424384e+01 3.184110020112694041e-04
1.242617873755424363e+01 3.191458334180723015e-04
1.243617873755424341e+01 3.195442406491730628e-04
1.244617873755424320e+01 3.215739341501988916e-04
1.245617873755424299e+01 3.257928259369180209e-04
1.246617873755424277e+01 3.287125035268161012e-04
1.247617873755424256e+01 3.302222218464313862e-04
1.248617873755424235e+01 3.322038918147728992e-04
1.249617873755424213e+01 3.341396284347640327e-04
1.250617873755424192e+01 3.361855317277959295e-04
1.251617873755424171e+01 3.383169394995487055e-04
1.252617873755424149e+01 3.405466175776888059e-04
1.253617873755424128e+01 3.429981833051634860e-04
1.254617873755424107e+01 3.449611018084417424e-04
1.255617873755424085e+01 3.475972867612070645e-04
1.256617873755424064e+01 3.524965000320174680e-04
1.257617873755424043e+01 3.270917725242163121e-04
1.258617873755424021e+01 4.149342196217312238e-04
1.259617873755424000e+01 -3.226131992426981010e-04
1.260617873755423979e+01 1.410708425652973039e-03
1.261617873755423958e+01 4.000626161035215184e-04
1.262617873755423936e+01 3.878034229202021008e-04
1.263617873755423915e+01 3.853049137427665052e-04
1.264617873755423894e+01 3.929627702525290318e-04
1.265617873755423872e+01 4.031459292326098481e-04
1.266617873755423851e+01 4.159755408813808225e-04
1.267617873755423830e+01 4.318937679491949375e-04
1.268617873755423808e+01 4.522069876546972573e-04
1.269617873755423787e+01 4.782380509330387899e-04
1.270617873755423766e+01 5.121952216072954596e-04
1.271617873755423744e+01 5.566810895905947680e-04
1.272617873755423723e+01 6.039109440864082624e-04
1.273617873755423702e+01 5.759468236993108307e-04
1.274039710843996787e+01 -6.382968851201642442e-06
