1.000000000000000021e-03 9.427019630703756172e-04
1.470947396403648848e-03 9.427019607367601115e-04
6.180421360440137117e-03 9.427018884756090556e-04
1.618042136044013646e-02 9.427014400597288901e-04
2.618042136044013840e-02 9.427005905739676422e-04
3.618042136044014034e-02 9.426993400230599144e-04
4.618042136044014229e-02 9.426976884139753919e-04
5.618042136044014423e-02 9.426956357559184091e-04
6.618042136044013923e-02 9.426931820603291420e-04
7.618042136044013424e-02 9.426903273408821990e-04
8.618042136044012924e-02 9.426870716134874879e-04
9.618042136044012425e-02 9.426834148962897827e-04
1.061804213604401192e-01 9.426793572096688317e-04
1.161804213604401143e-01 9.426748985762391404e-04
1.261804213604401093e-01 9.426700390208498639e-04
1.361804213604401181e-01 9.426647785705848060e-04
1.461804213604401270e-01 9.426591172547619862e-04
1.561804213604401359e-01 9.426530551049342897e-04
1.661804213604401448e-01 9.426465921548882751e-04
1.761804213604401537e-01 9.426397284406449334e-04
1.861804213604401625e-01 9.426324640004590371e-04
1.961804213604401714e-01 9.426247988748191406e-04
2.061804213604401803e-01 9.426167331064474715e-04
2.161804213604401892e-01 9.426082667402994972e-04
2.261804213604401981e-01 9.425993998235640331e-04
2.361804213604402070e-01 9.425901324056629171e-04
2.461804213604402158e-01 9.425804645382507936e-04
2.561804213604402247e-01 9.425703962752147872e-04
2.661804213604402336e-01 9.425599276726746118e-04
2.761804213604402425e-01 9.425490587889818117e-04
2.861804213604402514e-01 9.425377896847200862e-04
2.961804213604402602e-01 9.425261204227047482e-04
3.061804213604402691e-01 9.425140510679822902e-04
3.161804213604402780e-01 9.425015816878303844e-04
3.261804213604402869e-01 9.424887123517576657e-04
3.361804213604402958e-01 9.424754431315029730e-04
3.461804213604403047e-01 9.424617741010355657e-04
3.561804213604403135e-01 9.424477053365545821e-04
3.661804213604403224e-01 9.424332369164888220e-04
3.761804213604403313e-01 9.424183689214959882e-04
3.861804213604403402e-01 9.424031014344631200e-04
3.961804213604403491e-01 9.423874345405056172e-04
4.061804213604403579e-01 9.423713683269669154e-04
4.161804213604403668e-01 9.423549028834184854e-04
4.261804213604403757e-01 9.423380383016591831e-04
4.361804213604403846e-01 9.423207746757151409e-04
4.461804213604403935e-01 9.423031121018385749e-04
4.561804213604404024e-01 9.422850506785086528e-04
4.661804213604404112e-01 9.422665905064299754e-04
4.761804213604404201e-01 9.422477316885324687e-04
4.861804213604404290e-01 9.422284743299714918e-04
4.961804213604404379e-01 9.422088185381264280e-04
5.061804213604403913e-01 9.421887644226010095e-04
5.161804213604404001e-01 9.421683120952227758e-04
5.261804213604404090e-01 9.421474616700418808e-04
5.361804213604404179e-01 9.421262132633316348e-04
5.461804213604404268e-01 9.421045669935874207e-04
5.561804213604404357e-01 9.420825229815259346e-04
5.661804213604404445e-01 9.420600813500855115e-04
5.761804213604404534e-01 9.420372422244249321e-04
5.861804213604404623e-01 9.420140057319229899e-04
5.961804213604404712e-01 9.419903720021781651e-04
6.061804213604404801e-01 9.419663411670079747e-04
6.161804213604404890e-01 9.419419133604483218e-04
6.261804213604404978e-01 9.419170887187531703e-04
6.361804213604405067e-01 9.418918673803935689e-04
6.461804213604405156e-01 9.418662494860574348e-04
6.561804213604405245e-01 9.418402351786489025e-04
6.661804213604405334e-01 9.418138246032874573e-04
6.761804213604405422e-01 9.417870179073077174e-04
6.861804213604405511e-01 9.417598152402584591e-04
6.961804213604405600e-01 9.417322167539020740e-04
7.061804213604405689e-01 9.417042226022141358e-04
7.161804213604405778e-01 9.416758329413825327e-04
7.261804213604405867e-01 9.416470479298068167e-04
7.361804213604405955e-01 9.416178677280975535e-04
7.461804213604406044e-01 9.415882924990756717e-04
7.561804213604406133e-01 9.415583224077720293e-04
7.661804213604406222e-01 9.415279576214258955e-04
7.761804213604406311e-01 9.414971983094853848e-04
7.861804213604406399e-01 9.414660446436058303e-04
7.961804213604406488e-01 9.414344967976493502e-04
8.061804213604406577e-01 9.414025549476843059e-04
8.161804213604406666e-01 9.413702192719842175e-04
8.261804213604406755e-01 9.413374899510272217e-04
8.361804213604406844e-01 9.413043671674955299e-04
8.461804213604406932e-01 9.412708511062739102e-04
8.561804213604407021e-01 9.412369419544495790e-04
8.661804213604407110e-01 9.412026399013113335e-04
8.761804213604407199e-01 9.411679451383485762e-04
8.861804213604407288e-01 9.411328578592502306e-04
8.961804213604407376e-01 9.410973782599046326e-04
9.061804213604407465e-01 9.410615065383980127e-04
9.161804213604407554e-01 9.410252428950141709e-04
9.261804213604407643e-01 9.409885875322331755e-04
9.361804213604407732e-01 9.409515406547307127e-04
9.461804213604407821e-01 9.409141024693773274e-04
9.561804213604407909e-01 9.408762731852375561e-04
9.661804213604407998e-01 9.408380530135685175e-04
9.761804213604408087e-01 9.407994421678198037e-04
9.861804213604408176e-01 9.407604408636318543e-04
9.961804213604408265e-01 9.407210493188357392e-04
1.006180421360440835e+00 9.406812677534514243e-04
1.016180421360440844e+00 9.406410963896874458e-04
1.026180421360440853e+00 9.406005354519399349e-04
1.036180421360440862e+00 9.405595851667913161e-04
1.046180421360440871e+00 9.405182457630095489e-04
1.056180421360440880e+00 9.404765174715470433e-04
1.066180421360440889e+00 9.404344005255401177e-04
1.076180421360440898e+00 9.403918951603070474e-04
1.086180421360440906e+00 9.403490016133482813e-04
1.096180421360440915e+00 9.403057201243443823e-04
1.106180421360440924e+00 9.402620509351557014e-04
1.116180421360440933e+00 9.402179942898208605e-04
1.126180421360440942e+00 9.401735504345558846e-04
1.136180421360440951e+00 9.401287196177535513e-04
1.146180421360440960e+00 9.400835020899814395e-04
1.156180421360440969e+00 9.400378981039817124e-04
1.166180421360440977e+00 9.399919079146697078e-04
1.176180421360440986e+00 9.399455317791327461e-04
1.186180421360440995e+00 9.398987699566290453e-04
1.196180421360441004e+00 9.398516227085867460e-04
1.206180421360441013e+00 9.398040902986028265e-04
1.216180421360441022e+00 9.397561729924418022e-04
1.226180421360441031e+00 9.397078710580346415e-04
1.236180421360441040e+00 9.396591847654775726e-04
1.246180421360441049e+00 9.396101143870311083e-04
1.256180421360441057e+00 9.395606601971188531e-04
1.266180421360441066e+00 9.395108224723258770e-04
1.276180421360441075e+00 9.394606014913981732e-04
1.286180421360441084e+00 9.394099975352410321e-04
1.296180421360441093e+00 9.393590108869180654e-04
1.306180421360441102e+00 9.393076418316497964e-04
1.316180421360441111e+00 9.392558906568126845e-04
1.326180421360441120e+00 9.392037576519372821e-04
1.336180421360441128e+00 9.391512431087080176e-04
1.346180421360441137e+00 9.390983473209609184e-04
1.356180421360441146e+00 9.390450705846830693e-04
1.366180421360441155e+00 9.389914131980107688e-04
1.376180421360441164e+00 9.389373754612287707e-04
1.386180421360441173e+00 9.388829576767685490e-04
1.396180421360441182e+00 9.389837808577600762e-04
1.406180421360441191e+00 9.392174443934165999e-04
1.416180421360441199e+00 9.394527134591593902e-04
1.426180421360441208e+00 9.396895867379393297e-04
1.436180421360441217e+00 9.399280629036439131e-04
1.446180421360441226e+00 9.401681406211025594e-04
1.456180421360441235e+00 9.404098185460926839e-04
1.466180421360441244e+00 9.406530953253451188e-04
1.476180421360441253e+00 9.408979695965506186e-04
1.486180421360441262e+00 9.411444399883651729e-04
1.496180421360441271e+00 9.413925051204162942e-04
1.506180421360441279e+00 9.416421636033089817e-04
1.516180421360441288e+00 9.418934140386316838e-04
1.526180421360441297e+00 9.421462550189621532e-04
1.536180421360441306e+00 9.424006851278740604e-04
1.546180421360441315e+00 9.426567029399428484e-04
1.556180421360441324e+00 9.429143070207518041e-04
1.566180421360441333e+00 9.431734959268987806e-04
1.576180421360441342e+00 9.434342682060020517e-04
1.586180421360441350e+00 9.436966223967067089e-04
1.596180421360441359e+00 9.439605570286913831e-04
1.606180421360441368e+00 9.442260706226739912e-04
1.616180421360441377e+00 9.444931616904191085e-04
1.626180421360441386e+00 9.447618287347434984e-04
1.636180421360441395e+00 9.450320702495235928e-04
1.646180421360441404e+00 9.453038847197014561e-04
1.656180421360441413e+00 9.455772706212912894e-04
1.666180421360441422e+00 9.458522264213870207e-04
1.676180421360441430e+00 9.461287505781678341e-04
1.686180421360441439e+00 9.464068415409060842e-04
1.696180421360441448e+00 9.466864977499731514e-04
1.706180421360441457e+00 9.469677176368468136e-04
1.716180421360441466e+00 9.472504996241179693e-04
1.726180421360441475e+00 9.475348421254979007e-04
1.736180421360441484e+00 9.478207435458245629e-04
1.746180421360441493e+00 9.481082022810704982e-04
1.756180421360441501e+00 9.483972167183491245e-04
1.766180421360441510e+00 9.486877852359224331e-04
1.776180421360441519e+00 9.489799062032076024e-04
1.786180421360441528e+00 9.492735779807848044e-04
1.796180421360441537e+00 9.495687989204039262e-04
1.806180421360441546e+00 9.498655673649922682e-04
1.816180421360441555e+00 9.501638816486614831e-04
1.826180421360441564e+00 9.504637400967154903e-04
1.836180421360441573e+00 9.507651410256573064e-04
1.846180421360441581e+00 9.510680827431969601e-04
1.856180421360441590e+00 9.513725635482588646e-04
1.866180421360441599e+00 9.516785817309894070e-04
1.876180421360441608e+00 9.519861355727643210e-04
1.886180421360441617e+00 9.522952233461969267e-04
1.896180421360441626e+00 9.526058433151449612e-04
1.906180421360441635e+00 9.529179937347192521e-04
1.916180421360441644e+00 9.532316728512908732e-04
1.926180421360441652e+00 9.535468789024991679e-04
1.936180421360441661e+00 9.538636101172597720e-04
1.946180421360441670e+00 9.541818647157722030e-04
1.956180421360441679e+00 9.545016409095281006e-04
1.966180421360441688e+00 9.548229369013194658e-04
1.976180421360441697e+00 9.551457508852460344e-04
1.986180421360441706e+00 9.554700810467240584e-04
1.996180421360441715e+00 9.557959255624942207e-04
2.006180421360441724e+00 9.561232826006296585e-04
2.016180421360441510e+00 9.564521503205446369e-04
2.026180421360441297e+00 9.567825268730024632e-04
2.036180421360441084e+00 9.571144104001238356e-04
2.046180421360440871e+00 9.574477990353957337e-04
2.056180421360440658e+00 9.577826909036790074e-04
2.066180421360440445e+00 9.581190841212179187e-04
2.076180421360440231e+00 9.584569767956476220e-04
2.086180421360440018e+00 9.587963670260035969e-04
2.096180421360439805e+00 9.591372529027296714e-04
2.106180421360439592e+00 9.594796325076871291e-04
2.116180421360439379e+00 9.598235039141631659e-04
2.126180421360439166e+00 9.601688651868796722e-04
2.136180421360438952e+00 9.605157143820024484e-04
2.146180421360438739e+00 9.608640495471493367e-04
2.156180421360438526e+00 9.612138687213999787e-04
2.166180421360438313e+00 9.615651699353040555e-04
2.176180421360438100e+00 9.619179512108910453e-04
2.186180421360437887e+00 9.622722105616782467e-04
2.196180421360437673e+00 9.626279459926810785e-04
2.206180421360437460e+00 9.629851555004215365e-04
2.216180421360437247e+00 9.633438370729373009e-04
2.226180421360437034e+00 9.637039886897916024e-04
2.236180421360436821e+00 9.640656083220820044e-04
2.246180421360436608e+00 9.644286939324499437e-04
2.256180421360436394e+00 9.647932434750902718e-04
2.266180421360436181e+00 9.651592548957603620e-04
2.276180421360435968e+00 9.655267261317900841e-04
2.286180421360435755e+00 9.658956551120911286e-04
2.296180421360435542e+00 9.662660397571664391e-04
2.306180421360435329e+00 9.666378779791204041e-04
2.316180421360435115e+00 9.670111676816678555e-04
2.326180421360434902e+00 9.673859067601443687e-04
2.336180421360434689e+00 9.677620931015161292e-04
2.346180421360434476e+00 9.681397245843893643e-04
2.356180421360434263e+00 9.685187990790205355e-04
2.366180421360434050e+00 9.688993144473264209e-04
2.376180421360433836e+00 9.692812685428938736e-04
2.386180421360433623e+00 9.696646592109901212e-04
2.396180421360433410e+00 9.700494842885727404e-04
2.406180421360433197e+00 9.704357416042998490e-04
2.416180421360432984e+00 9.708234289785406222e-04
2.426180421360432771e+00 9.712125442233851590e-04
2.436180421360432558e+00 9.716030851426548905e-04
2.446180421360432344e+00 9.719950495319135304e-04
2.456180421360432131e+00 9.723884351784767245e-04
2.466180421360431918e+00 9.727832398614228923e-04
2.476180421360431705e+00 9.731794613516042865e-04
2.486180421360431492e+00 9.735770974116564249e-04
2.496180421360431279e+00 9.739761457960101256e-04
2.506180421360431065e+00 9.743766042509010477e-04
2.516180421360430852e+00 9.747784705143811837e-04
2.526180421360430639e+00 9.751817423163297019e-04
2.536180421360430426e+00 9.755864173784630292e-04
2.546180421360430213e+00 9.759924934143468858e-04
2.556180421360430000e+00 9.763999681294064769e-04
2.566180421360429786e+00 9.768088392209379849e-04
2.576180421360429573e+00 9.772191043781193031e-04
2.586180421360429360e+00 9.776307612820215286e-04
2.596180421360429147e+00 9.780438076056200206e-04
2.606180421360428934e+00 9.784582410138054596e-04
2.616180421360428721e+00 9.788740591633962075e-04
2.626180421360428507e+00 9.792912597031480648e-04
2.636180421360428294e+00 9.797098402738453442e-04
2.646180421360428081e+00 9.801297985084112419e-04
2.656180421360427868e+00 9.805511320317031407e-04
2.666180421360427655e+00 9.809738384604848541e-04
2.676180421360427442e+00 9.813979154034331315e-04
2.686180421360427228e+00 9.818233604611469826e-04
2.696180421360427015e+00 9.822501712261552664e-04
2.706180421360426802e+00 9.826783452829247149e-04
2.716180421360426589e+00 9.831078802078679554e-04
2.726180421360426376e+00 9.835387735693524019e-04
2.736180421360426163e+00 9.839710229277069762e-04
2.746180421360425949e+00 9.844046258352316496e-04
2.756180421360425736e+00 9.848395798362052488e-04
2.766180421360425523e+00 9.852758824668928286e-04
2.776180421360425310e+00 9.857135312555549960e-04
2.786180421360425097e+00 9.861525237224554995e-04
2.796180421360424884e+00 9.865928573798694694e-04
2.806180421360424670e+00 9.870345297320914403e-04
2.816180421360424457e+00 9.874775382754448928e-04
2.826180421360424244e+00 9.879218804982885412e-04
2.836180421360424031e+00 9.883675538810263086e-04
2.846180421360423818e+00 9.888145558961142657e-04
2.856180421360423605e+00 9.892628840080706053e-04
2.866180421360423392e+00 9.897125356734819308e-04
2.876180421360423178e+00 9.901635083410134479e-04
2.886180421360422965e+00 9.906157994514163366e-04
2.896180421360422752e+00 9.910694064375359918e-04
2.906180421360422539e+00 9.915243267243215638e-04
2.916180421360422326e+00 9.919805577288326806e-04
2.926180421360422113e+00 9.924380968602494225e-04
2.936180421360421899e+00 9.928969415198799116e-04
2.946180421360421686e+00 9.933570891011689850e-04
2.956180421360421473e+00 9.938185369897070860e-04
2.966180421360421260e+00 9.942812825632378528e-04
2.976180421360421047e+00 9.947453231916672262e-04
2.986180421360420834e+00 9.952106562370725568e-04
2.996180421360420620e+00 9.956772790537097607e-04
3.006180421360420407e+00 9.961451889880232943e-04
3.016180421360420194e+00 9.966143833786539601e-04
3.026180421360419981e+00 9.970848595564477980e-04
3.036180421360419768e+00 9.975566148444643243e-04
3.046180421360419555e+00 9.980296465579860735e-04
3.056180421360419341e+00 9.985039520045266206e-04
3.066180421360419128e+00 9.989795284838392554e-04
3.076180421360418915e+00 9.994563732879260896e-04
3.086180421360418702e+00 9.999344837010462964e-04
3.096180421360418489e+00 1.000413856999725869e-03
3.106180421360418276e+00 1.000894490452764992e-03
3.116180421360418062e+00 1.001376381321248017e-03
3.126180421360417849e+00 1.001859526858552354e-03
3.136180421360417636e+00 1.002343924310356059e-03
3.146180421360417423e+00 1.002829570914648243e-03
3.156180421360417210e+00 1.003316463901737310e-03
3.166180421360416997e+00 1.003804600494260070e-03
3.176180421360416783e+00 1.004293977907190190e-03
3.186180421360416570e+00 1.004784593347848171e-03
3.196180421360416357e+00 1.005276444015909586e-03
3.206180421360416144e+00 1.005769527103414409e-03
3.216180421360415931e+00 1.006263839794776333e-03
3.226180421360415718e+00 1.006759379266791449e-03
3.236180421360415504e+00 1.007256142688648000e-03
3.246180421360415291e+00 1.007754127221934621e-03
3.256180421360415078e+00 1.008253330020650752e-03
3.266180421360414865e+00 1.008753748231214871e-03
3.276180421360414652e+00 1.009255378992474474e-03
3.286180421360414439e+00 1.009758219435714964e-03
3.296180421360414226e+00 1.010262266684668975e-03
3.306180421360414012e+00 1.010767517855526345e-03
3.316180421360413799e+00 1.011273970056942575e-03
3.326180421360413586e+00 1.011781620390049020e-03
3.336180421360413373e+00 1.012290465948461997e-03
3.346180421360413160e+00 1.012800503818292973e-03
3.356180421360412947e+00 1.013311731078156809e-03
3.366180421360412733e+00 1.013824144799183036e-03
3.376180421360412520e+00 1.014337742045023655e-03
3.386180421360412307e+00 1.014852519871864422e-03
3.396180421360412094e+00 1.015368475328433948e-03
3.406180421360411881e+00 1.015885605456012591e-03
3.416180421360411668e+00 1.016403907288443952e-03
3.426180421360411454e+00 1.016923377852143326e-03
3.436180421360411241e+00 1.017444014166107901e-03
3.446180421360411028e+00 1.017965813241927375e-03
3.456180421360410815e+00 1.018488772083793069e-03
3.466180421360410602e+00 1.019012887688507682e-03
3.476180421360410389e+00 1.019538157045497004e-03
3.486180421360410175e+00 1.020064577136817717e-03
3.496180421360409962e+00 1.020592144937169325e-03
3.506180421360409749e+00 1.021120857413903909e-03
3.516180421360409536e+00 1.021650711527035457e-03
3.526180421360409323e+00 1.022181704229251130e-03
3.536180421360409110e+00 1.022713832465921898e-03
3.546180421360408896e+00 1.023247093175111205e-03
3.556180421360408683e+00 1.023781483287587550e-03
3.566180421360408470e+00 1.024316999726833160e-03
3.576180421360408257e+00 1.024853639409055916e-03
3.586180421360408044e+00 1.025391399243198894e-03
3.596180421360407831e+00 1.025930276130951422e-03
3.606180421360407617e+00 1.026470266966759927e-03
3.616180421360407404e+00 1.027011368637838554e-03
3.626180421360407191e+00 1.027553578024179796e-03
3.636180421360406978e+00 1.028096891998565550e-03
3.646180421360406765e+00 1.028641307426578179e-03
3.656180421360406552e+00 1.029186821166610697e-03
3.666180421360406338e+00 1.029733430069879139e-03
3.676180421360406125e+00 1.030281130980432091e-03
3.686180421360405912e+00 1.030829920735163710e-03
3.696180421360405699e+00 1.031379796163822606e-03
3.706180421360405486e+00 1.031930754089025511e-03
3.716180421360405273e+00 1.032482791326266814e-03
3.726180421360405060e+00 1.033035904683930707e-03
3.736180421360404846e+00 1.033590090963303109e-03
3.746180421360404633e+00 1.034145346958582293e-03
3.756180421360404420e+00 1.034701669456890814e-03
3.766180421360404207e+00 1.035259055238287214e-03
3.776180421360403994e+00 1.035817501075778383e-03
3.786180421360403781e+00 1.036377003735329972e-03
3.796180421360403567e+00 1.036937559975879396e-03
3.806180421360403354e+00 1.037499166549347767e-03
3.816180421360403141e+00 1.038061820200651166e-03
3.826180421360402928e+00 1.038625517667713435e-03
3.836180421360402715e+00 1.039190255681477892e-03
3.846180421360402502e+00 1.039756030965920119e-03
3.856180421360402288e+00 1.040322840238059243e-03
3.866180421360402075e+00 1.040890680207971807e-03
3.876180421360401862e+00 1.041459547578802835e-03
3.886180421360401649e+00 1.042029439046779273e-03
3.896180421360401436e+00 1.042600351301222568e-03
3.906180421360401223e+00 1.043172281024560590e-03
3.916180421360401009e+00 1.043745224892341297e-03
3.926180421360400796e+00 1.044319179573245096e-03
3.936180421360400583e+00 1.044894141729098497e-03
3.946180421360400370e+00 1.045470108014886264e-03
3.956180421360400157e+00 1.046047075078764639e-03
3.966180421360399944e+00 1.046625039562075650e-03
3.976180421360399730e+00 1.047203998099358610e-03
3.986180421360399517e+00 1.047783947318365510e-03
3.996180421360399304e+00 1.048364883840072941e-03
4.006180421360399535e+00 1.048946804278696196e-03
4.016180421360399322e+00 1.049529705241702927e-03
4.026180421360399109e+00 1.050113583329827238e-03
4.036180421360398896e+00 1.050698435137083133e-03
4.046180421360398682e+00 1.051284257250777957e-03
4.056180421360398469e+00 1.051871046251528011e-03
4.066180421360398256e+00 1.052458798713270909e-03
4.076180421360398043e+00 1.053047511203280759e-03
4.086180421360397830e+00 1.053637180282182692e-03
4.096180421360397617e+00 1.054227802503966303e-03
4.106180421360397403e+00 1.054819374416001050e-03
4.116180421360397190e+00 1.055411892559050997e-03
4.126180421360396977e+00 1.056005353467288693e-03
4.136180421360396764e+00 1.056599753668310783e-03
4.146180421360396551e+00 1.057195089683152537e-03
4.156180421360396338e+00 1.057791358026302815e-03
4.166180421360396124e+00 1.058388555205720108e-03
4.176180421360395911e+00 1.058986677722846418e-03
4.186180421360395698e+00 1.059585722072623522e-03
4.196180421360395485e+00 1.060185684743508803e-03
4.206180421360395272e+00 1.060786562217489555e-03
4.216180421360395059e+00 1.061388350970100120e-03
4.226180421360394845e+00 1.061991047470436413e-03
4.236180421360394632e+00 1.062594648181173053e-03
4.246180421360394419e+00 1.063199149558578544e-03
4.256180421360394206e+00 1.063804548052532184e-03
4.266180421360393993e+00 1.064410840106539032e-03
4.276180421360393780e+00 1.065018022157748333e-03
4.286180421360393566e+00 1.065626090636968273e-03
4.296180421360393353e+00 1.066235041968683099e-03
4.306180421360393140e+00 1.066844872571070472e-03
4.316180421360392927e+00 1.067455578856018163e-03
4.326180421360392714e+00 1.068067157229140316e-03
4.336180421360392501e+00 1.068679604089795444e-03
4.346180421360392288e+00 1.069292915831103344e-03
4.356180421360392074e+00 1.069907088839962663e-03
4.366180421360391861e+00 1.070522119497068240e-03
4.376180421360391648e+00 1.071138004176928893e-03
4.386180421360391435e+00 1.071754739247884978e-03
4.396180421360391222e+00 1.072372321072126823e-03
4.406180421360391009e+00 1.072990746005712294e-03
4.416180421360390795e+00 1.073610010398585220e-03
4.426180421360390582e+00 1.074230110594593616e-03
4.436180421360390369e+00 1.074851042931508323e-03
4.446180421360390156e+00 1.075472803741041230e-03
4.456180421360389943e+00 1.076095389348864567e-03
4.466180421360389730e+00 1.076718796074629340e-03
4.476180421360389516e+00 1.077343020231984411e-03
4.486180421360389303e+00 1.077968058128596232e-03
4.496180421360389090e+00 1.078593906066167276e-03
4.506180421360388877e+00 1.079220560340455985e-03
4.516180421360388664e+00 1.079848017241296287e-03
4.526180421360388451e+00 1.080476273052617545e-03
4.536180421360388237e+00 1.081105324052464289e-03
4.546180421360388024e+00 1.081735166513015734e-03
4.556180421360387811e+00 1.082365796700607459e-03
4.566180421360387598e+00 1.082997210875750061e-03
4.576180421360387385e+00 1.083629405293150402e-03
4.586180421360387172e+00 1.084262376201732426e-03
4.596180421360386958e+00 1.084896119844658193e-03
4.606180421360386745e+00 1.085530632459348046e-03
4.616180421360386532e+00 1.086165910277502077e-03
4.626180421360386319e+00 1.086801949525121810e-03
4.636180421360386106e+00 1.087438746422531239e-03
4.646180421360385893e+00 1.088076297184398505e-03
4.656180421360385679e+00 1.088714598019757370e-03
4.666180421360385466e+00 1.089353645132030198e-03
4.676180421360385253e+00 1.089993434719048774e-03
4.686180421360385040e+00 1.090779167058244029e-03
4.696180421360384827e+00 1.094577365670442934e-03
4.706180421360384614e+00 1.098379894199338078e-03
4.716180421360384400e+00 1.102186729993593576e-03
4.726180421360384187e+00 1.105997850369433780e-03
4.736180421360383974e+00 1.109813232610778588e-03
4.746180421360383761e+00 1.113632853969382872e-03
4.756180421360383548e+00 1.117456691664974171e-03
4.766180421360383335e+00 1.121284722885392340e-03
4.776180421360383122e+00 1.125116924786732442e-03
4.786180421360382908e+00 1.128953274493484614e-03
4.796180421360382695e+00 1.132793749098677614e-03
4.806180421360382482e+00 1.136638325664023888e-03
4.816180421360382269e+00 1.140486981220064418e-03
4.826180421360382056e+00 1.144339692766313792e-03
4.836180421360381843e+00 1.148196437271408301e-03
4.846180421360381629e+00 1.152057191673255127e-03
4.856180421360381416e+00 1.155921932879180446e-03
4.866180421360381203e+00 1.159790637766080785e-03
4.876180421360380990e+00 1.163663283180574153e-03
4.886180421360380777e+00 1.167539845939153569e-03
4.896180421360380564e+00 1.171420302828340369e-03
4.906180421360380350e+00 1.175304630604839242e-03
4.916180421360380137e+00 1.179192805995694362e-03
4.926180421360379924e+00 1.183084805698447241e-03
4.936180421360379711e+00 1.186980606381293508e-03
4.946180421360379498e+00 1.190880184683244455e-03
4.956180421360379285e+00 1.194783517214286417e-03
4.966180421360379071e+00 1.198690580555542527e-03
4.976180421360378858e+00 1.202601351259436875e-03
4.986180421360378645e+00 1.206515805849856914e-03
4.996180421360378432e+00 1.210433920822320212e-03
5.006180421360378219e+00 1.214355672644140769e-03
5.016180421360378006e+00 1.218281037754595768e-03
5.026180421360377792e+00 1.222209992565094494e-03
5.036180421360377579e+00 1.226142513459350502e-03
5.046180421360377366e+00 1.230078576793549455e-03
5.056180421360377153e+00 1.234018158896524548e-03
5.066180421360376940e+00 1.237961236069928458e-03
5.076180421360376727e+00 1.241907784588408559e-03
5.086180421360376513e+00 1.245857780699783420e-03
5.096180421360376300e+00 1.249811200625219540e-03
5.106180421360376087e+00 1.253768020559410234e-03
5.116180421360375874e+00 1.257728216670754746e-03
5.126180421360375661e+00 1.261691765101541265e-03
5.136180421360375448e+00 1.265658641968126245e-03
5.146180421360375234e+00 1.269628823361119811e-03
5.156180421360375021e+00 1.273602285345570503e-03
5.166180421360374808e+00 1.277579003961150025e-03
5.176180421360374595e+00 1.281558955222341679e-03
5.186180421360374382e+00 1.285542115118628584e-03
5.196180421360374169e+00 1.289528459614683407e-03
5.206180421360373956e+00 1.293517964650558972e-03
5.216180421360373742e+00 1.297510606141881462e-03
5.226180421360373529e+00 1.301506359980044054e-03
5.236180421360373316e+00 1.305505202032400782e-03
5.246180421360373103e+00 1.309507108142463636e-03
5.256180421360372890e+00 1.313512054130100328e-03
5.266180421360372677e+00 1.317520015791732047e-03
5.276180421360372463e+00 1.321530968900534470e-03
5.286180421360372250e+00 1.325544889206639425e-03
5.296180421360372037e+00 1.329561752437336333e-03
5.306180421360371824e+00 1.333581534297277778e-03
5.316180421360371611e+00 1.337604210468684197e-03
5.326180421360371398e+00 1.341629756611550321e-03
5.336180421360371184e+00 1.345658148363853548e-03
5.346180421360370971e+00 1.349689361341763856e-03
5.356180421360370758e+00 1.353723371139853911e-03
5.366180421360370545e+00 1.357760153331310279e-03
5.376180421360370332e+00 1.361799683468148739e-03
5.386180421360370119e+00 1.365841937081427879e-03
5.396180421360369905e+00 1.369886889681465065e-03
5.406180421360369692e+00 1.373934516758054149e-03
5.416180421360369479e+00 1.377984793780684262e-03
5.426180421360369266e+00 1.382037696198760339e-03
5.436180421360369053e+00 1.386093199441823867e-03
5.446180421360368840e+00 1.390151278919776658e-03
5.456180421360368626e+00 1.394211910023103983e-03
5.466180421360368413e+00 1.398275068123101166e-03
5.476180421360368200e+00 1.402340728572100187e-03
5.486180421360367987e+00 1.406408866703698227e-03
5.496180421360367774e+00 1.410479457832986873e-03
5.506180421360367561e+00 1.414552477256783916e-03
5.516180421360367347e+00 1.418627900253865157e-03
5.526180421360367134e+00 1.422705702085199243e-03
5.536180421360366921e+00 1.426785857994181637e-03
5.546180421360366708e+00 1.430868343206872714e-03
5.556180421360366495e+00 1.434953132932234327e-03
5.566180421360366282e+00 1.439040202362370287e-03
5.576180421360366068e+00 1.443129526672766623e-03
5.586180421360365855e+00 1.447221081022534005e-03
5.596180421360365642e+00 1.451314840554651913e-03
5.606180421360365429e+00 1.455410780396211926e-03
5.616180421360365216e+00 1.459508875658666006e-03
5.626180421360365003e+00 1.463609101438073049e-03
5.636180421360364790e+00 1.467711432815348681e-03
5.646180421360364576e+00 1.471815844856515709e-03
5.656180421360364363e+00 1.475922312604599279e-03
5.666180421360364150e+00 1.480030810975189581e-03
5.676180421360363937e+00 1.484141314774361543e-03
5.686180421360363724e+00 1.488253798773258403e-03
5.696180421360363511e+00 1.492368237709631269e-03
5.706180421360363297e+00 1.496484606287896372e-03
5.716180421360363084e+00 1.500602879179195126e-03
5.726180421360362871e+00 1.504723031021459184e-03
5.736180421360362658e+00 1.508845036419475920e-03
5.746180421360362445e+00 1.512968869944959337e-03
5.756180421360362232e+00 1.517094506136622712e-03
5.766180421360362018e+00 1.521221919500255352e-03
5.776180421360361805e+00 1.525351084508802611e-03
5.786180421360361592e+00 1.529481975602447856e-03
5.796180421360361379e+00 1.533614567188700721e-03
5.806180421360361166e+00 1.537748833642484710e-03
5.816180421360360953e+00 1.541884749306230871e-03
5.826180421360360739e+00 1.546022288489975159e-03
5.836180421360360526e+00 1.550161425471457098e-03
5.846180421360360313e+00 1.554302134496222780e-03
5.856180421360360100e+00 1.558444389777732851e-03
5.866180421360359887e+00 1.562588165497471151e-03
5.876180421360359674e+00 1.566733435805059416e-03
5.886180421360359460e+00 1.570880174818373512e-03
5.896180421360359247e+00 1.575028356623664645e-03
5.906180421360359034e+00 1.579177955275684045e-03
5.916180421360358821e+00 1.583328944797808948e-03
5.926180421360358608e+00 1.587481299182176391e-03
5.936180421360358395e+00 1.591634992389816131e-03
5.946180421360358181e+00 1.595789998350790728e-03
5.956180421360357968e+00 1.599946290964337136e-03
5.966180421360357755e+00 1.604103844099012861e-03
5.976180421360357542e+00 1.608262631592846225e-03
5.986180421360357329e+00 1.612422627253488807e-03
5.996180421360357116e+00 1.616583804858373087e-03
6.006180421360356902e+00 1.620746138154874208e-03
6.016180421360356689e+00 1.624909600860473258e-03
6.026180421360356476e+00 1.629074166662927052e-03
6.036180421360356263e+00 1.633239809220440094e-03
6.046180421360356050e+00 1.637406502161840643e-03
6.056180421360355837e+00 1.641574219086760914e-03
6.066180421360355624e+00 1.645742933565821388e-03
6.076180421360355410e+00 1.649912619140817948e-03
6.086180421360355197e+00 1.654083249324914649e-03
6.096180421360354984e+00 1.658254797602838441e-03
6.106180421360354771e+00 1.662427237431080181e-03
6.116180421360354558e+00 1.666600542238096290e-03
6.126180421360354345e+00 1.670774685424519313e-03
6.136180421360354131e+00 1.674949640363366079e-03
6.146180421360353918e+00 1.679125380400256278e-03
6.156180421360353705e+00 1.683301878853630824e-03
6.166180421360353492e+00 1.687479109014975625e-03
6.176180421360353279e+00 1.691657044149050357e-03
6.186180421360353066e+00 1.695835657494118532e-03
6.196180421360352852e+00 1.700014922262185584e-03
6.206180421360352639e+00 1.704194811639237828e-03
6.216180421360352426e+00 1.708375298785487061e-03
6.226180421360352213e+00 1.712556356835618189e-03
6.236180421360352000e+00 1.716737958899042715e-03
6.246180421360351787e+00 1.720920078060155477e-03
6.256180421360351573e+00 1.725102687378594424e-03
6.266180421360351360e+00 1.729285759889506897e-03
6.276180421360351147e+00 1.733469268603818293e-03
6.286180421360350934e+00 1.737653186508505282e-03
6.296180421360350721e+00 1.741837486566874017e-03
6.306180421360350508e+00 1.744492512256279543e-03
6.316180421360350294e+00 1.742345846330670004e-03
6.326180421360350081e+00 1.740199026057663405e-03
6.336180421360349868e+00 1.738052065352694523e-03
6.346180421360349655e+00 1.735904978142595052e-03
6.356180421360349442e+00 1.733757778365437258e-03
6.366180421360349229e+00 1.731610479970378293e-03
6.376180421360349015e+00 1.729463096917497993e-03
6.386180421360348802e+00 1.727315643177638419e-03
6.396180421360348589e+00 1.725168132732238409e-03
6.406180421360348376e+00 1.723020579573168124e-03
6.416180421360348163e+00 1.720872997702558834e-03
6.426180421360347950e+00 1.718725401132633127e-03
6.436180421360347736e+00 1.716577803885531222e-03
6.446180421360347523e+00 1.714430219993135548e-03
6.456180421360347310e+00 1.712282663496893145e-03
6.466180421360347097e+00 1.710135148447635258e-03
6.476180421360346884e+00 1.707987688905396274e-03
6.486180421360346671e+00 1.705840298939228323e-03
6.496180421360346458e+00 1.703692992627015013e-03
6.506180421360346244e+00 1.701545784055283209e-03
6.516180421360346031e+00 1.699398687319010701e-03
6.526180421360345818e+00 1.697251716521434080e-03
6.536180421360345605e+00 1.695104885773852715e-03
6.546180421360345392e+00 1.692958209195430993e-03
6.556180421360345179e+00 1.690811700912998611e-03
6.566180421360344965e+00 1.688665375060847615e-03
6.576180421360344752e+00 1.686519245780528564e-03
6.586180421360344539e+00 1.684373327220644104e-03
6.596180421360344326e+00 1.682227633536639063e-03
6.606180421360344113e+00 1.680082178890590118e-03
6.616180421360343900e+00 1.677936977450992205e-03
6.626180421360343686e+00 1.675792043392542330e-03
6.636180421360343473e+00 1.673647390895922947e-03
6.646180421360343260e+00 1.671503034147580995e-03
6.656180421360343047e+00 1.669358987339505202e-03
6.666180421360342834e+00 1.667215264669003180e-03
6.676180421360342621e+00 1.665071880338473299e-03
6.686180421360342407e+00 1.662928848555175927e-03
6.696180421360342194e+00 1.660786183531003579e-03
6.706180421360341981e+00 1.658643899482245858e-03
6.716180421360341768e+00 1.656502010629355270e-03
6.726180421360341555e+00 1.654360531196708700e-03
6.736180421360341342e+00 1.652219475412368454e-03
6.746180421360341128e+00 1.650078857507839176e-03
6.756180421360340915e+00 1.647938691717824346e-03
6.766180421360340702e+00 1.645798992279979937e-03
6.776180421360340489e+00 1.643659773434665277e-03
6.786180421360340276e+00 1.641521049424692590e-03
6.796180421360340063e+00 1.639382834495075030e-03
6.806180421360339849e+00 1.637245142892769945e-03
6.816180421360339636e+00 1.635107988866423435e-03
6.826180421360339423e+00 1.632971386666110360e-03
6.836180421360339210e+00 1.630835350543072835e-03
6.846180421360338997e+00 1.628699894749457196e-03
6.856180421360338784e+00 1.626565033538048379e-03
6.866180421360338570e+00 1.624430781162001678e-03
6.876180421360338357e+00 1.622297151874574307e-03
6.886180421360338144e+00 1.620164159928851955e-03
6.896180421360337931e+00 1.618031819577476441e-03
6.906180421360337718e+00 1.615900145072368590e-03
6.916180421360337505e+00 1.613769150664451325e-03
6.926180421360337292e+00 1.611638850603368863e-03
6.936180421360337078e+00 1.609509259137205470e-03
6.946180421360336865e+00 1.607380390512200968e-03
6.956180421360336652e+00 1.605252258972464287e-03
6.966180421360336439e+00 1.603124878759687021e-03
6.976180421360336226e+00 1.600998264112851559e-03
6.986180421360336013e+00 1.598872429267940952e-03
6.996180421360335799e+00 1.596747388457643796e-03
7.006180421360335586e+00 1.594623155911058894e-03
7.016180421360335373e+00 1.592499745853398182e-03
7.026180421360335160e+00 1.590377172505685758e-03
7.036180421360334947e+00 1.588255450084457773e-03
7.046180421360334734e+00 1.586134592801458423e-03
7.056180421360334520e+00 1.584014614863334417e-03
7.066180421360334307e+00 1.581895530471328802e-03
7.076180421360334094e+00 1.579777353820971311e-03
7.086180421360333881e+00 1.577660099101768068e-03
7.096180421360333668e+00 1.575543780496888903e-03
7.106180421360333455e+00 1.573428412182852933e-03
7.116180421360333241e+00 1.571314008329213058e-03
7.126180421360333028e+00 1.569200583098237642e-03
7.136180421360332815e+00 1.567088150644591104e-03
7.146180421360332602e+00 1.564976725115013213e-03
7.156180421360332389e+00 1.562866320647994913e-03
7.166180421360332176e+00 1.560756951373455442e-03
7.176180421360331962e+00 1.558648631412414259e-03
7.186180421360331749e+00 1.556541374876665128e-03
7.196180421360331536e+00 1.554435195868444355e-03
7.206180421360331323e+00 1.552330108480102057e-03
7.216180421360331110e+00 1.550226126793767360e-03
7.226180421360330897e+00 1.548123264881015766e-03
7.236180421360330683e+00 1.546021536802532183e-03
7.246180421360330470e+00 1.543920956607774172e-03
7.256180421360330257e+00 1.541821538334925109e-03
7.266180421360330044e+00 1.539723296073274407e-03
7.276180421360329831e+00 1.537626244049461466e-03
7.286180421360329618e+00 1.535530396537359817e-03
7.296180421360329404e+00 1.533435767843537977e-03
7.306180421360329191e+00 1.531342372306987529e-03
7.316180421360328978e+00 1.529250224298844699e-03
7.326180421360328765e+00 1.527159338222100005e-03
7.336180421360328552e+00 1.525069728511302923e-03
7.346180421360328339e+00 1.522981409632254623e-03
7.356180421360328126e+00 1.520894396081692900e-03
7.366180421360327912e+00 1.518808702386969297e-03
7.376180421360327699e+00 1.516363299117380993e-03
7.386180421360327486e+00 1.504394692621528534e-03
7.396180421360327273e+00 1.492433921233258555e-03
7.406180421360327060e+00 1.480481069108117737e-03
7.416180421360326847e+00 1.468536220567489073e-03
7.426180421360326633e+00 1.456599460096427365e-03
7.436180421360326420e+00 1.444670872341445502e-03
7.446180421360326207e+00 1.432750542108251297e-03
7.456180421360325994e+00 1.420838554359432279e-03
7.466180421360325781e+00 1.408934994212092569e-03
7.476180421360325568e+00 1.397039946935438141e-03
7.486180421360325354e+00 1.385153497948314605e-03
7.496180421360325141e+00 1.373275732816693585e-03
7.506180421360324928e+00 1.361406737251108154e-03
7.516180421360324715e+00 1.349546597104043805e-03
7.526180421360324502e+00 1.337695398367276522e-03
7.536180421360324289e+00 1.325853227169161621e-03
7.546180421360324075e+00 1.314020169771876623e-03
7.556180421360323862e+00 1.302196312568611441e-03
7.566180421360323649e+00 1.290381742080715620e-03
7.576180421360323436e+00 1.278576544954791814e-03
7.586180421360323223e+00 1.266780807959742849e-03
7.596180421360323010e+00 1.254994617983774124e-03
7.606180421360322796e+00 1.243218062031343964e-03
7.616180421360322583e+00 1.231451227220069309e-03
7.626180421360322370e+00 1.219694200777582827e-03
7.636180421360322157e+00 1.207947070038342978e-03
7.646180421360321944e+00 1.196209922440399833e-03
7.656180421360321731e+00 1.184482845522111466e-03
7.666180421360321517e+00 1.172765926918815016e-03
7.676180421360321304e+00 1.161059254359452647e-03
7.686180421360321091e+00 1.149362915663151982e-03
7.696180421360320878e+00 1.137676998735759901e-03
7.706180421360320665e+00 1.126001591566332550e-03
7.716180421360320452e+00 1.114336782223580890e-03
7.726180421360320238e+00 1.102682658852269411e-03
7.736180421360320025e+00 1.091039309669575600e-03
7.746180421360319812e+00 1.079406822961399750e-03
7.756180421360319599e+00 1.067785287078637036e-03
7.766180421360319386e+00 1.056174790433401893e-03
7.776180421360319173e+00 1.044575421495213792e-03
7.786180421360318960e+00 1.032987268787137914e-03
7.796180421360318746e+00 1.021410420881884622e-03
7.806180421360318533e+00 1.009844966397868823e-03
7.816180421360318320e+00 9.982909939952261738e-04
7.826180421360318107e+00 9.867485923717909078e-04
7.836180421360317894e+00 9.752178502590318123e-04
7.846180421360317681e+00 9.636988564179478720e-04
7.856180421360317467e+00 9.521916996349266173e-04
7.866180421360317254e+00 9.406964687175627896e-04
7.876180421360317041e+00 9.292132524904364588e-04
7.886180421360316828e+00 9.177421397908569868e-04
7.896180421360316615e+00 9.062832194645660099e-04
7.906180421360316402e+00 8.948365803614049662e-04
7.916180421360316188e+00 8.834023113309473875e-04
7.926180421360315975e+00 8.719805012180912923e-04
7.936180421360315762e+00 8.605712388586206785e-04
7.946180421360315549e+00 8.491746130747285281e-04
7.956180421360315336e+00 8.377907126705073926e-04
7.966180421360315123e+00 8.264196264274050688e-04
7.976180421360314909e+00 8.150614430996463381e-04
7.986180421360314696e+00 8.037162514096246732e-04
7.996180421360314483e+00 7.923841400432576247e-04
8.006180421360314270e+00 7.810651976453134764e-04
8.016180421360314057e+00 7.697595128147063492e-04
8.026180421360313844e+00 7.584671740997602982e-04
8.036180421360313630e+00 7.471882699934435934e-04
8.046180421360313417e+00 7.359228889285726431e-04
8.056180421360313204e+00 7.246711192729900046e-04
8.066180421360312991e+00 7.134330493247114952e-04
8.076180421360312778e+00 7.111231675067861396e-04
8.086180421360312565e+00 7.189306825697147282e-04
8.096180421360312351e+00 7.267284722772042677e-04
8.106180421360312138e+00 7.345164753625695649e-04
8.116180421360311925e+00 7.422946306249280420e-04
8.126180421360311712e+00 7.500628769326873977e-04
8.136180421360311499e+00 7.578211532270474719e-04
8.146180421360311286e+00 7.655693985255194577e-04
8.156180421360311072e+00 7.733075519254607256e-04
8.166180421360310859e+00 7.810355526076230917e-04
8.176180421360310646e+00 7.887533398397168077e-04
8.186180421360310433e+00 7.964608529799873434e-04
8.196180421360310220e+00 8.041580314808068064e-04
8.206180421360310007e+00 8.118448148922772882e-04
8.216180421360309793e+00 8.195211428658460279e-04
8.226180421360309580e+00 8.271869551579342367e-04
8.236180421360309367e+00 8.348421916335748132e-04
8.246180421360309154e+00 8.424867922700635028e-04
8.256180421360308941e+00 8.501206971606174289e-04
8.266180421360308728e+00 8.577438465180457685e-04
8.276180421360308515e+00 8.653561806784284497e-04
8.286180421360308301e+00 8.729576401048026561e-04
8.296180421360308088e+00 8.805481653908597394e-04
8.306180421360307875e+00 8.881276972646462518e-04
8.316180421360307662e+00 8.956961765922758206e-04
8.326180421360307449e+00 9.032535443816439502e-04
8.336180421360307236e+00 9.107997417407334012e-04
8.346180421360307022e+00 9.183347087484160015e-04
8.356180421360306809e+00 9.258583840807720674e-04
8.366180421360306596e+00 9.333707059687114307e-04
8.376180421360306383e+00 9.408716122548991482e-04
8.386180421360306170e+00 9.483610404012309675e-04
8.396180421360305957e+00 9.558389274964133094e-04
8.406180421360305743e+00 9.633052102636517795e-04
8.416180421360305530e+00 9.707598250684421363e-04
8.426180421360305317e+00 9.782027079264677284e-04
8.436180421360305104e+00 9.856337945115985211e-04
8.446180421360304891e+00 9.930530201639929059e-04
8.456180421360304678e+00 1.000460319898300232e-03
8.466180421360304464e+00 1.007855628411963083e-03
8.476180421360304251e+00 1.015238880093619414e-03
8.486180421360304038e+00 1.022610009031601173e-03
8.496180421360303825e+00 1.029968949022528994e-03
8.506180421360303612e+00 1.037315633580004242e-03
8.516180421360303399e+00 1.044649995943392352e-03
8.526180421360303185e+00 1.051971969086700062e-03
8.536180421360302972e+00 1.059281485727544148e-03
8.546180421360302759e+00 1.066578478336209067e-03
8.556180421360302546e+00 1.073862879144793286e-03
8.566180421360302333e+00 1.081134620156443214e-03
8.576180421360302120e+00 1.088393633154670402e-03
8.586180421360301906e+00 1.095639849712756351e-03
8.596180421360301693e+00 1.102873201203235154e-03
8.606180421360301480e+00 1.110093618807459631e-03
8.616180421360301267e+00 1.117301033525245962e-03
8.626180421360301054e+00 1.124495376184595071e-03
8.636180421360300841e+00 1.131676577451488615e-03
8.646180421360300627e+00 1.138844567839761724e-03
8.656180421360300414e+00 1.145999277721043838e-03
8.666180421360300201e+00 1.153140637334772612e-03
8.676180421360299988e+00 1.160268576798273747e-03
8.686180421360299775e+00 1.167383026116909335e-03
8.696180421360299562e+00 1.174483915194288013e-03
8.706180421360299349e+00 1.181571173842539939e-03
8.716180421360299135e+00 1.190148362397124709e-03
8.726180421360298922e+00 1.202945012800493490e-03
8.736180421360298709e+00 1.215716574055256387e-03
8.746180421360298496e+00 1.228462918463162122e-03
8.756180421360298283e+00 1.241183918254817106e-03
8.766180421360298070e+00 1.253879445608904655e-03
8.776180421360297856e+00 1.266549372671490082e-03
8.786180421360297643e+00 1.279193571575409699e-03
8.796180421360297430e+00 1.291811914459734846e-03
8.806180421360297217e+00 1.304404273489309218e-03
8.816180421360297004e+00 1.316970520874358392e-03
8.826180421360296791e+00 1.329510528890159859e-03
8.836180421360296577e+00 1.342024169896776590e-03
8.846180421360296364e+00 1.354511316358843719e-03
8.856180421360296151e+00 1.366971840865409665e-03
8.866180421360295938e+00 1.379405616149821916e-03
8.876180421360295725e+00 1.391812515109655535e-03
8.886180421360295512e+00 1.404192410826678953e-03
8.896180421360295298e+00 1.416545176586855338e-03
8.906180421360295085e+00 1.428870685900368240e-03
8.916180421360294872e+00 1.441168812521673257e-03
8.926180421360294659e+00 1.453439430469568357e-03
8.936180421360294446e+00 1.465682414047278287e-03
8.946180421360294233e+00 1.477897637862545920e-03
8.956180421360294019e+00 1.490084976847731203e-03
8.966180421360293806e+00 1.502244306279906187e-03
8.976180421360293593e+00 1.514375501800946811e-03
8.986180421360293380e+00 1.526478439437612333e-03
8.996180421360293167e+00 1.538552995621610435e-03
9.006180421360292954e+00 1.550599047209640655e-03
9.016180421360292740e+00 1.562616471503412013e-03
9.026180421360292527e+00 1.574605146269631144e-03
9.036180421360292314e+00 1.586564949759953352e-03
9.046180421360292101e+00 1.598495760730892033e-03
9.056180421360291888e+00 1.610397458463684942e-03
9.066180421360291675e+00 1.622269922784105823e-03
9.076180421360291461e+00 1.634113034082221826e-03
9.086180421360291248e+00 1.645926673332088249e-03
9.096180421360291035e+00 1.657710721445154875e-03
9.106180421360290822e+00 1.669465048894371809e-03
9.116180421360290609e+00 1.681189516062503312e-03
9.126180421360290396e+00 1.692883981445278407e-03
9.136180421360290183e+00 1.704548301946703709e-03
9.146180421360289969e+00 1.716182332938280585e-03
9.156180421360289756e+00 1.727785928318578169e-03
9.166180421360289543e+00 1.739358940573148323e-03
9.176180421360289330e+00 1.750901220834773448e-03
9.186180421360289117e+00 1.762412618944031971e-03
9.196180421360288904e+00 1.773892983510170010e-03
9.206180421360288690e+00 1.785342161972264903e-03
9.216180421360288477e+00 1.794871046384270306e-03
9.226180421360288264e+00 1.792909474124638938e-03
9.236180421360288051e+00 1.790953354373534933e-03
9.246180421360287838e+00 1.789002714113324070e-03
9.256180421360287625e+00 1.787057580474610535e-03
9.266180421360287411e+00 1.785117980725449980e-03
9.276180421360287198e+00 1.783183942260535039e-03
9.286180421360286985e+00 1.781255492590347669e-03
9.296180421360286772e+00 1.779332659330289806e-03
9.306180421360286559e+00 1.777415470189789085e-03
9.316180421360286346e+00 1.775503952961386559e-03
9.326180421360286132e+00 1.773598135509807296e-03
9.336180421360285919e+00 1.771698045761019909e-03
9.346180421360285706e+00 1.769803711691285896e-03
9.356180421360285493e+00 1.767915161316203129e-03
9.366180421360285280e+00 1.766032422679747168e-03
9.376180421360285067e+00 1.764155523843315186e-03
9.386180421360284853e+00 1.762284492874773359e-03
9.396180421360284640e+00 1.760419357837512922e-03
9.406180421360284427e+00 1.758560146779520553e-03
9.416180421360284214e+00 1.756706887722462836e-03
9.426180421360284001e+00 1.754859608650791982e-03
9.436180421360283788e+00 1.753018337500875405e-03
9.446180421360283574e+00 1.751183102150152176e-03
9.456180421360283361e+00 1.749353930406323315e-03
9.466180421360283148e+00 1.747530849996575038e-03
9.476180421360282935e+00 1.745713888556844721e-03
9.486180421360282722e+00 1.743903073621128064e-03
9.496180421360282509e+00 1.742098432610835693e-03
9.506180421360282295e+00 1.740299992824200729e-03
9.516180421360282082e+00 1.738507781425743153e-03
9.526180421360281869e+00 1.736721825435793599e-03
9.536180421360281656e+00 1.734942151720080894e-03
9.546180421360281443e+00 1.733168786979388983e-03
9.556180421360281230e+00 1.731401757739284546e-03
9.566180421360281017e+00 1.729641090339922686e-03
9.576180421360280803e+00 1.727886810925931532e-03
9.586180421360280590e+00 1.725957113095375698e-03
9.596180421360280377e+00 1.722721422038408319e-03
9.606180421360280164e+00 1.719497743675504377e-03
9.616180421360279951e+00 1.716286124947316626e-03
9.626180421360279738e+00 1.713086612339730953e-03
9.636180421360279524e+00 1.709899254849484582e-03
9.646180421360279311e+00 1.706724118186668960e-03
9.656180421360279098e+00 1.703561274361633810e-03
9.666180421360278885e+00 1.700410795878703292e-03
9.676180421360278672e+00 1.697272755664319200e-03
9.686180421360278459e+00 1.694147227010295341e-03
9.696180421360278245e+00 1.691034283517151710e-03
9.706180421360278032e+00 1.687933999037547535e-03
9.716180421360277819e+00 1.684846447619846614e-03
9.726180421360277606e+00 1.681771703451838103e-03
9.736180421360277393e+00 1.678709840804640772e-03
9.746180421360277180e+00 1.675660933976819318e-03
9.756180421360276966e+00 1.672625057238742675e-03
9.766180421360276753e+00 1.669602284777211426e-03
9.776180421360276540e+00 1.666592690640383585e-03
9.786180421360276327e+00 1.663596348683032576e-03
9.796180421360276114e+00 1.660613332512161705e-03
9.806180421360275901e+00 1.657643715433011321e-03
9.816180421360275687e+00 1.654687570395484272e-03
9.826180421360275474e+00 1.651744969941025846e-03
9.836180421360275261e+00 1.648815986149982944e-03
9.846180421360275048e+00 1.645900690589479753e-03
9.856180421360274835e+00 1.642999154261835966e-03
9.866180421360274622e+00 1.637133724186103697e-03
9.876180421360274408e+00 1.628728016493487208e-03
9.886180421360274195e+00 1.620363165337715622e-03
9.896180421360273982e+00 1.612039370314397209e-03
9.906180421360273769e+00 1.603756828639818456e-03
9.916180421360273556e+00 1.595515735011515234e-03
9.926180421360273343e+00 1.587316281471063762e-03
9.936180421360273129e+00 1.579158657269167905e-03
9.946180421360272916e+00 1.571043048733135198e-03
9.956180421360272703e+00 1.562969639136817680e-03
9.966180421360272490e+00 1.554938608573102786e-03
9.976180421360272277e+00 1.546950133829031468e-03
9.986180421360272064e+00 1.539004388263619672e-03
9.996180421360271851e+00 1.531101541688462304e-03
1.000618042136027164e+01 1.523241760535981029e-03
1.001618042136027142e+01 1.515425264901562423e-03
1.002618042136027121e+01 1.507652403018935449e-03
1.003618042136027100e+01 1.499923536212314362e-03
1.004618042136027078e+01 1.492239020052282556e-03
1.005618042136027057e+01 1.484599204088558194e-03
1.006618042136027036e+01 1.477004431588482044e-03
1.007618042136027015e+01 1.462785899237240960e-03
1.008618042136026993e+01 1.447317477583019620e-03
1.009618042136026972e+01 1.431943950485219368e-03
1.010618042136026951e+01 1.416665968631173863e-03
1.011618042136026929e+01 1.401484167257741878e-03
1.012618042136026908e+01 1.386399165694085153e-03
1.013618042136026887e+01 1.371411566919788355e-03
1.014618042136026865e+01 1.356521957138748539e-03
1.015618042136026844e+01 1.341730905369247200e-03
1.016618042136026823e+01 1.327038963050585461e-03
1.017618042136026801e+01 1.312446663666648429e-03
1.018618042136026780e+01 1.297954522386730479e-03
1.019618042136026759e+01 1.283563035723934379e-03
1.020618042136026737e+01 1.269272681211430472e-03
1.021618042136026716e+01 1.255083917096829187e-03
1.022618042136026695e+01 1.240997182054901513e-03
1.023618042136026673e+01 1.218521034415761444e-03
1.024618042136026652e+01 1.196193285216175456e-03
1.025618042136026631e+01 1.174031569462151989e-03
1.026618042136026610e+01 1.152036462796040585e-03
1.027618042136026588e+01 1.130208553244624976e-03
1.028618042136026567e+01 1.108549121559838924e-03
1.029618042136026546e+01 1.087059978617328261e-03
1.030618042136026524e+01 1.065742846090466517e-03
1.031618042136026503e+01 1.044599340168080341e-03
1.032618042136026482e+01 1.023630972754524049e-03
1.033618042136026460e+01 1.002839152756773971e-03
1.034618042136026439e+01 9.822251874535723945e-04
1.035618042136026418e+01 9.586759921770813576e-04
1.036618042136026396e+01 9.325801456632719366e-04
1.037618042136026375e+01 9.067177303492874761e-04
1.038618042136026354e+01 8.810899262973574415e-04
1.039618042136026332e+01 8.556977928169915175e-04
1.040618042136026311e+01 8.305422707306095659e-04
1.041618042136026290e+01 8.056241847012889958e-04
1.042618042136026268e+01 7.809442456167541447e-04
1.043618042136026247e+01 7.565030530238489332e-04
1.044618042136026226e+01 7.323010976078754303e-04
1.045618042136026205e+01 7.074105517004746976e-04
1.046618042136026183e+01 6.810439183037067220e-04
1.047618042136026162e+01 6.549448853889762966e-04
1.048618042136026141e+01 6.291159833306140614e-04
1.049618042136026119e+01 6.035596849559751167e-04
1.050618042136026098e+01 5.782781509107293291e-04
1.051618042136026077e+01 5.532732402557352961e-04
1.052618042136026055e+01 5.285465212091945827e-04
1.053618042136026034e+01 5.040992819872772103e-04
1.054618042136026013e+01 4.888684317301689175e-04
1.055618042136025991e+01 4.770145410421540010e-04
1.056618042136025970e+01 4.653004889329873930e-04
1.057618042136025949e+01 4.537264129303055079e-04
1.058618042136025927e+01 4.422923385284716936e-04
1.059618042136025906e+01 4.309981844586701629e-04
1.060618042136025885e+01 4.198437678872336018e-04
1.061618042136025863e+01 4.085058751863494776e-04
1.062618042136025842e+01 3.962013826227783471e-04
1.063618042136025821e+01 3.840554860829324853e-04
1.064618042136025799e+01 3.720689118814911908e-04
1.065618042136025778e+01 3.602421998312088560e-04
1.066618042136025757e+01 3.485757118005686304e-04
1.067618042136025736e+01 3.370696402352127809e-04
1.068618042136025714e+01 3.103226315437058688e-04
1.069618042136025693e+01 2.720855101767273424e-04
1.070618042136025672e+01 2.343955609480636963e-04
1.071618042136025650e+01 1.972514102560581149e-04
1.072618042136025629e+01 1.606512456550475095e-04
1.073618042136025608e+01 1.245928423065043326e-04
1.074618042136025586e+01 9.662348432230224722e-05
1.075618042136025565e+01 7.239710551933889059e-05
1.076618042136025544e+01 4.854461044668318054e-05
1.077618042136025522e+01 2.506580837107821055e-05
1.078618042136025501e+01 1.960185747077717347e-06
1.079618042136025480e+01 -1.191810943399132511e-05
1.080618042136025458e+01 -2.399189546934289013e-06
1.081618042136025437e+01 6.962295096776776037e-06
1.082618042136025416e+01 1.616705005760063886e-05
1.083618042136025394e+01 2.521588725425800791e-05
1.084618042136025373e+01 3.630565945892222878e-05
1.085618042136025352e+01 5.561863823335007600e-05
1.086618042136025331e+01 7.459114301314507286e-05
1.087618042136025309e+01 9.322414857512022494e-05
1.088618042136025288e+01 1.115189241193612735e-04
1.089618042136025267e+01 1.240005495902036473e-04
1.090618042136025245e+01 1.306359925245323547e-04
1.091618042136025224e+01 1.371461286281838330e-04
1.092618042136025203e+01 1.435318231847155070e-04
1.093618042136025181e+01 1.476619409325251949e-04
1.094618042136025160e+01 1.421597704506251110e-04
1.095618042136025139e+01 1.367664975272093976e-04
1.096618042136025117e+01 1.314814052437379233e-04
1.097618042136025096e+01 1.285253519362155152e-04
1.098618042136025075e+01 1.314921636821084021e-04
1.099618042136025053e+01 1.343965683320555763e-04
1.100618042136025032e+01 1.372387849415744967e-04
1.101618042136025011e+01 1.728734117551852150e-04
1.102618042136024989e+01 2.206512550353358798e-04
1.103618042136024968e+01 2.673554844285374221e-04
1.104618042136024947e+01 2.911392836511192948e-04
1.105618042136024926e+01 2.928663727860567143e-04
1.106618042136024904e+01 2.945519492047667001e-04
1.107618042136024883e+01 2.481447721309911446e-04
1.108618042136024862e+01 1.772404164896875770e-04
1.109618042136024840e+01 1.273283124061300566e-04
1.110618042136024819e+01 1.561028675582117975e-04
1.111618042136024798e+01 1.840694877852579886e-04
1.112618042136024776e+01 2.338556605355250834e-04
1.113618042136024755e+01 2.831883645657209546e-04
1.114618042136024734e+01 2.612342461647136128e-04
1.115618042136024712e+01 2.520118806664189775e-04
1.116618042136024691e+01 2.823123313373402180e-04
1.117618042136024670e+01 1.919813299504505104e-04
1.118618042136024648e+01 2.535453647276630419e-04
1.119618042136024627e+01 5.804523798728911371e-04
1.120618042136024606e+01 3.793904193066061038e-04
1.121618042136024584e+01 2.188441058015321342e-04
1.122618042136024563e+01 -3.549934669521664053e-03
1.123618042136024542e+01 -4.486249296420592378e-03
1.124618042136024521e+01 -2.077691218670933357e-03
1.125618042136024499e+01 -3.913379569577562665e-04
1.126618042136024478e+01 1.734761401139261756e-04
1.127618042136024457e+01 1.290644697838707635e-04
1.128618042136024435e+01 -7.388792575050533298e-06
1.129618042136024414e+01 1.694284627706604471e-04
1.130618042136024393e+01 7.117623182209815817e-04
1.131618042136024371e+01 5.906257877755713426e-04
1.132618042136024350e+01 -5.265334385645104812e-04
1.133618042136024329e+01 -4.670617782356141414e-04
1.134618042136024307e+01 7.342587830343677091e-04
1.135618042136024286e+01 9.092664714830589121e-04
1.136618042136024265e+01 -6.774450230305485406e-04
1.137618042136024243e+01 3.917033769290026316e-04
1.138618042136024222e+01 1.607865907484477743e-04
1.139618042136024201e+01 -1.227693637440039742e-03
1.140618042136024179e+01 1.785325640522475053e-03
1.141618042136024158e+01 1.187918546497463215e-03
1.142618042136024137e+01 -3.797328906268476918e-04
1.143618042136024116e+01 5.563741153894448486e-04
1.144618042136024094e+01 -3.419602789447256474e-04
1.145618042136024073e+01 1.201863121224972723e-04
1.146618042136024052e+01 3.803149605920073907e-04
1.147618042136024030e+01 3.013741470451866602e-04
1.148618042136024009e+01 3.462314901755921860e-04
1.149618042136023988e+01 3.350306104051408709e-04
1.150618042136023966e+01 3.297419235444195825e-04
1.151618042136023945e+01 3.313080095263283413e-04
1.152618042136023924e+01 3.068049371471413410e-04
1.153618042136023902e+01 3.506171018877027095e-04
1.154618042136023881e+01 1.015258448615407628e-03
1.155618042136023860e+01 8.748169950224308176e-04
1.156618042136023838e+01 2.996443247354628643e-05
1.157618042136023817e+01 -1.139002292808045025e-03
1.158618042136023796e+01 -3.006943901578339965e-04
1.159618042136023774e+01 2.723486755386796848e-04
1.160618042136023753e+01 5.879558853157144330e-04
1.161618042136023732e+01 4.362161333649396014e-04
1.162618042136023710e+01 4.233107905377554670e-04
1.163618042136023689e+01 3.956974872219780164e-04
1.164618042136023668e+01 3.266251995445821764e-04
1.165618042136023647e+01 3.067537157553342289e-04
1.166618042136023625e+01 2.697554132395323231e-04
1.167618042136023604e+01 3.974891989599378282e-04
1.168618042136023583e+01 2.850629610301791449e-04
1.169618042136023561e+01 5.718730731248380852e-04
1.170618042136023540e+01 -4.430025540452298995e-05
1.171618042136023519e+01 1.633925167459020602e-04
1.172618042136023497e+01 -6.117409952622793017e-03
1.173618042136023476e+01 -5.241885248776002350e-03
1.174618042136023455e+01 1.859085988223719991e-03
1.175618042136023433e+01 1.543763412038243014e-03
1.176618042136023412e+01 1.494656356535141927e-03
1.177618042136023391e+01 2.039678822243135080e-04
1.178618042136023369e+01 2.971016682113917368e-04
1.179618042136023348e+01 1.072302478112845342e-03
1.180618042136023327e+01 -7.920929740963677948e-04
1.181618042136023305e+01 1.805503924702123002e-03
1.182618042136023284e+01 -1.393426142117323244e-03
1.183618042136023263e+01 2.678764428432994088e-03
1.184618042136023242e+01 1.627542369388549313e-03
1.185618042136023220e+01 -2.051863729524775783e-03
1.186618042136023199e+01 7.799936075739400364e-04
1.187618042136023178e+01 4.547712150502000597e-04
1.188618042136023156e+01 5.012950423393085090e-04
1.189618042136023135e+01 5.475777656316223839e-04
1.190618042136023114e+01 5.997904563426788163e-04
1.191618042136023092e+01 6.051149290856096827e-04
1.192022480172024324e+01 -2.164530144721215060e-03
