1.000000000000000021e-03 2.080830460315123785e-03
1.470979053689277496e-03 2.080830455560450133e-03
6.180769590582052900e-03 2.080830308325041372e-03
1.618076959058205311e-02 2.080829394735495778e-03
2.618076959058205505e-02 2.080827664043489837e-03
3.618076959058205699e-02 2.080825116259162576e-03
4.618076959058205894e-02 2.080821751397439121e-03
5.618076959058206088e-02 2.080817569478031134e-03
6.618076959058205588e-02 2.080812570525436382e-03
7.618076959058205089e-02 2.080806754568939165e-03
8.618076959058204589e-02 2.080800121642609884e-03
9.618076959058204090e-02 2.080792671785304613e-03
1.061807695905820359e-01 2.080784405040665957e-03
1.161807695905820309e-01 2.080775321457121758e-03
1.261807695905820259e-01 2.080765421087885526e-03
1.361807695905820348e-01 2.080754703990955572e-03
1.461807695905820437e-01 2.080743170229116309e-03
1.561807695905820526e-01 2.080730819869935650e-03
1.661807695905820614e-01 2.080717652985766743e-03
1.761807695905820703e-01 2.080703669653746670e-03
1.861807695905820792e-01 2.080688869955795578e-03
1.961807695905820881e-01 2.080673253978618416e-03
2.061807695905820970e-01 2.080656821813702331e-03
2.161807695905821058e-01 2.080639573557317105e-03
2.261807695905821147e-01 2.080621509310516017e-03
2.361807695905821236e-01 2.080602629179132378e-03
2.461807695905821325e-01 2.080582933273782131e-03
2.561807695905821136e-01 2.080562421709861685e-03
2.661807695905821225e-01 2.080541094607548346e-03
2.761807695905821314e-01 2.080518952091798580e-03
2.861807695905821403e-01 2.080495994292349323e-03
2.961807695905821491e-01 2.080472221343715369e-03
3.061807695905821580e-01 2.080447633385190242e-03
3.161807695905821669e-01 2.080422230560844896e-03
3.261807695905821758e-01 2.080396013019528145e-03
3.361807695905821847e-01 2.080368980914863632e-03
3.461807695905821936e-01 2.080341134405251993e-03
3.561807695905822024e-01 2.080312473653869124e-03
3.661807695905822113e-01 2.080282998828664447e-03
3.761807695905822202e-01 2.080252710102361777e-03
3.861807695905822291e-01 2.080221607652457151e-03
3.961807695905822380e-01 2.080189691661219701e-03
4.061807695905822468e-01 2.080156962315689046e-03
4.161807695905822557e-01 2.080123419807676163e-03
4.261807695905822646e-01 2.080089064333761218e-03
4.361807695905822735e-01 2.080053896095293564e-03
4.461807695905822824e-01 2.080017915298390876e-03
4.561807695905822913e-01 2.079981122153937850e-03
4.661807695905823001e-01 2.079943516877584900e-03
4.761807695905823090e-01 2.079905099689749026e-03
4.861807695905823179e-01 2.079865870815610345e-03
4.961807695905823268e-01 2.079825830485113828e-03
5.061807695905823357e-01 2.079784978932965392e-03
5.161807695905823445e-01 2.079743316398633638e-03
5.261807695905823534e-01 2.079700843126347683e-03
5.361807695905823623e-01 2.079657559365094555e-03
5.461807695905823712e-01 2.079613465368621798e-03
5.561807695905823801e-01 2.079568561395432266e-03
5.661807695905823890e-01 2.079522847708786728e-03
5.761807695905823978e-01 2.079476324576699092e-03
5.861807695905824067e-01 2.079428992271938580e-03
5.961807695905824156e-01 2.079380851072026252e-03
6.061807695905824245e-01 2.079331901259236313e-03
6.161807695905824334e-01 2.079282143120590905e-03
6.261807695905824422e-01 2.079231576947862710e-03
6.361807695905824511e-01 2.079180203037572349e-03
6.461807695905824600e-01 2.079128021690986212e-03
6.561807695905824689e-01 2.079075033214116460e-03
6.661807695905824778e-01 2.079021237917719721e-03
6.761807695905824867e-01 2.078966636117294056e-03
6.861807695905824955e-01 2.078911228133079828e-03
6.961807695905825044e-01 2.078855014290056664e-03
7.061807695905825133e-01 2.078797994917943020e-03
7.161807695905825222e-01 2.078740170351194884e-03
7.261807695905825311e-01 2.078681540929002303e-03
7.361807695905825399e-01 2.078622106995291555e-03
7.461807695905825488e-01 2.078561868898720806e-03
7.561807695905825577e-01 2.078500826992678383e-03
7.661807695905825666e-01 2.078438981635284503e-03
7.761807695905825755e-01 2.078376333189385639e-03
7.861807695905825843e-01 2.078312882022555815e-03
7.961807695905825932e-01 2.078248628507094013e-03
8.061807695905826021e-01 2.078183573020021997e-03
8.161807695905826110e-01 2.078117715943084750e-03
8.261807695905826199e-01 2.078051057662745702e-03
8.361807695905826288e-01 2.077983598570188033e-03
8.461807695905826376e-01 2.077915339061311203e-03
8.561807695905826465e-01 2.077846279536730515e-03
8.661807695905826554e-01 2.077776420401773218e-03
8.761807695905826643e-01 2.077705762066479802e-03
8.861807695905826732e-01 2.077634304945599232e-03
8.961807695905826820e-01 2.077562049458590247e-03
9.061807695905826909e-01 2.077488996029615721e-03
9.161807695905826998e-01 2.077415145087545267e-03
9.261807695905827087e-01 2.077340497065949167e-03
9.361807695905827176e-01 2.077265052403099669e-03
9.461807695905827265e-01 2.077188811541967519e-03
9.561807695905827353e-01 2.077111774930220662e-03
9.661807695905827442e-01 2.077033943020220770e-03
9.761807695905827531e-01 2.076955316269024545e-03
9.861807695905827620e-01 2.076875895138378513e-03
9.961807695905827709e-01 2.076795680094718159e-03
1.006180769590582669e+00 2.076714671609166622e-03
1.016180769590582678e+00 2.076632870157532097e-03
1.026180769590582686e+00 2.076550276220305667e-03
1.036180769590582695e+00 2.076466890282658694e-03
1.046180769590582704e+00 2.076382712834441528e-03
1.056180769590582713e+00 2.076297744370182198e-03
1.066180769590582722e+00 2.076211985389082079e-03
1.076180769590582731e+00 2.076125436395015889e-03
1.086180769590582740e+00 2.076038097896526925e-03
1.096180769590582749e+00 2.075949970406828354e-03
1.106180769590582758e+00 2.075861054443798454e-03
1.116180769590582766e+00 2.075771350529978000e-03
1.126180769590582775e+00 2.075680859192569842e-03
1.136180769590582784e+00 2.075589580963436726e-03
1.146180769590582793e+00 2.075497516379095665e-03
1.156180769590582802e+00 2.075404665980720535e-03
1.166180769590582811e+00 2.075311030314135139e-03
1.176180769590582820e+00 2.075216609929814507e-03
1.186180769590582829e+00 2.075121405382878825e-03
1.196180769590582837e+00 2.075025417233095602e-03
1.206180769590582846e+00 2.074928646044871868e-03
1.216180769590582855e+00 2.074831092387257204e-03
1.226180769590582864e+00 2.074732756833936372e-03
1.236180769590582873e+00 2.074633639963230618e-03
1.246180769590582882e+00 2.074533742358092032e-03
1.256180769590582891e+00 2.074433064606104413e-03
1.266180769590582900e+00 2.074331607299477204e-03
1.276180769590582909e+00 2.074229371035044619e-03
1.286180769590582917e+00 2.074126356414263909e-03
1.296180769590582926e+00 2.074022564043211028e-03
1.306180769590582935e+00 2.073917994532578461e-03
1.316180769590582944e+00 2.073812648497673928e-03
1.326180769590582953e+00 2.073706526558414739e-03
1.336180769590582962e+00 2.073599629339328669e-03
1.346180769590582971e+00 2.073491957469548747e-03
1.356180769590582980e+00 2.073383511582810226e-03
1.366180769590582988e+00 2.073274292317450578e-03
1.376180769590582997e+00 2.073164300316402992e-03
1.386180769590583006e+00 2.073053536227197242e-03
1.396180769590583015e+00 2.072942000701953613e-03
1.406180769590583024e+00 2.072829694397381600e-03
1.416180769590583033e+00 2.072716617974777742e-03
1.426180769590583042e+00 2.072602772100021282e-03
1.436180769590583051e+00 2.072488157443571569e-03
1.446180769590583060e+00 2.072372774680465018e-03
1.456180769590583068e+00 2.072256624490313812e-03
1.466180769590583077e+00 2.072139707557299829e-03
1.476180769590583086e+00 2.072022024570174207e-03
1.486180769590583095e+00 2.071903576222253011e-03
1.496180769590583104e+00 2.071784363211415497e-03
1.506180769590583113e+00 2.071664386240098903e-03
1.516180769590583122e+00 2.071543646015296287e-03
1.526180769590583131e+00 2.071422143248555225e-03
1.536180769590583139e+00 2.071299878655971302e-03
1.546180769590583148e+00 2.071176852958188114e-03
1.556180769590583157e+00 2.071053066880391199e-03
1.566180769590583166e+00 2.070928521152307165e-03
1.576180769590583175e+00 2.070803216508199356e-03
1.586180769590583184e+00 2.070677153686864818e-03
1.596180769590583193e+00 2.070550333431630825e-03
1.606180769590583202e+00 2.070422756490351412e-03
1.616180769590583211e+00 2.070294423615404340e-03
1.626180769590583219e+00 2.070165335563688494e-03
1.636180769590583228e+00 2.070035493096618676e-03
1.646180769590583237e+00 2.069904896980123438e-03
1.656180769590583246e+00 2.069773547984642050e-03
1.666180769590583255e+00 2.069641446885119723e-03
1.676180769590583264e+00 2.069508594461005446e-03
1.686180769590583273e+00 2.069374991496247644e-03
1.696180769590583282e+00 2.069240638779291149e-03
1.706180769590583290e+00 2.069105537103071990e-03
1.716180769590583299e+00 2.068969687265017829e-03
1.726180769590583308e+00 2.068833090067039721e-03
1.736180769590583317e+00 2.068695746315531679e-03
1.746180769590583326e+00 2.068557656821365040e-03
1.756180769590583335e+00 2.068418822399886291e-03
1.766180769590583344e+00 2.068279243870913171e-03
1.776180769590583353e+00 2.068138922058729897e-03
1.786180769590583362e+00 2.067997857792084563e-03
1.796180769590583370e+00 2.067856051904184804e-03
1.806180769590583379e+00 2.067713505232693892e-03
1.816180769590583388e+00 2.067570218619728135e-03
1.826180769590583397e+00 2.067426192911850803e-03
1.836180769590583406e+00 2.067281428960071263e-03
1.846180769590583415e+00 2.067135927619837606e-03
1.856180769590583424e+00 2.066989689751036648e-03
1.866180769590583433e+00 2.066842716217986119e-03
1.876180769590583441e+00 2.066695007889433368e-03
1.886180769590583450e+00 2.066546565638551023e-03
1.896180769590583459e+00 2.066397390342932221e-03
1.906180769590583468e+00 2.066247482884586272e-03
1.916180769590583477e+00 2.066096844149936922e-03
1.926180769590583486e+00 2.065945475029814984e-03
1.936180769590583495e+00 2.065793376419456599e-03
1.946180769590583504e+00 2.065640549218498902e-03
1.956180769590583512e+00 2.065486994330974387e-03
1.966180769590583521e+00 2.065332712665309163e-03
1.976180769590583530e+00 2.065177705134316460e-03
1.986180769590583539e+00 2.065021972655193584e-03
1.996180769590583548e+00 2.064865516149517154e-03
2.006180769590583335e+00 2.064708336543239625e-03
2.016180769590583122e+00 2.064550434766684091e-03
2.026180769590582909e+00 2.064391811754621477e-03
2.036180769590582695e+00 2.064232468446556331e-03
2.046180769590582482e+00 2.064072405786482236e-03
2.056180769590582269e+00 2.063911624722776419e-03
2.066180769590582056e+00 2.063750126208195850e-03
2.076180769590581843e+00 2.063587911199873774e-03
2.086180769590581630e+00 2.063424980659315806e-03
2.096180769590581416e+00 2.063261335552396027e-03
2.106180769590581203e+00 2.063096976849353517e-03
2.116180769590580990e+00 2.062931905524787585e-03
2.126180769590580777e+00 2.062766122557654729e-03
2.136180769590580564e+00 2.062599628931264303e-03
2.146180769590580351e+00 2.062432425633275480e-03
2.156180769590580137e+00 2.062264513655691616e-03
2.166180769590579924e+00 2.062095893994858077e-03
2.176180769590579711e+00 2.061926567651456172e-03
2.186180769590579498e+00 2.061756535630502284e-03
2.196180769590579285e+00 2.061585798941340496e-03
2.206180769590579072e+00 2.061414358597640425e-03
2.216180769590578858e+00 2.061242215617393753e-03
2.226180769590578645e+00 2.061069371022908152e-03
2.236180769590578432e+00 2.060895825840804683e-03
2.246180769590578219e+00 2.060721581102013897e-03
2.256180769590578006e+00 2.060546637841770192e-03
2.266180769590577793e+00 2.060370997099609212e-03
2.276180769590577579e+00 2.060194659919363080e-03
2.286180769590577366e+00 2.060017627349156489e-03
2.296180769590577153e+00 2.059839900441401937e-03
2.306180769590576940e+00 2.059661480252796689e-03
2.316180769590576727e+00 2.059482367844316271e-03
2.326180769590576514e+00 2.059302564281213169e-03
2.336180769590576300e+00 2.059122070633011194e-03
2.346180769590576087e+00 2.058940887973499841e-03
2.356180769590575874e+00 2.058759017380732553e-03
2.366180769590575661e+00 2.058576459937020656e-03
2.376180769590575448e+00 2.058393216728929883e-03
2.386180769590575235e+00 2.058209288847275172e-03
2.396180769590575022e+00 2.058024677387117630e-03
2.406180769590574808e+00 2.057839383447758030e-03
2.416180769590574595e+00 2.057653408132735073e-03
2.426180769590574382e+00 2.057466752549818884e-03
2.436180769590574169e+00 2.057279417811007545e-03
2.446180769590573956e+00 2.057091405032521886e-03
2.456180769590573743e+00 2.056902715334802019e-03
2.466180769590573529e+00 2.056713349842502134e-03
2.476180769590573316e+00 2.056523309684485726e-03
2.486180769590573103e+00 2.056332595993822128e-03
2.496180769590572890e+00 2.056141209907781306e-03
2.506180769590572677e+00 2.055949152567827787e-03
2.516180769590572464e+00 2.055756425119619358e-03
2.526180769590572250e+00 2.055563028713000128e-03
2.536180769590572037e+00 2.055368964501994890e-03
2.546180769590571824e+00 2.055174233644807818e-03
2.556180769590571611e+00 2.054978837303815097e-03
2.566180769590571398e+00 2.054782776645560586e-03
2.576180769590571185e+00 2.054586052840751912e-03
2.586180769590570971e+00 2.054388667064255269e-03
2.596180769590570758e+00 2.054190620495090647e-03
2.606180769590570545e+00 2.053991914316426626e-03
2.616180769590570332e+00 2.053792549715576475e-03
2.626180769590570119e+00 2.053592527883992512e-03
2.636180769590569906e+00 2.053391850017262203e-03
2.646180769590569692e+00 2.053190517315101656e-03
2.656180769590569479e+00 2.052988530981352151e-03
2.666180769590569266e+00 2.052785892223974503e-03
2.676180769590569053e+00 2.052582602255044724e-03
2.686180769590568840e+00 2.052378662290748820e-03
2.696180769590568627e+00 2.052174073551376720e-03
2.706180769590568413e+00 2.051968837261318804e-03
2.716180769590568200e+00 2.051762954649060267e-03
2.726180769590567987e+00 2.051556426947175917e-03
2.736180769590567774e+00 2.051349255392324964e-03
2.746180769590567561e+00 2.051141441225246692e-03
2.756180769590567348e+00 2.050932985690753947e-03
2.766180769590567134e+00 2.050723890037729237e-03
2.776180769590566921e+00 2.050514155519119093e-03
2.786180769590566708e+00 2.050303783391928866e-03
2.796180769590566495e+00 2.050092774917217087e-03
2.806180769590566282e+00 2.049881131360091133e-03
2.816180769590566069e+00 2.049668853989701153e-03
2.826180769590565856e+00 2.049455944079234433e-03
2.836180769590565642e+00 2.049242402905911489e-03
2.846180769590565429e+00 2.049028231750979565e-03
2.856180769590565216e+00 2.048813431899706994e-03
2.866180769590565003e+00 2.048598004641379294e-03
2.876180769590564790e+00 2.048381951269291363e-03
2.886180769590564577e+00 2.048165273080744444e-03
2.896180769590564363e+00 2.047947971377039184e-03
2.906180769590564150e+00 2.047730047463470430e-03
2.916180769590563937e+00 2.047511502649322027e-03
2.926180769590563724e+00 2.047292338247860746e-03
2.936180769590563511e+00 2.047072555576330641e-03
2.946180769590563298e+00 2.046852155955947855e-03
2.956180769590563084e+00 2.046631140711894972e-03
2.966180769590562871e+00 2.046409511173314516e-03
2.976180769590562658e+00 2.046187268673304617e-03
2.986180769590562445e+00 2.045964414548912067e-03
2.996180769590562232e+00 2.045740950141126686e-03
3.006180769590562019e+00 2.045516876794876548e-03
3.016180769590561805e+00 2.045292195859020178e-03
3.026180769590561592e+00 2.045066908686343516e-03
3.036180769590561379e+00 2.044841016633550806e-03
3.046180769590561166e+00 2.044614521061261132e-03
3.056180769590560953e+00 2.044387423334001908e-03
3.066180769590560740e+00 2.044215667605210531e-03
3.076180769590560526e+00 2.044153288829629427e-03
3.086180769590560313e+00 2.044090746649681895e-03
3.096180769590560100e+00 2.044028041442458657e-03
3.106180769590559887e+00 2.043965173586108613e-03
3.116180769590559674e+00 2.043902143459839713e-03
3.126180769590559461e+00 2.043838951443915485e-03
3.136180769590559247e+00 2.043775597919654172e-03
3.146180769590559034e+00 2.043712083269426556e-03
3.156180769590558821e+00 2.043648407876654666e-03
3.166180769590558608e+00 2.043584572125810468e-03
3.176180769590558395e+00 2.043520576402412404e-03
3.186180769590558182e+00 2.043456421093025818e-03
3.196180769590557968e+00 2.043392106585259060e-03
3.206180769590557755e+00 2.043327633267764346e-03
3.216180769590557542e+00 2.043263001530232995e-03
3.226180769590557329e+00 2.043198211763396291e-03
3.236180769590557116e+00 2.043133264359022015e-03
3.246180769590556903e+00 2.043068159709913578e-03
3.256180769590556690e+00 2.043002898209906985e-03
3.266180769590556476e+00 2.042937480253870838e-03
3.276180769590556263e+00 2.042871906237703292e-03
3.286180769590556050e+00 2.042806176558329898e-03
3.296180769590555837e+00 2.042740291613703157e-03
3.306180769590555624e+00 2.042674251802799063e-03
3.316180769590555411e+00 2.042608057525616659e-03
3.326180769590555197e+00 2.042541709183175441e-03
3.336180769590554984e+00 2.042475207177512752e-03
3.346180769590554771e+00 2.042408551911683787e-03
3.356180769590554558e+00 2.042341743789757684e-03
3.366180769590554345e+00 2.042274783216817529e-03
3.376180769590554132e+00 2.042207670598956016e-03
3.386180769590553918e+00 2.042140406343275882e-03
3.396180769590553705e+00 2.042072990857886870e-03
3.406180769590553492e+00 2.042005424551903130e-03
3.416180769590553279e+00 2.041937707835443649e-03
3.426180769590553066e+00 2.041869841119626616e-03
3.436180769590552853e+00 2.041801824816570285e-03
3.446180769590552639e+00 2.041733659339390813e-03
3.456180769590552426e+00 2.041665345102198787e-03
3.466180769590552213e+00 2.041596882520097488e-03
3.476180769590552000e+00 2.041528272009182025e-03
3.486180769590551787e+00 2.041459513986536300e-03
3.496180769590551574e+00 2.041390608870232142e-03
3.506180769590551360e+00 2.041321557079324531e-03
3.516180769590551147e+00 2.041252359033852472e-03
3.526180769590550934e+00 2.041183015154835953e-03
3.536180769590550721e+00 2.041113525864272481e-03
3.546180769590550508e+00 2.041043891585137080e-03
3.556180769590550295e+00 2.040974112741379253e-03
3.566180769590550081e+00 2.040904189757919950e-03
3.576180769590549868e+00 2.040834123060650263e-03
3.586180769590549655e+00 2.040763913076429695e-03
3.596180769590549442e+00 2.040693560233083990e-03
3.606180769590549229e+00 2.040623064959401229e-03
3.616180769590549016e+00 2.040552427685130964e-03
3.626180769590548802e+00 2.040481648840982917e-03
3.636180769590548589e+00 2.040410728858623075e-03
3.646180769590548376e+00 2.040339668170671524e-03
3.656180769590548163e+00 2.040268467210701146e-03
3.666180769590547950e+00 2.040197126413235886e-03
3.676180769590547737e+00 2.040125646213745546e-03
3.686180769590547524e+00 2.040054027048647523e-03
3.696180769590547310e+00 2.039982269355300731e-03
3.706180769590547097e+00 2.039910373572006042e-03
3.716180769590546884e+00 2.039838340138002380e-03
3.726180769590546671e+00 2.039766169493464985e-03
3.736180769590546458e+00 2.039693862079502810e-03
3.746180769590546245e+00 2.039621418338156793e-03
3.756180769590546031e+00 2.039548838712396377e-03
3.766180769590545818e+00 2.039476123646117786e-03
3.776180769590545605e+00 2.039403273584140981e-03
3.786180769590545392e+00 2.039330288972209231e-03
3.796180769590545179e+00 2.039257170256983040e-03
3.806180769590544966e+00 2.039183917886041447e-03
3.816180769590544752e+00 2.039110532307877692e-03
3.826180769590544539e+00 2.039037013971895743e-03
3.836180769590544326e+00 2.038963363328410300e-03
3.846180769590544113e+00 2.038889580828642020e-03
3.856180769590543900e+00 2.038815666924716653e-03
3.866180769590543687e+00 2.038741622069660704e-03
3.876180769590543473e+00 2.038667446717401435e-03
3.886180769590543260e+00 2.038593141322761221e-03
3.896180769590543047e+00 2.038518706341456693e-03
3.906180769590542834e+00 2.038444142230096991e-03
3.916180769590542621e+00 2.038369449446179003e-03
3.926180769590542408e+00 2.038294628448086062e-03
3.936180769590542194e+00 2.038219679695084906e-03
3.946180769590541981e+00 2.038144603647323080e-03
3.956180769590541768e+00 2.038069400765826333e-03
3.966180769590541555e+00 2.037994071512495581e-03
3.976180769590541342e+00 2.037918616350105176e-03
3.986180769590541129e+00 2.037843035742298130e-03
3.996180769590540915e+00 2.037767330153585250e-03
4.006180769590541146e+00 2.037691500049342540e-03
4.016180769590540933e+00 2.037615545895839816e-03
4.026180769590540720e+00 2.037539468160970597e-03
4.036180769590540507e+00 2.037463267314288968e-03
4.046180769590540294e+00 2.037386943826299205e-03
4.056180769590540081e+00 2.037310498168422822e-03
4.066180769590539867e+00 2.037233930812994663e-03
4.076180769590539654e+00 2.037157242233262906e-03
4.086180769590539441e+00 2.037080432903386022e-03
4.096180769590539228e+00 2.037003503298431481e-03
4.106180769590539015e+00 2.036926453894372276e-03
4.116180769590538802e+00 2.036849285168086492e-03
4.126180769590538588e+00 2.036771997597354705e-03
4.136180769590538375e+00 2.036694591660857378e-03
4.146180769590538162e+00 2.036617067838173128e-03
4.156180769590537949e+00 2.036539426609776989e-03
4.166180769590537736e+00 2.036461668457037379e-03
4.176180769590537523e+00 2.036383793862214797e-03
4.186180769590537309e+00 2.036305803308459221e-03
4.196180769590537096e+00 2.036227697279808808e-03
4.206180769590536883e+00 2.036149476261185122e-03
4.216180769590536670e+00 2.036071140738394437e-03
4.226180769590536457e+00 2.035992691198122966e-03
4.236180769590536244e+00 2.035914128127935558e-03
4.246180769590536030e+00 2.035835452016272664e-03
4.256180769590535817e+00 2.035756663352449470e-03
4.266180769590535604e+00 2.035677762626651992e-03
4.276180769590535391e+00 2.035598750329936646e-03
4.286180769590535178e+00 2.035519626954225038e-03
4.296180769590534965e+00 2.035440392992304403e-03
4.306180769590534752e+00 2.035361048937823700e-03
4.316180769590534538e+00 2.035281595285291876e-03
4.326180769590534325e+00 2.034732743053267387e-03
4.336180769590534112e+00 2.033899264469362679e-03
4.346180769590533899e+00 2.033064654903626346e-03
4.356180769590533686e+00 2.032228919565057853e-03
4.366180769590533473e+00 2.031392063671520233e-03
4.376180769590533259e+00 2.030554092449712768e-03
4.386180769590533046e+00 2.029715011135147136e-03
4.396180769590532833e+00 2.028874824972117918e-03
4.406180769590532620e+00 2.028033539213675279e-03
4.416180769590532407e+00 2.027191159121598946e-03
4.426180769590532194e+00 2.026347689966370019e-03
4.436180769590531980e+00 2.025503137027142783e-03
4.446180769590531767e+00 2.024657505591716082e-03
4.456180769590531554e+00 2.023810800956505999e-03
4.466180769590531341e+00 2.022963028426516367e-03
4.476180769590531128e+00 2.022114193315310143e-03
4.486180769590530915e+00 2.021264300944981655e-03
4.496180769590530701e+00 2.020413356646123641e-03
4.506180769590530488e+00 2.019561365757802096e-03
4.516180769590530275e+00 2.018708333627523312e-03
4.526180769590530062e+00 2.017854265611204387e-03
4.536180769590529849e+00 2.016999167073144170e-03
4.546180769590529636e+00 2.016143043385991169e-03
4.556180769590529422e+00 2.015285899930713189e-03
4.566180769590529209e+00 2.014427742096566547e-03
4.576180769590528996e+00 2.013568575281063540e-03
4.586180769590528783e+00 2.012708404889943393e-03
4.596180769590528570e+00 2.011847236337136260e-03
4.606180769590528357e+00 2.010985075044735906e-03
4.616180769590528143e+00 2.010121926442962406e-03
4.626180769590527930e+00 2.009257795970133525e-03
4.636180769590527717e+00 2.008392689072628721e-03
4.646180769590527504e+00 2.007526611204857921e-03
4.656180769590527291e+00 2.006659567829227261e-03
4.666180769590527078e+00 2.005791564416104390e-03
4.676180769590526864e+00 2.004922606443786375e-03
4.686180769590526651e+00 2.004052699398462846e-03
4.696180769590526438e+00 2.003181848774183895e-03
4.706180769590526225e+00 2.002310060072822785e-03
4.716180769590526012e+00 2.001437338804042555e-03
4.726180769590525799e+00 2.000563690485260022e-03
4.736180769590525585e+00 1.999689120641608055e-03
4.746180769590525372e+00 1.998813634805903048e-03
4.756180769590525159e+00 1.997937238518605885e-03
4.766180769590524946e+00 1.997059937327785514e-03
4.776180769590524733e+00 1.996181736789083387e-03
4.786180769590524520e+00 1.995302642465673557e-03
4.796180769590524307e+00 1.994422659928228418e-03
4.806180769590524093e+00 1.993541794754877944e-03
4.816180769590523880e+00 1.992660052531173252e-03
4.826180769590523667e+00 1.991777438850047145e-03
4.836180769590523454e+00 1.990893959311775940e-03
4.846180769590523241e+00 1.990009619523939143e-03
4.856180769590523028e+00 1.989124425101381280e-03
4.866180769590522814e+00 1.988238381666172002e-03
4.876180769590522601e+00 1.987351494847565750e-03
4.886180769590522388e+00 1.986463770281960989e-03
4.896180769590522175e+00 1.985575213612859012e-03
4.906180769590521962e+00 1.984685830490825337e-03
4.916180769590521749e+00 1.983795626573445475e-03
4.926180769590521535e+00 1.982904607525285030e-03
4.936180769590521322e+00 1.982012779017846334e-03
4.946180769590521109e+00 1.981120146729527676e-03
4.956180769590520896e+00 1.980226716345579504e-03
4.966180769590520683e+00 1.979332493558061921e-03
4.976180769590520470e+00 1.978437484065800889e-03
4.986180769590520256e+00 1.977541693574344419e-03
4.996180769590520043e+00 1.976645127795920078e-03
5.006180769590519830e+00 1.975747792449388147e-03
5.016180769590519617e+00 1.974849693260199556e-03
5.026180769590519404e+00 1.973950835960348177e-03
5.036180769590519191e+00 1.973051226288328325e-03
5.046180769590518977e+00 1.972150869989087053e-03
5.056180769590518764e+00 1.971249772813977747e-03
5.066180769590518551e+00 1.970347940520715459e-03
5.076180769590518338e+00 1.969445378873328767e-03
5.086180769590518125e+00 1.968542093642113369e-03
5.096180769590517912e+00 1.967638090603584817e-03
5.106180769590517698e+00 1.966733375540429072e-03
5.116180769590517485e+00 1.965827954241456538e-03
5.126180769590517272e+00 1.964921832501551752e-03
5.136180769590517059e+00 1.964015016121626114e-03
5.146180769590516846e+00 1.963107510908567149e-03
5.156180769590516633e+00 1.962199322675189494e-03
5.166180769590516419e+00 1.961290457240184599e-03
5.176180769590516206e+00 1.960380920428072150e-03
5.186180769590515993e+00 1.959271931268238148e-03
5.196180769590515780e+00 1.956337399552695450e-03
5.206180769590515567e+00 1.953400761261950714e-03
5.216180769590515354e+00 1.950462035271526614e-03
5.226180769590515141e+00 1.947521240574796864e-03
5.236180769590514927e+00 1.944578396203977370e-03
5.246180769590514714e+00 1.941633521214773932e-03
5.256180769590514501e+00 1.938686634686262976e-03
5.266180769590514288e+00 1.935737755720769691e-03
5.276180769590514075e+00 1.932786903443745518e-03
5.286180769590513862e+00 1.929834097003644547e-03
5.296180769590513648e+00 1.926879355571796014e-03
5.306180769590513435e+00 1.923922698342277887e-03
5.316180769590513222e+00 1.920964144531786327e-03
5.326180769590513009e+00 1.918003713379506231e-03
5.336180769590512796e+00 1.915041424146977011e-03
5.346180769590512583e+00 1.912077296117959454e-03
5.356180769590512369e+00 1.909111348598298459e-03
5.366180769590512156e+00 1.906143600915786865e-03
5.376180769590511943e+00 1.903174072420024503e-03
5.386180769590511730e+00 1.900202782482277464e-03
5.396180769590511517e+00 1.897229750495335425e-03
5.406180769590511304e+00 1.894254995873367441e-03
5.416180769590511090e+00 1.891278538051774068e-03
5.426180769590510877e+00 1.888300396487040773e-03
5.436180769590510664e+00 1.885320590656586583e-03
5.446180769590510451e+00 1.882339140058613596e-03
5.456180769590510238e+00 1.879356064211952374e-03
5.466180769590510025e+00 1.876371382655907770e-03
5.476180769590509811e+00 1.873385114950100634e-03
5.486180769590509598e+00 1.870397280674309520e-03
5.496180769590509385e+00 1.867407899428309790e-03
5.506180769590509172e+00 1.864416990831711416e-03
5.516180769590508959e+00 1.861424574523793968e-03
5.526180769590508746e+00 1.858430670163340077e-03
5.536180769590508532e+00 1.855435297428468036e-03
5.546180769590508319e+00 1.852438476016461579e-03
5.556180769590508106e+00 1.849440225643597929e-03
5.566180769590507893e+00 1.846440566044973888e-03
5.576180769590507680e+00 1.843439516974330200e-03
5.586180769590507467e+00 1.840437098203874175e-03
5.596180769590507253e+00 1.837433329524100142e-03
5.606180769590507040e+00 1.834428230743608392e-03
5.616180769590506827e+00 1.831421821688920858e-03
5.626180769590506614e+00 1.828414122204297457e-03
5.636180769590506401e+00 1.825405152151548084e-03
5.646180769590506188e+00 1.822394931409843100e-03
5.656180769590505975e+00 1.819383479875523154e-03
5.666180769590505761e+00 1.816370817461905986e-03
5.676180769590505548e+00 1.813356964099091268e-03
5.686180769590505335e+00 1.810341939733764146e-03
5.696180769590505122e+00 1.807325764328995745e-03
5.706180769590504909e+00 1.804308457864042814e-03
5.716180769590504696e+00 1.801290040334144757e-03
5.726180769590504482e+00 1.798270531750319375e-03
5.736180769590504269e+00 1.795249952139155343e-03
5.746180769590504056e+00 1.792228321542603618e-03
5.756180769590503843e+00 1.789205660017766444e-03
5.766180769590503630e+00 1.786181987636685942e-03
5.776180769590503417e+00 1.783157324486127262e-03
5.786180769590503203e+00 1.780131690667363263e-03
5.796180769590502990e+00 1.777105106295955288e-03
5.806180769590502777e+00 1.774077591501531988e-03
5.816180769590502564e+00 1.771049166427567274e-03
5.826180769590502351e+00 1.768019851231154588e-03
5.836180769590502138e+00 1.764989666082780306e-03
5.846180769590501924e+00 1.765699739415129300e-03
5.856180769590501711e+00 1.771197781500736916e-03
5.866180769590501498e+00 1.776697291299956204e-03
5.876180769590501285e+00 1.782198232142275483e-03
5.886180769590501072e+00 1.787700567335007672e-03
5.896180769590500859e+00 1.793204260163726782e-03
5.906180769590500645e+00 1.798709273892702253e-03
5.916180769590500432e+00 1.804215571765343477e-03
5.926180769590500219e+00 1.809723117004640846e-03
5.936180769590500006e+00 1.815231872813617220e-03
5.946180769590499793e+00 1.820741802375780037e-03
5.956180769590499580e+00 1.826252868855575591e-03
5.966180769590499366e+00 1.831765035398850690e-03
5.976180769590499153e+00 1.837278265133314740e-03
5.986180769590498940e+00 1.842792521169007904e-03
5.996180769590498727e+00 1.848307766598772297e-03
6.006180769590498514e+00 1.853823964498725781e-03
6.016180769590498301e+00 1.859341077928740966e-03
6.026180769590498087e+00 1.864859069932927249e-03
6.036180769590497874e+00 1.870377903540116531e-03
6.046180769590497661e+00 1.875897541764353065e-03
6.056180769590497448e+00 1.881417947605387199e-03
6.066180769590497235e+00 1.886939084049171723e-03
6.076180769590497022e+00 1.892460914068363207e-03
6.086180769590496809e+00 1.897983400622826368e-03
6.096180769590496595e+00 1.903506506658668267e-03
6.106180769590496382e+00 1.909030194924766794e-03
6.116180769590496169e+00 1.914554427824345130e-03
6.126180769590495956e+00 1.920079167695741074e-03
6.136180769590495743e+00 1.925604376846246947e-03
6.146180769590495530e+00 1.931130017552539369e-03
6.156180769590495316e+00 1.936656052061113591e-03
6.166180769590495103e+00 1.942182442588723029e-03
6.176180769590494890e+00 1.947709151322828559e-03
6.186180769590494677e+00 1.953236140422050411e-03
6.196180769590494464e+00 1.958763372016626789e-03
6.206180769590494251e+00 1.964290808208883111e-03
6.216180769590494037e+00 1.969818411073698868e-03
6.226180769590493824e+00 1.975346142658990743e-03
6.236180769590493611e+00 1.980873964986194433e-03
6.246180769590493398e+00 1.986401840050757307e-03
6.256180769590493185e+00 1.991929729822634106e-03
6.266180769590492972e+00 1.997457596246790448e-03
6.276180769590492758e+00 2.002985401243714131e-03
6.286180769590492545e+00 2.008513106709930787e-03
6.296180769590492332e+00 2.014040674518525597e-03
6.306180769590492119e+00 2.019568066519672814e-03
6.316180769590491906e+00 2.025095244541169626e-03
6.326180769590491693e+00 2.030622170388979991e-03
6.336180769590491479e+00 2.036148805847780210e-03
6.346180769590491266e+00 2.041675112681514033e-03
6.356180769590491053e+00 2.047201052633952981e-03
6.366180769590490840e+00 2.052726587429262294e-03
6.376180769590490627e+00 2.053441031934995914e-03
6.386180769590490414e+00 2.046739765426303179e-03
6.396180769590490200e+00 2.040039129786675332e-03
6.406180769590489987e+00 2.033339171532207602e-03
6.416180769590489774e+00 2.026639937199225128e-03
6.426180769590489561e+00 2.019941473343547875e-03
6.436180769590489348e+00 2.013243826539751636e-03
6.446180769590489135e+00 2.006547043380416465e-03
6.456180769590488921e+00 1.999851170475372506e-03
6.466180769590488708e+00 1.993156254450936284e-03
6.476180769590488495e+00 1.986462341949138746e-03
6.486180769590488282e+00 1.979769479626944644e-03
6.496180769590488069e+00 1.973077714155468867e-03
6.506180769590487856e+00 1.966387092219180205e-03
6.516180769590487643e+00 1.959697660515099474e-03
6.526180769590487429e+00 1.953009465751992654e-03
6.536180769590487216e+00 1.946322554649551444e-03
6.546180769590487003e+00 1.939636973937570790e-03
6.556180769590486790e+00 1.932952770355116437e-03
6.566180769590486577e+00 1.926269990649686834e-03
6.576180769590486364e+00 1.919588681576365075e-03
6.586180769590486150e+00 1.912908889896966719e-03
6.596180769590485937e+00 1.906230662379177843e-03
6.606180769590485724e+00 1.899554045795686383e-03
6.616180769590485511e+00 1.892879086923306533e-03
6.626180769590485298e+00 1.886205832542095116e-03
6.636180769590485085e+00 1.879534329434462111e-03
6.646180769590484871e+00 1.872864624384272493e-03
6.656180769590484658e+00 1.866196764175941146e-03
6.666180769590484445e+00 1.859530795593521265e-03
6.676180769590484232e+00 1.852866765419785167e-03
6.686180769590484019e+00 1.846204720435298601e-03
6.696180769590483806e+00 1.839544707417486383e-03
6.706180769590483592e+00 1.832886773139693476e-03
6.716180769590483379e+00 1.826230964370236746e-03
6.726180769590483166e+00 1.819577327871451083e-03
6.736180769590482953e+00 1.812925910398729013e-03
6.746180769590482740e+00 1.806276758699550773e-03
6.756180769590482527e+00 1.799629919512512428e-03
6.766180769590482313e+00 1.792985439566342071e-03
6.776180769590482100e+00 1.786343365578912110e-03
6.786180769590481887e+00 1.779703744256245059e-03
6.796180769590481674e+00 1.773066622291510864e-03
6.806180769590481461e+00 1.765339277733264222e-03
6.816180769590481248e+00 1.753842297329757417e-03
6.826180769590481034e+00 1.742349895167750497e-03
6.836180769590480821e+00 1.730862154148357819e-03
6.846180769590480608e+00 1.719379157215296817e-03
6.856180769590480395e+00 1.707900987353144816e-03
6.866180769590480182e+00 1.696427727585567450e-03
6.876180769590479969e+00 1.684959460973530377e-03
6.886180769590479755e+00 1.673496270613484107e-03
6.896180769590479542e+00 1.662038239635529966e-03
6.906180769590479329e+00 1.650585451201561126e-03
6.916180769590479116e+00 1.639137988503383677e-03
6.926180769590478903e+00 1.627695934760814075e-03
6.936180769590478690e+00 1.616259373219755763e-03
6.946180769590478477e+00 1.604828387150253680e-03
6.956180769590478263e+00 1.593403059844525349e-03
6.966180769590478050e+00 1.581983474614973755e-03
6.976180769590477837e+00 1.570569714792175494e-03
6.986180769590477624e+00 1.559161863722847681e-03
6.996180769590477411e+00 1.547760004767796639e-03
7.006180769590477198e+00 1.536364221299841432e-03
7.016180769590476984e+00 1.524974596701718322e-03
7.026180769590476771e+00 1.513591214363964191e-03
7.036180769590476558e+00 1.502214157682777405e-03
7.046180769590476345e+00 1.490843510057860907e-03
7.056180769590476132e+00 1.479479354890242534e-03
7.066180769590475919e+00 1.468121775580073871e-03
7.076180769590475705e+00 1.456770855524412408e-03
7.086180769590475492e+00 1.445426678114978755e-03
7.096180769590475279e+00 1.434089326735899124e-03
7.106180769590475066e+00 1.422758884761421341e-03
7.116180769590474853e+00 1.411435435553618509e-03
7.126180769590474640e+00 1.400119062460065565e-03
7.136180769590474426e+00 1.388809848811503687e-03
7.146180769590474213e+00 1.377507877919478471e-03
7.156180769590474000e+00 1.419663543708447884e-03
7.166180769590473787e+00 1.493784959591725262e-03
7.176180769590473574e+00 1.567857173119694553e-03
7.186180769590473361e+00 1.641879637860714503e-03
7.196180769590473147e+00 1.715851807588492615e-03
7.206180769590472934e+00 1.789773136298312192e-03
7.216180769590472721e+00 1.863643078223367567e-03
7.226180769590472508e+00 1.937461087851233364e-03
7.236180769590472295e+00 2.011226619940438901e-03
7.246180769590472082e+00 2.084939129537160575e-03
7.256180769590471868e+00 2.158598071992022006e-03
7.266180769590471655e+00 2.232202902977018216e-03
7.276180769590471442e+00 2.305753078502542804e-03
7.286180769590471229e+00 2.379248054934517478e-03
7.296180769590471016e+00 2.452687289011648217e-03
7.306180769590470803e+00 2.526070237862770330e-03
7.316180769590470589e+00 2.599396359024305422e-03
7.326180769590470376e+00 2.672665110457821125e-03
7.336180769590470163e+00 2.745875950567694054e-03
7.346180769590469950e+00 2.819028338218874247e-03
7.356180769590469737e+00 2.892121732754739365e-03
7.366180769590469524e+00 2.965155594015058196e-03
7.376180769590469311e+00 3.038129382354046518e-03
7.386180769590469097e+00 3.111042558658503633e-03
7.396180769590468884e+00 3.183894582224090601e-03
7.406180769590468671e+00 3.256684899907858442e-03
7.416180769590468458e+00 3.329412953813290846e-03
7.426180769590468245e+00 3.402078185884475133e-03
7.436180769590468032e+00 3.474680037942180170e-03
7.446180769590467818e+00 3.547217951705007415e-03
7.456180769590467605e+00 3.619691368810757943e-03
7.466180769590467392e+00 3.684344333127774485e-03
7.476180769590467179e+00 3.723163055545191096e-03
7.486180769590466966e+00 3.761946270423828249e-03
7.496180769590466753e+00 3.800693678093135415e-03
7.506180769590466539e+00 3.839404978898256979e-03
7.516180769590466326e+00 3.878079873212173564e-03
7.526180769590466113e+00 3.916718061447959157e-03
7.536180769590465900e+00 3.955319244071138843e-03
7.546180769590465687e+00 3.993883121612156265e-03
7.556180769590465474e+00 4.032409394678944728e-03
7.566180769590465260e+00 4.070897763969604996e-03
7.576180769590465047e+00 4.109347930285179792e-03
7.586180769590464834e+00 4.147759594542532388e-03
7.596180769590464621e+00 4.186132457787324936e-03
7.606180769590464408e+00 4.224466221207093947e-03
7.616180769590464195e+00 4.262760586144418579e-03
7.626180769590463981e+00 4.301015254110192136e-03
7.636180769590463768e+00 4.339229926796978574e-03
7.646180769590463555e+00 4.377404306092462678e-03
7.656180769590463342e+00 4.415538094092996517e-03
7.666180769590463129e+00 4.453630993117230034e-03
7.676180769590462916e+00 4.491682705719822304e-03
7.686180769590462702e+00 4.529692934705249925e-03
7.696180769590462489e+00 4.567661383141698693e-03
7.706180769590462276e+00 4.329172033159547212e-03
7.716180769590462063e+00 4.075572975456418293e-03
7.726180769590461850e+00 3.822259552232966547e-03
7.736180769590461637e+00 3.569233743177350170e-03
7.746180769590461423e+00 3.316497525739637003e-03
7.756180769590461210e+00 3.064052875035730775e-03
7.766180769590460997e+00 2.811901763750808587e-03
7.776180769590460784e+00 2.560046162042269209e-03
7.786180769590460571e+00 2.308488037442249854e-03
7.796180769590460358e+00 2.057229354759719259e-03
7.806180769590460145e+00 1.806272075982101729e-03
7.816180769590459931e+00 1.555618160176489191e-03
7.826180769590459718e+00 1.305269563390481146e-03
7.836180769590459505e+00 1.055228238552625205e-03
7.846180769590459292e+00 8.022872625576757399e-04
7.856180769590459079e+00 5.255811744648525123e-04
7.866180769590458866e+00 2.492224498557705885e-04
7.876180769590458652e+00 -2.678675965623331448e-05
7.886180769590458439e+00 -3.024443025347865223e-04
7.896180769590458226e+00 -5.777479708876992123e-04
7.906180769590458013e+00 -8.526955093948527901e-04
7.916180769590457800e+00 -1.127284661494199359e-03
7.926180769590457587e+00 -1.401513170716606931e-03
7.936180769590457373e+00 -1.675378780832712661e-03
7.946180769590457160e+00 -1.948879236000805419e-03
7.956180769590456947e+00 -2.222012280915893184e-03
7.966180769590456734e+00 -2.494775660959824490e-03
7.976180769590456521e+00 -2.767167122352413421e-03
7.986180769590456308e+00 -2.865027945716846006e-03
7.996180769590456094e+00 -2.834584841850491463e-03
8.006180769590455881e+00 -2.804184176351022257e-03
8.016180769590455668e+00 -2.773826201254817568e-03
8.026180769590455455e+00 -2.743511168417945949e-03
8.036180769590455242e+00 -2.713239329498574361e-03
8.046180769590455029e+00 -2.683010935939266189e-03
8.056180769590454815e+00 -2.652826238949189050e-03
8.066180769590454602e+00 -2.622685489486226759e-03
8.076180769590454389e+00 -2.592588938239001519e-03
8.086180769590454176e+00 -2.562536835608800710e-03
8.096180769590453963e+00 -2.532529431691430809e-03
8.106180769590453750e+00 -2.502566976258976342e-03
8.116180769590453536e+00 -2.472649718741485540e-03
8.126180769590453323e+00 -2.442777908208577497e-03
8.136180769590453110e+00 -2.412951793350976912e-03
8.146180769590452897e+00 -2.333764097072751204e-03
8.156180769590452684e+00 -2.198996878938802753e-03
8.166180769590452471e+00 -2.064440143690553665e-03
8.176180769590452257e+00 -1.930095010789258537e-03
8.186180769590452044e+00 -1.795962597555869058e-03
8.196180769590451831e+00 -1.662044019085640945e-03
8.206180769590451618e+00 -1.528340388162503435e-03
8.216180769590451405e+00 -1.394852815173201104e-03
8.226180769590451192e+00 -1.261582408021246155e-03
8.236180769590450979e+00 -1.128530272040680765e-03
8.246180769590450765e+00 -9.956975099096468731e-04
8.256180769590450552e+00 -8.630852215638281375e-04
8.266180769590450339e+00 -7.306945041097227637e-04
8.276180769590450126e+00 -5.985264517377984761e-04
8.286180769590449913e+00 -4.665821556355454662e-04
8.296180769590449700e+00 -3.348627039004149048e-04
8.306180769590449486e+00 -2.033691839298939498e-04
8.316180769590449273e+00 -7.210272151001871806e-05
8.326180769590449060e+00 5.893552329621255944e-05
8.336180769590448847e+00 1.051787692706510199e-04
8.346180769590448634e+00 1.432250236505549015e-04
8.356180769590448421e+00 1.812037685614247950e-04
8.366180769590448207e+00 2.191146662090651988e-04
8.376180769590447994e+00 2.569573790168542377e-04
8.386180769590447781e+00 2.947315696628227265e-04
8.396180769590447568e+00 3.324369011168922319e-04
8.406180769590447355e+00 3.700730366782612368e-04
8.416180769590447142e+00 4.076396400129306242e-04
8.426180769590446928e+00 4.451363751913687519e-04
8.436180769590446715e+00 4.825629067262988264e-04
8.446180769590446502e+00 5.199188996106061337e-04
8.456180769590446289e+00 5.572040193553604677e-04
8.466180769590446076e+00 5.944179320279365701e-04
8.476180769590445863e+00 6.315603042902353473e-04
8.486180769590445649e+00 6.686308034369903589e-04
8.496180769590445436e+00 7.056290974341556223e-04
8.506180769590445223e+00 7.017460280305387729e-04
8.516180769590445010e+00 6.865096067141850458e-04
8.526180769590444797e+00 6.713034478242306535e-04
8.536180769590444584e+00 6.561276873672002149e-04
8.546180769590444370e+00 6.409824609923749257e-04
8.556180769590444157e+00 6.258679039757920112e-04
8.566180769590443944e+00 6.107841512042363726e-04
8.576180769590443731e+00 5.957313371592252950e-04
8.586180769590443518e+00 5.807095959009905524e-04
8.596180769590443305e+00 5.657190610524618149e-04
8.606180769590443091e+00 5.507598657832541746e-04
8.616180769590442878e+00 5.358321427936639124e-04
8.626180769590442665e+00 5.209360242986757570e-04
8.636180769590442452e+00 5.060716420119836965e-04
8.646180769590442239e+00 4.912391271300334738e-04
8.656180769590442026e+00 4.772785135616507048e-04
8.666180769590441813e+00 4.767442806923834816e-04
8.676180769590441599e+00 4.762112149394141249e-04
8.686180769590441386e+00 4.756793214388879416e-04
8.696180769590441173e+00 4.751486053384304216e-04
8.706180769590440960e+00 4.746190717826671217e-04
8.716180769590440747e+00 4.740907259123271927e-04
8.726180769590440534e+00 4.735635728633447389e-04
8.736180769590440320e+00 4.730376177659586590e-04
8.746180769590440107e+00 4.725128657438108066e-04
8.756180769590439894e+00 4.719893219130433921e-04
8.766180769590439681e+00 4.714669913813949206e-04
8.776180769590439468e+00 4.709458792472952628e-04
8.786180769590439255e+00 4.704259905989608337e-04
8.796180769590439041e+00 4.699073305134884165e-04
8.806180769590438828e+00 4.682388052814867281e-04
8.816180769590438615e+00 4.652581271420797655e-04
8.826180769590438402e+00 4.622846307383638624e-04
8.836180769590438189e+00 4.593183450784377848e-04
8.846180769590437976e+00 4.563592990800590440e-04
8.856180769590437762e+00 4.534075215654290473e-04
8.866180769590437549e+00 4.504630412559858374e-04
8.876180769590437336e+00 4.475258867672046378e-04
8.886180769590437123e+00 4.445960866034093500e-04
8.896180769590436910e+00 4.416736691525934813e-04
8.906180769590436697e+00 4.387586626812554945e-04
8.916180769590436483e+00 4.358510953292465159e-04
8.926180769590436270e+00 4.329509951046338736e-04
8.936180769590436057e+00 4.300583898785811693e-04
8.946180769590435844e+00 4.274466021998909191e-04
8.956180769590435631e+00 4.248692777396610503e-04
8.966180769590435418e+00 4.222987404472598088e-04
8.976180769590435204e+00 4.197350147545878701e-04
8.986180769590434991e+00 4.171781259096039060e-04
8.996180769590434778e+00 4.146281010776072776e-04
9.006180769590434565e+00 4.120849676576628811e-04
9.016180769590434352e+00 4.095487530266660636e-04
9.026180769590434139e+00 4.070194845318640133e-04
9.036180769590433925e+00 4.044971894833816490e-04
9.046180769590433712e+00 4.019818951467548826e-04
9.056180769590433499e+00 3.994736287354728804e-04
9.066180769590433286e+00 3.970929304337701086e-04
9.076180769590433073e+00 3.950624845494722756e-04
9.086180769590432860e+00 3.930378261775950848e-04
9.096180769590432647e+00 3.910189772423870854e-04
9.106180769590432433e+00 3.890059595955431561e-04
9.116180769590432220e+00 3.869987950102148837e-04
9.126180769590432007e+00 3.849975051750403497e-04
9.136180769590431794e+00 3.830021116881953845e-04
9.146180769590431581e+00 3.810126360514684020e-04
9.156180769590431368e+00 3.790290996643597382e-04
9.166180769590431154e+00 3.770515238182081479e-04
9.176180769590430941e+00 3.750799296903460341e-04
9.186180769590430728e+00 3.731389549133544621e-04
9.196180769590430515e+00 3.712362829380129654e-04
9.206180769590430302e+00 3.693394799698020712e-04
9.216180769590430089e+00 3.674485660722516100e-04
9.226180769590429875e+00 3.655635611702956261e-04
9.236180769590429662e+00 3.636844850447995959e-04
9.246180769590429449e+00 3.618113573312088617e-04
9.256180769590429236e+00 3.599441983404408135e-04
9.266180769590429023e+00 3.580830304298106693e-04
9.276180769590428810e+00 3.562278762684814712e-04
9.286180769590428596e+00 3.543787585019351712e-04
9.296180769590428383e+00 3.526507878019346153e-04
9.306180769590428170e+00 3.511454955870553073e-04
9.316180769590427957e+00 3.496452053104925017e-04
9.326180769590427744e+00 3.481499353741674069e-04
9.336180769590427531e+00 3.466597041222168880e-04
9.346180769590427317e+00 3.451745298334191214e-04
9.356180769590427104e+00 3.436944307136589861e-04
9.366180769590426891e+00 3.422194248884357390e-04
9.376180769590426678e+00 3.407495303954153048e-04
9.386180769590426465e+00 3.392847651770302710e-04
9.396180769590426252e+00 3.378251470731294306e-04
9.406180769590426038e+00 3.365828864858826769e-04
9.416180769590425825e+00 3.353590997228019822e-04
9.426180769590425612e+00 3.341397038746999606e-04
9.436180769590425399e+00 3.329247135981806675e-04
9.446180769590425186e+00 3.317141434328992272e-04
9.456180769590424973e+00 3.305080077956534736e-04
9.466180769590424759e+00 3.293063209745323476e-04
9.476180769590424546e+00 3.281090971231240901e-04
9.486180769590424333e+00 3.269163503823830047e-04
9.496180769590424120e+00 3.257691353165185198e-04
9.506180769590423907e+00 3.248573534947070949e-04
9.516180769590423694e+00 3.239490580640295211e-04
9.526180769590423481e+00 3.230442619229121574e-04
9.536180769590423267e+00 3.221429779410198645e-04
9.546180769590423054e+00 3.212452189513498942e-04
9.556180769590422841e+00 3.203509977423809100e-04
9.566180769590422628e+00 3.194603270502811517e-04
9.576180769590422415e+00 3.185732195511781282e-04
9.586180769590422202e+00 3.176896878534929826e-04
9.596180769590421988e+00 3.170516398234388025e-04
9.606180769590421775e+00 3.164324353090796444e-04
9.616180769590421562e+00 3.158157837638904831e-04
9.626180769590421349e+00 3.152016938521729622e-04
9.636180769590421136e+00 3.145901741640677791e-04
9.646180769590420923e+00 3.139812332104573080e-04
9.656180769590420709e+00 3.133748794179291018e-04
9.666180769590420496e+00 3.127711211238013008e-04
9.676180769590420283e+00 3.122397655753676574e-04
9.686180769590420070e+00 3.119136823924983904e-04
9.696180769590419857e+00 3.115890268380532382e-04
9.706180769590419644e+00 3.112658042769802700e-04
9.716180769590419430e+00 3.109440201694069531e-04
9.726180769590419217e+00 3.106236799664497338e-04
9.736180769590419004e+00 3.103047891053533963e-04
9.746180769590418791e+00 3.099873530046761208e-04
9.756180769590418578e+00 3.096894775352194659e-04
9.766180769590418365e+00 3.096323718658520281e-04
9.776180769590418151e+00 3.095755332599660543e-04
9.786180769590417938e+00 3.095189626792758139e-04
9.796180769590417725e+00 3.094626610778703282e-04
9.806180769590417512e+00 3.094066294013972916e-04
9.816180769590417299e+00 3.093508685862578884e-04
9.826180769590417086e+00 3.092953795588135909e-04
9.836180769590416872e+00 3.093308456642218304e-04
9.846180769590416659e+00 3.095348785066375885e-04
9.856180769590416446e+00 3.097378919825206477e-04
9.866180769590416233e+00 3.099398828206004382e-04
9.876180769590416020e+00 3.101408474029396841e-04
9.886180769590415807e+00 3.103407816128546663e-04
9.896180769590415593e+00 3.105396813023143451e-04
9.906180769590415380e+00 3.107553111912935611e-04
9.916180769590415167e+00 3.112297963782587463e-04
9.926180769590414954e+00 3.117017577562175849e-04
9.936180769590414741e+00 3.121711854931898491e-04
9.946180769590414528e+00 3.126380698295125175e-04
9.956180769590414315e+00 3.131024010896193066e-04
9.966180769590414101e+00 3.135641696936348035e-04
9.976180769590413888e+00 3.140758008686643315e-04
9.986180769590413675e+00 3.148088100303288086e-04
9.996180769590413462e+00 3.155376602985525002e-04
1.000618076959041325e+01 3.162623370889361797e-04
1.001618076959041304e+01 3.169828260589466098e-04
1.002618076959041282e+01 3.176991125039354841e-04
1.003618076959041261e+01 3.184111787799348103e-04
1.004618076959041240e+01 3.193433207372911456e-04
1.005618076959041218e+01 3.203648989135521124e-04
1.006618076959041197e+01 3.213802687283848301e-04
1.007618076959041176e+01 3.223894035237932841e-04
1.008618076959041154e+01 3.233922768400007762e-04
1.009618076959041133e+01 3.243888624593478610e-04
1.010618076959041112e+01 3.255757315445835759e-04
1.011618076959041090e+01 3.268963829950098611e-04
1.012618076959041069e+01 3.282084919436676317e-04
1.013618076959041048e+01 3.295120250673635618e-04
1.014618076959041026e+01 3.308069496452764819e-04
1.015618076959041005e+01 3.320932333871621286e-04
1.016618076959040984e+01 3.338485824602236405e-04
1.017618076959040962e+01 3.357057043475246937e-04
1.018618076959040941e+01 3.375500001954004911e-04
1.019618076959040920e+01 3.393814076221366555e-04
1.020618076959040899e+01 3.411998646653269522e-04
1.021618076959040877e+01 3.430475572609637436e-04
1.022618076959040856e+01 3.449557499667628251e-04
1.023618076959040835e+01 3.468499617031791001e-04
1.024618076959040813e+01 3.487301297387020984e-04
1.025618076959040792e+01 3.505961924961299324e-04
1.026618076959040771e+01 3.520843955539947902e-04
1.027618076959040749e+01 3.523620114648804758e-04
1.028618076959040728e+01 3.526374668905454769e-04
1.029618076959040707e+01 3.529107496471267169e-04
1.030618076959040685e+01 3.531818475981185284e-04
1.031618076959040664e+01 3.531757361181154706e-04
1.032618076959040643e+01 3.527584165449174818e-04
1.033618076959040621e+01 3.523445716663750854e-04
1.034618076959040600e+01 3.519342195870710016e-04
1.035618076959040579e+01 3.515273780576409898e-04
1.036618076959040557e+01 3.524300449027840043e-04
1.037618076959040536e+01 3.535571697570652331e-04
1.038618076959040515e+01 3.546742398310869827e-04
1.039618076959040494e+01 3.557811893728020001e-04
1.040618076959040472e+01 3.573665002677686915e-04
1.041618076959040451e+01 3.593194293244814899e-04
1.042618076959040430e+01 3.612538181293295471e-04
1.043618076959040408e+01 3.631695536261829753e-04
1.044618076959040387e+01 3.650960201269103675e-04
1.045618076959040366e+01 3.670304210893427172e-04
1.046618076959040344e+01 3.689452700579227192e-04
1.047618076959040323e+01 3.708404234330676822e-04
1.048618076959040302e+01 3.729200067772538889e-04
1.049618076959040280e+01 3.750580796487921185e-04
1.050618076959040259e+01 3.771729397494892177e-04
1.051618076959040238e+01 3.793129951765421152e-04
1.052618076959040216e+01 3.817387063593089989e-04
1.053618076959040195e+01 3.841366255519158596e-04
1.054618076959040174e+01 3.865065443576186626e-04
1.055618076959040152e+01 3.890239283529616757e-04
1.056618076959040131e+01 3.915642307608640919e-04
1.057618076959040110e+01 3.940729653184837618e-04
1.058618076959040089e+01 3.962894298182874342e-04
1.059618076959040067e+01 3.983016008757821755e-04
1.060618076959040046e+01 4.002871636992640352e-04
1.061618076959040025e+01 4.027196413376015198e-04
1.062618076959040003e+01 4.054122890799898319e-04
1.063618076959039982e+01 4.080667136354966767e-04
1.064618076959039961e+01 4.111844677592982398e-04
1.065618076959039939e+01 4.143696274030930098e-04
1.066618076959039918e+01 4.176843887474139603e-04
1.067618076959039897e+01 4.217470463937633826e-04
1.068618076959039875e+01 4.257442138301046459e-04
1.069618076959039854e+01 4.327197056070236311e-04
1.070618076959039833e+01 4.408216302007828750e-04
1.071618076959039811e+01 4.465970972014487333e-04
1.072618076959039790e+01 4.488148723107838437e-04
1.073618076959039769e+01 4.490597673313352699e-04
1.074618076959039747e+01 4.419725430217544097e-04
1.075618076959039726e+01 4.361713423965209212e-04
1.076618076959039705e+01 4.362249674182304068e-04
1.077618076959039684e+01 4.384309234266342732e-04
1.078618076959039662e+01 4.470779687696538958e-04
1.079618076959039641e+01 4.529654913523959965e-04
1.080618076959039620e+01 4.555652387782364475e-04
1.081618076959039598e+01 4.532247908452345783e-04
1.082618076959039577e+01 4.513992339158171148e-04
1.083618076959039556e+01 4.593949961733769286e-04
1.084618076959039534e+01 4.673906359649680070e-04
1.085618076959039513e+01 4.702292502233561548e-04
1.086618076959039492e+01 4.602913773216597989e-04
1.087618076959039470e+01 4.630925414987851194e-04
1.088618076959039449e+01 4.672102239582905732e-04
1.089618076959039428e+01 4.660641723214936378e-04
1.090618076959039406e+01 4.648266963391332169e-04
1.091618076959039385e+01 4.642997927488875251e-04
1.092618076959039364e+01 4.611068156360438120e-04
1.093618076959039342e+01 4.560680158444173696e-04
1.094618076959039321e+01 4.519956753175045656e-04
1.095618076959039300e+01 4.425710425970939854e-04
1.096618076959039279e+01 4.287043169648117858e-04
1.097618076959039257e+01 4.161770954802547755e-04
1.098618076959039236e+01 3.870958575253858301e-04
1.099618076959039215e+01 3.503683270527351446e-04
1.100618076959039193e+01 2.864539469266092170e-04
1.101618076959039172e+01 1.755897335017192452e-04
1.102618076959039151e+01 -1.648391597950914830e-03
1.103618076959039129e+01 -8.858389492081593722e-03
1.104618076959039108e+01 -2.477442804524084777e-03
1.105618076959039087e+01 1.382837392384203513e-03
1.106618076959039065e+01 -6.575587673223269158e-04
1.107618076959039044e+01 -5.074277898268160026e-04
1.108618076959039023e+01 3.118795154368974687e-05
1.109618076959039001e+01 4.994707354304221952e-04
1.110618076959038980e+01 7.650096627032180194e-04
1.111618076959038959e+01 -6.951150458968365174e-04
1.112618076959038937e+01 -6.926003740549675856e-04
1.113618076959038916e+01 -1.344440527667938663e-04
1.114618076959038895e+01 -7.604084328320216224e-06
1.115618076959038873e+01 5.997517867398937568e-05
1.116618076959038852e+01 2.597059916535767940e-04
1.117618076959038831e+01 1.283672415162527645e-03
1.118618076959038810e+01 1.333053917450651750e-03
1.119618076959038788e+01 -3.388702742245715358e-03
1.120618076959038767e+01 -7.041845604383140458e-03
1.121618076959038746e+01 -4.119596324247770669e-03
1.122618076959038724e+01 6.136604924553469564e-02
1.123618076959038703e+01 -3.129749504277029668e-03
1.124618076959038682e+01 5.808702633888982976e-04
1.125618076959038660e+01 -2.135022439853312231e-04
1.126618076959038639e+01 2.461541405562235629e-04
1.127618076959038618e+01 3.254194640686251848e-04
1.128618076959038596e+01 3.348014307676917215e-04
1.129618076959038575e+01 3.586427875312763022e-04
1.130618076959038554e+01 2.610083761787115181e-04
1.131618076959038532e+01 -2.625484526654502972e-03
1.132618076959038511e+01 1.802390400734179415e-03
1.133618076959038490e+01 -1.192062191208561380e-03
1.134618076959038468e+01 5.895744268750310272e-04
1.135618076959038447e+01 2.630637329942127020e-04
1.136618076959038426e+01 3.737200104306108222e-04
1.137618076959038405e+01 3.530986197481614133e-04
1.138618076959038383e+01 3.523682002697685811e-04
1.139618076959038362e+01 3.486904917504632362e-04
1.140618076959038341e+01 3.617353750008625211e-04
1.141618076959038319e+01 3.616175452210181312e-04
1.142618076959038298e+01 3.604970766047322565e-04
1.143618076959038277e+01 3.656412414582464005e-04
1.144618076959038255e+01 3.685234481302293173e-04
1.145618076959038234e+01 3.692227380050195598e-04
1.146618076959038213e+01 3.685253992998256526e-04
1.147618076959038191e+01 3.655526895119303528e-04
1.148618076959038170e+01 3.571345317676061855e-04
1.149618076959038149e+01 3.613060888247650207e-04
1.150618076959038127e+01 3.772927864252220817e-04
1.151618076959038106e+01 3.652528569496885568e-04
1.152618076959038085e+01 3.615311434308386088e-04
1.153618076959038063e+01 3.615263768776705452e-04
1.154618076959038042e+01 3.617663566629252870e-04
1.155618076959038021e+01 3.621552567354388076e-04
1.156618076959038000e+01 3.626894739317779062e-04
1.157618076959037978e+01 3.632579524940902417e-04
1.158618076959037957e+01 3.641973610887977745e-04
1.159618076959037936e+01 3.651929268866994688e-04
1.160618076959037914e+01 3.665315691358957649e-04
1.161618076959037893e+01 3.697839897143574998e-04
1.162618076959037872e+01 3.850439580442416017e-04
1.163618076959037850e+01 3.582305715105701688e-04
1.164618076959037829e+01 3.629562584183808230e-04
1.165618076959037808e+01 3.674224765099769370e-04
1.166618076959037786e+01 6.579882897908676670e-03
1.167618076959037765e+01 3.203799967443249114e-04
1.168618076959037744e+01 3.873840665388744568e-04
1.169618076959037722e+01 3.972677458075543622e-04
1.170618076959037701e+01 4.087544907882096571e-04
1.171618076959037680e+01 4.243120070496910032e-04
1.172618076959037658e+01 4.458832780283216108e-04
1.173618076959037637e+01 4.770177730445216693e-04
1.174618076959037616e+01 -1.816122941118139024e-03
1.175618076959037595e+01 5.827747885556496931e-04
1.176618076959037573e+01 6.162258585807538864e-04
1.177618076959037552e+01 4.162569222431357482e-04
1.177757949554328221e+01 3.511843771174688079e-04
